1747649596628 3.6905547785547785 0
1747649596642 0.0 0
1747649596653 0.0 0
1747649596684 0.0 0
1747649596694 0.0 0
1747649596708 0.0 0
1747649596717 0.0 0
1747649596730 0.0 0
1747649596742 0.0 0
1747649596753 0.0 0
1747649596774 0.0 0
1747649596785 0.0 0
1747649596797 0.0 0
1747649596810 0.0 0
1747649596822 0.0 0
1747649596833 0.0 0
1747649596865 0.0 0
1747649596886 0.0 0
1747649596912 0.0 0
1747649596923 0.0 0
1747649596931 0.0 0
1747649596942 0.0 0
1747649596957 0.0 0
1747649596971 0.0 0
1747649596985 0.0 0
1747649596996 0.0 0
1747649597004 0.0 0
1747649597015 0.0 0
1747649597036 0.0 0
1747649597050 0.0 0
1747649597062 0.0 0
1747649597073 0.0 0
1747649597086 0.0 0
1747649597097 0.0 0
1747649597109 0.0 0
1747649597117 0.0 0
1747649597129 0.0 0
1747649597146 0.0 0
1747649597154 0.0 0
1747649597162 0.0 0
1747649597172 0.0 0
1747649597180 0.0 0
1747649597204 0.0 0
1747649597214 0.0 0
1747649597225 0.0 0
1747649597236 0.0 0
1747649597247 0.0 0
1747649597264 0.0 0
1747649597275 0.0 0
1747649597287 0.0 0
1747649597298 0.0 0
1747649597318 0.0 0
1747649597330 0.0 0
1747649597345 0.0 0
1747649597355 0.0 0
1747649597363 0.0 0
1747649597382 0.0 0
1747649597396 0.0 0
1747649597413 0.0 0
1747649597424 0.0 0
1747649597435 0.0 0
1747649597446 0.0 0
1747649597463 0.0 0
1747649597473 0.0 0
1747649597485 0.0 0
1747649597498 0.0 0
1747649597512 0.0 0
1747649597524 0.0 0
1747649597552 0.0 0
1747649597565 0.0 0
1747649597578 0.0 0
1747649597591 0.0 0
1747649597615 0.0 0
1747649597641 0.0 0
1747649597656 0.0 0
1747649597673 0.0 0
1747649597686 0.0 0
1747649597706 0.0 0
1747649597728 0.0 0
1747649597740 0.0 0
1747649597765 0.0 0
1747649597799 0.0 0
1747649597814 0.0 0
1747649597829 0.0 0
1747649597840 0.0 0
1747649597851 0.0 0
1747649597885 0.0 0
1747649597895 0.0 0
1747649597913 0.0 0
1747649597924 0.0 0
1747649597937 0.0 0
1747649597950 0.0 0
1747649597964 0.0 0
1747649597974 0.0 0
1747649597988 0.0 0
1747649598000 0.0 0
1747649598015 0.0 0
1747649598027 0.0 0
1747649598040 0.0 0
1747649598050 0.0 0
1747649598060 0.0 0
1747649598073 0.0 0
1747649598087 0.0 0
1747649598100 0.0 0
1747649598113 0.0 0
1747649598125 0.0 0
1747649598150 0.0 0
1747649598162 0.0 0
1747649598177 0.0 0
1747649598190 0.0 0
1747649598210 0.0 0
1747649598231 0.0 0
1747649598243 0.0 0
1747649598253 0.0 0
1747649598265 0.0 0
1747649598278 0.0 0
1747649598291 0.0 0
1747649598307 0.0 0
1747649598322 0.0 0
1747649598334 0.0 0
1747649598346 0.0 0
1747649598354 0.0 0
1747649598366 0.0 0
1747649598382 0.0 0
1747649598391 0.0 0
1747649598403 0.0 0
1747649598410 0.0 0
1747649598421 0.0 0
1747649598430 0.0 0
1747649598438 0.0 0
1747649598459 0.0 0
1747649598470 0.0 0
1747649598482 0.0 0
1747649598494 0.0 0
1747649598508 0.0 0
1747649598519 0.0 0
1747649598527 0.0 0
1747649598555 0.0 0
1747649598564 0.0 0
1747649598571 0.0 0
1747649598586 0.0 0
1747649598597 0.0 0
1747649598614 0.0 0
1747649598625 0.0 0
1747649598637 0.0 0
1747649598646 0.0 0
1747649598660 0.0 0
1747649598671 0.0 0
1747649598706 0.0 0
1747649598717 0.0 0
1747649598724 0.0 0
1747649598735 0.0 0
1747649598746 0.0 0
1747649598781 0.0 0
1747649598799 0.0 0
1747649598808 0.0 0
1747649598820 0.0 0
1747649598831 0.0 0
1747649598838 0.0 0
1747649598850 0.0 0
1747649598860 0.0 0
1747649598875 0.0 0
1747649598885 0.0 0
1747649598897 0.0 0
1747649598910 0.0 0
1747649598917 0.0 0
1747649598929 0.0 0
1747649598938 0.0 0
1747649598948 0.0 0
1747649598960 0.0 0
1747649598977 0.0 0
1747649598988 0.0 0
1747649599004 0.0 0
1747649599021 0.0 0
1747649599033 0.0 0
1747649599047 0.0 0
1747649599081 0.0 0
1747649599098 0.0 0
1747649599121 0.0 0
1747649599176 0.0 0
1747649599211 0.0 0
1747649599230 0.0 0
1747649599253 0.0 0
1747649599265 0.0 0
1747649599279 0.0 0
1747649599292 0.0 0
1747649599306 0.0 0
1747649599316 0.0 0
1747649599331 0.0 0
1747649599347 0.0 0
1747649599359 0.0 0
1747649599369 0.0 0
1747649599383 0.0 0
1747649599392 0.0 0
1747649599411 0.0 0
1747649599421 0.0 0
1747649599431 0.0 0
1747649599443 0.0 0
1747649599458 0.0 0
1747649599465 0.0 0
1747649599477 0.0 0
1747649599491 0.0 0
1747649599503 0.0 0
1747649599521 0.0 0
1747649599531 0.0 0
1747649599539 0.0 0
1747649599548 0.0 0
1747649599560 0.0 0
1747649599567 0.0 0
1747649599576 0.0 0
1747649599587 0.0 0
1747649599596 0.0 0
1747649599606 0.0 0
1747649599618 0.0 0
1747649599636 0.0 0
1747649599647 0.0 0
1747649599658 0.0 0
1747649599672 0.0 0
1747649599683 0.0 0
1747649599697 0.0 0
1747649599710 0.0 0
1747649599722 0.0 0
1747649599733 0.0 0
1747649599740 0.0 0
1747649599752 0.0 0
1747649599773 0.0 0
1747649599789 0.0 0
1747649599800 0.0 0
1747649599808 0.0 0
1747649599820 0.0 0
1747649599832 0.0 0
1747649599852 0.0 0
1747649599864 0.0 0
1747649599875 0.0 0
1747649599887 0.0 0
1747649599898 0.0 0
1747649599916 0.0 0
1747649599933 0.0 0
1747649599943 0.0 0
1747649599952 0.0 0
1747649599964 0.0 0
1747649599973 0.0 0
1747649599984 0.0 0
1747649599996 0.0 0
1747649600007 0.0 0
1747649600024 0.0 0
1747649600039 0.0 0
1747649600049 0.0 0
1747649600061 0.0 0
1747649600074 0.0 0
1747649600085 0.0 0
1747649600097 0.0 0
1747649600111 0.0 0
1747649600127 0.0 0
1747649600140 0.0 0
1747649600157 0.0 0
1747649600170 0.0 0
1747649600185 0.0 0
1747649600198 0.0 0
1747649600212 0.0 0
1747649600226 0.0 0
1747649600235 0.0 0
1747649600244 0.0 0
1747649600257 0.0 0
1747649600265 0.0 0
1747649600297 0.0 0
1747649600309 0.0 0
1747649600349 0.0 0
1747649600360 0.0 0
1747649600374 0.0 0
1747649600386 0.0 0
1747649600405 0.0 0
1747649600416 0.0 0
1747649600428 0.0 0
1747649600443 0.0 0
1747649600451 0.0 0
1747649600471 0.0 0
1747649600491 0.0 0
1747649600502 0.0 0
1747649600513 0.0 0
1747649600527 0.0 0
1747649600568 0.0 0
1747649600580 0.0 0
1747649600592 0.0 0
1747649600604 0.0 0
1747649600632 0.0 0
1747649600646 0.0 0
1747649600663 0.0 0
1747649600675 0.0 0
1747649600697 0.0 0
1747649600708 0.0 0
1747649600720 0.0 0
1747649600741 0.0 0
1747649600753 0.0 0
1747649600765 0.0 0
1747649600776 0.0 0
1747649600791 0.0 0
1747649600806 0.0 0
1747649600821 0.0 0
1747649600831 0.0 0
1747649600842 0.0 0
1747649600854 0.0 0
1747649600865 0.0 0
1747649600876 0.0 0
1747649600892 0.0 0
1747649600905 0.0 0
1747649600913 0.0 0
1747649600921 0.0 0
1747649600930 0.0 0
1747649600941 0.0 0
1747649600954 0.0 0
1747649600971 0.0 0
1747649600982 0.0 0
1747649600997 0.0 0
1747649601006 0.0 0
1747649601015 0.0 0
1747649601034 0.0 0
1747649601045 0.0 0
1747649601064 0.0 0
1747649601075 0.0 0
1747649601094 0.0 0
1747649601105 0.0 0
1747649601116 0.0 0
1747649601128 0.0 0
1747649601142 0.0 0
1747649601154 0.0 0
1747649601165 0.0 0
1747649601177 0.0 0
1747649601187 0.0 0
1747649601206 0.0 0
1747649601218 0.0 0
1747649601229 0.0 0
1747649601240 0.0 0
1747649601257 0.0 0
1747649601268 0.0 0
1747649601280 0.0 0
1747649601322 0.0 0
1747649601335 0.0 0
1747649601347 0.0 0
1747649601360 0.0 0
1747649601375 0.0 0
1747649601389 0.0 0
1747649601406 0.0 0
1747649601416 0.0 0
1747649601425 0.0 0
1747649601437 0.0 0
1747649601448 0.0 0
1747649601460 0.0 0
1747649601468 0.0 0
1747649601476 0.0 0
1747649601485 0.0 0
1747649601492 0.0 0
1747649601502 0.0 0
1747649601513 0.0 0
1747649601524 0.0 0
1747649601533 0.0 0
1747649601558 0.0 0
1747649601570 0.0 0
1747649601581 0.0 0
1747649601590 0.0 0
1747649601601 0.0 0
1747649601612 0.0 0
1747649601628 0.0 0
1747649601639 0.0 0
1747649601650 0.0 0
1747649601662 0.0 0
1747649601673 0.0 0
1747649601688 0.0 0
1747649601704 0.0 0
1747649601717 0.0 0
1747649601740 0.0 0
1747649601752 0.0 0
1747649601771 0.0 0
1747649601780 0.0 0
1747649601798 0.0 0
1747649601808 0.0 0
1747649601818 0.0 0
1747649601829 0.0 0
1747649601841 0.0 0
1747649601853 0.0 0
1747649601866 0.0 0
1747649601876 0.0 0
1747649601888 0.0 0
1747649601900 0.0 0
1747649601917 0.0 0
1747649601928 0.0 0
1747649601945 0.0 0
1747649601961 0.0 0
1747649601977 0.0 0
1747649601992 0.0 0
1747649602003 0.0 0
1747649602011 0.0 0
1747649602026 0.0 0
1747649602038 0.0 0
1747649602049 0.0 0
1747649602063 0.0 0
1747649602082 0.0 0
1747649602098 0.0 0
1747649602109 0.0 0
1747649602126 0.0 0
1747649602149 0.0 0
1747649602173 0.0 0
1747649602184 0.0 0
1747649602195 0.0 0
1747649602207 0.0 0
1747649602226 0.0 0
1747649602252 0.0 0
1747649602263 0.0 0
1747649602271 0.0 0
1747649602282 0.0 0
1747649602294 0.0 0
1747649602301 0.0 0
1747649602312 0.0 0
1747649602323 0.0 0
1747649602340 0.0 0
1747649602350 0.0 0
1747649602360 0.0 0
1747649602373 0.0 0
1747649602381 0.0 0
1747649602398 0.0 0
1747649602409 0.0 0
1747649602423 0.0 0
1747649602435 0.0 0
1747649602446 0.0 0
1747649602456 0.0 0
1747649602481 0.0 0
1747649602491 0.0 0
1747649602510 0.0 0
1747649602521 0.0 0
1747649602529 0.0 0
1747649602540 0.0 0
1747649602551 0.0 0
1747649602564 0.0 0
1747649602572 0.0 0
1747649602584 0.0 0
1747649602592 0.0 0
1747649602607 0.0 0
1747649602615 0.0 0
1747649602624 0.0 0
1747649602635 0.0 0
1747649602647 0.0 0
1747649602658 0.0 0
1747649602672 0.0 0
1747649602679 0.0 0
1747649602688 0.0 0
1747649602699 0.0 0
1747649602711 0.0 0
1747649602718 0.0 0
1747649602730 0.0 0
1747649602742 0.0 0
1747649602753 0.0 0
1747649602765 0.0 0
1747649602777 0.0 0
1747649602789 0.0 0
1747649602800 0.0 0
1747649602816 0.0 0
1747649602830 0.0 0
1747649602845 0.0 0
1747649602856 0.0 0
1747649602873 0.0 0
1747649602884 0.0 0
1747649602899 0.0 0
1747649602906 0.0 0
1747649602913 0.0 0
1747649602925 0.0 0
1747649602936 0.0 0
1747649602946 0.0 0
1747649602957 0.0 0
1747649602968 0.0 0
1747649602978 0.0 0
1747649602997 0.0 0
1747649603008 0.0 0
1747649603020 0.0 0
1747649603034 0.0 0
1747649603045 0.0 0
1747649603059 0.0 0
1747649603086 0.0 0
1747649603101 0.0 0
1747649603116 0.0 0
1747649603129 0.0 0
1747649603144 0.0 0
1747649603154 0.0 0
1747649603168 0.0 0
1747649603180 0.0 0
1747649603192 0.0 0
1747649603204 0.0 0
1747649603215 0.0 0
1747649603227 0.0 0
1747649603248 0.0 0
1747649603263 0.0 0
1747649603274 0.0 0
1747649603289 0.0 0
1747649603300 0.0 0
1747649603311 0.0 0
1747649603320 0.0 0
1747649603328 0.0 0
1747649603339 0.0 0
1747649603350 0.0 0
1747649603362 0.0 0
1747649603373 0.0 0
1747649603385 0.0 0
1747649603397 0.0 0
1747649603419 0.0 0
1747649603433 0.0 0
1747649603444 0.0 0
1747649603453 0.0 0
1747649603464 0.0 0
1747649603474 0.0 0
1747649603485 0.0 0
1747649603496 0.0 0
1747649603507 0.0 0
1747649603518 0.0 0
1747649603529 0.0 0
1747649603547 0.0 0
1747649603568 0.0 0
1747649603584 0.0 0
1747649603599 0.0 0
1747649603619 0.0 0
1747649603634 0.0 0
1747649603647 0.0 0
1747649603665 0.0 0
1747649603680 0.0 0
1747649603692 0.0 0
1747649603704 0.0 0
1747649603716 0.0 0
1747649603724 0.0 0
1747649603737 0.0 0
1747649603750 0.0 0
1747649603760 0.0 0
1747649603772 0.0 0
1747649603783 0.0 0
1747649603796 0.0 0
1747649603808 0.0 0
1747649603827 0.0 0
1747649603844 0.0 0
1747649603855 0.0 0
1747649603872 0.0 0
1747649603882 0.0 0
1747649603903 0.0 0
1747649603919 0.0 0
1747649603933 0.0 0
1747649603947 0.0 0
1747649603956 0.0 0
1747649603968 0.0 0
1747649603979 0.0 0
1747649603997 0.0 0
1747649604009 0.0 0
1747649604021 0.0 0
1747649604032 0.0 0
1747649604043 0.0 0
1747649604052 0.0 0
1747649604066 0.0 0
1747649604078 0.0 0
1747649604091 0.0 0
1747649604103 0.0 0
1747649604114 0.0 0
1747649604125 0.0 0
1747649604132 0.0 0
1747649604144 0.0 0
1747649604155 0.0 0
1747649604167 0.0 0
1747649604177 0.0 0
1747649604192 0.0 0
1747649604220 0.0 0
1747649604232 0.0 0
1747649604246 0.0 0
1747649604258 0.0 0
1747649604272 0.0 0
1747649604289 0.0 0
1747649604301 0.0 0
1747649604312 0.0 0
1747649604326 0.0 0
1747649604337 0.0 0
1747649604348 0.0 0
1747649604366 0.0 0
1747649604377 0.0 0
1747649604392 0.0 0
1747649604399 0.0 0
1747649604410 0.0 0
1747649604419 0.0 0
1747649604437 0.0 0
1747649604448 0.0 0
1747649604463 0.0 0
1747649604479 0.0 0
1747649604495 0.0 0
1747649604507 0.0 0
1747649604518 0.0 0
1747649604525 0.0 0
1747649604532 0.0 0
1747649604543 0.0 0
1747649604554 0.0 0
1747649604568 0.0 0
1747649604579 0.0 0
1747649604591 0.0 0
1747649604602 0.0 0
1747649604612 0.0 0
1747649604624 0.0 0
1747649604636 0.0 0
1747649604648 0.0 0
1747649604659 0.0 0
1747649604668 0.0 0
1747649604701 0.0 0
1747649604712 0.0 0
1747649604754 0.0 0
1747649604781 0.0 0
1747649604798 0.0 0
1747649604813 0.0 0
1747649604822 0.0 0
1747649604834 0.0 0
1747649604846 0.0 0
1747649604856 0.0 0
1747649604867 0.0 0
1747649604879 0.0 0
1747649604891 0.0 0
1747649604903 0.0 0
1747649604916 0.0 0
1747649604928 0.0 0
1747649604939 0.0 0
1747649604947 0.0 0
1747649604962 0.0 0
1747649604980 0.0 0
1747649604991 0.0 0
1747649605005 0.0 0
1747649605017 0.0 0
1747649605040 0.0 0
1747649605058 0.0 0
1747649605080 0.0 0
1747649605094 0.0 0
1747649605106 0.0 0
1747649605114 0.0 0
1747649605131 0.0 0
1747649605147 0.0 0
1747649605159 0.0 0
1747649605170 0.0 0
1747649605184 0.0 0
1747649605195 0.0 0
1747649605204 0.0 0
1747649605221 0.0 0
1747649605236 0.0 0
1747649605250 0.0 0
1747649605280 0.0 0
1747649605299 0.0 0
1747649605311 0.0 0
1747649605323 0.0 0
1747649605330 0.0 0
1747649605340 0.0 0
1747649605348 0.0 0
1747649605357 0.0 0
1747649605367 0.0 0
1747649605376 0.0 0
1747649605386 0.0 0
1747649605397 0.0 0
1747649605408 0.0 0
1747649605442 0.0 0
1747649605450 0.0 0
1747649605461 0.0 0
1747649605472 0.0 0
1747649605483 0.0 0
1747649605491 0.0 0
1747649605500 0.0 0
1747649605508 0.0 0
1747649605516 0.0 0
1747649605527 0.0 0
1747649605537 0.0 0
1747649605546 0.0 0
1747649605563 0.0 0
1747649605580 0.0 0
1747649605591 0.0 0
1747649605607 0.0 0
1747649605618 0.0 0
1747649605627 0.0 0
1747649605643 0.0 0
1747649605653 0.0 0
1747649605665 0.0 0
1747649605675 0.0 0
1747649605684 0.0 0
1747649605695 0.0 0
1747649605716 0.0 0
1747649605739 0.0 0
1747649605750 0.0 0
1747649605762 0.0 0
1747649605784 0.0 0
1747649605800 0.0 0
1747649605813 0.0 0
1747649605825 0.0 0
1747649605843 0.0 0
1747649605855 0.0 0
1747649605867 0.0 0
1747649605879 0.0 0
1747649605890 0.0 0
1747649605918 0.0 0
1747649605939 0.0 0
1747649605952 0.0 0
1747649605962 0.0 0
1747649605974 0.0 0
1747649605986 0.0 0
1747649605997 0.0 0
1747649606005 0.0 0
1747649606016 0.0 0
1747649606032 0.0 0
1747649606040 0.0 0
1747649606052 0.0 0
1747649606067 0.0 0
1747649606078 0.0 0
1747649606090 0.0 0
1747649606105 0.0 0
1747649606128 0.0 0
1747649606138 0.0 0
1747649606155 0.0 0
1747649606165 0.0 0
1747649606177 0.0 0
1747649606189 0.0 0
1747649606202 0.0 0
1747649606213 0.0 0
1747649606241 0.0 0
1747649606257 0.0 0
1747649606269 0.0 0
1747649606291 0.0 0
1747649606305 0.0 0
1747649606324 0.0 0
1747649606335 0.0 0
1747649606346 0.0 0
1747649606362 0.0 0
1747649606377 0.0 0
1747649606389 0.0 0
1747649606399 0.0 0
1747649606420 0.0 0
1747649606439 0.0 0
1747649606452 0.0 0
1747649606466 0.0 0
1747649606487 0.0 0
1747649606500 0.0 0
1747649606521 0.0 0
1747649606533 0.0 0
1747649606561 0.0 0
1747649606574 0.0 0
1747649606589 0.0 0
1747649606601 0.0 0
1747649606616 0.0 0
1747649606628 0.0 0
1747649606640 0.0 0
1747649606651 0.0 0
1747649606664 0.0 0
1747649606689 0.0 0
1747649606705 0.0 0
1747649606716 0.0 0
1747649606728 0.0 0
1747649606744 0.0 0
1747649606756 0.0 0
1747649606768 0.0 0
1747649606780 0.0 0
1747649606792 0.0 0
1747649606803 0.0 0
1747649606815 0.0 0
1747649606825 0.0 0
1747649606834 0.0 0
1747649606847 0.0 0
1747649606856 0.0 0
1747649606866 0.0 0
1747649606883 0.0 0
1747649606900 0.0 0
1747649606918 0.0 0
1747649606931 0.0 0
1747649606942 0.0 0
1747649606962 0.0 0
1747649606974 0.0 0
1747649606987 0.0 0
1747649606998 0.0 0
1747649607009 0.0 0
1747649607021 0.0 0
1747649607037 0.0 0
1747649607049 0.0 0
1747649607056 0.0 0
1747649607074 0.0 0
1747649607117 0.0 0
1747649607130 0.0 0
1747649607142 0.0 0
1747649607157 0.0 0
1747649607172 0.0 0
1747649607181 0.0 0
1747649607191 0.0 0
1747649607202 0.0 0
1747649607210 0.0 0
1747649607231 0.0 0
1747649607250 0.0 0
1747649607262 0.0 0
1747649607276 0.0 0
1747649607289 0.0 0
1747649607300 0.0 0
1747649607312 0.0 0
1747649607330 0.0 0
1747649607343 0.0 0
1747649607358 0.0 0
1747649607375 0.0 0
1747649607385 0.0 0
1747649607396 0.0 0
1747649607414 0.0 0
1747649607426 0.0 0
1747649607436 0.0 0
1747649607451 0.0 0
1747649607474 0.0 0
1747649607490 0.0 0
1747649607502 0.0 0
1747649607514 0.0 0
1747649607526 0.0 0
1747649607538 0.0 0
1747649607551 0.0 0
1747649607563 0.0 0
1747649607573 0.0 0
1747649607590 0.0 0
1747649607601 0.0 0
1747649607616 0.0 0
1747649607626 0.0 0
1747649607638 0.0 0
1747649607650 0.0 0
1747649607664 0.0 0
1747649607676 0.0 0
1747649607684 0.0 0
1747649607696 0.0 0
1747649607711 0.0 0
1747649607730 0.0 0
1747649607742 0.0 0
1747649607755 0.0 0
1747649607774 0.0 0
1747649607790 0.0 0
1747649607801 0.0 0
1747649607813 0.0 0
1747649607825 0.0 0
1747649608798 0.0 0
1747649608810 0.0 0
1747649608832 0.0 0
1747649608843 0.0 0
1747649608874 0.0 0
1747649608888 0.0 0
1747649608909 0.0 0
1747649608924 0.0 0
1747649608943 0.0 0
1747649608960 0.0 0
1747649608971 0.0 0
1747649608995 0.0 0
1747649609025 0.0 0
1747649609037 0.0 0
1747649609050 0.0 0
1747649609061 0.0 0
1747649609081 0.0 0
1747649609109 0.0 0
1747649609119 0.0 0
1747649609128 0.0 0
1747649609139 0.0 0
1747649609151 0.0 0
1747649609167 0.0 0
1747649609184 0.0 0
1747649609227 0.0 0
1747649609246 0.0 0
1747649609256 0.0 0
1747649609280 0.0 0
1747649609292 0.0 0
1747649609302 0.0 0
1747649609314 0.0 0
1747649609326 0.0 0
1747649609333 0.0 0
1747649609340 0.0 0
1747649609357 0.0 0
1747649609368 0.0 0
1747649609380 0.0 0
1747649609392 0.0 0
1747649609416 0.0 0
1747649609440 0.0 0
1747649609452 0.0 0
1747649609482 0.0 0
1747649609494 0.0 0
1747649609514 0.0 0
1747649609525 0.0 0
1747649609536 0.0 0
1747649609558 0.0 0
1747649609586 0.0 0
1747649609597 0.0 0
1747649609615 0.0 0
1747649609629 0.0 0
1747649609642 0.0 0
1747649609654 0.0 0
1747649609666 0.0 0
1747649609693 0.0 0
1747649609704 0.0 0
1747649609720 0.0 0
1747649609731 0.0 0
1747649609747 0.0 0
1747649609763 0.0 0
1747649609785 0.0 0
1747649609801 0.0 0
1747649609817 0.0 0
1747649609829 0.0 0
1747649609842 0.0 0
1747649609854 0.0 0
1747649609866 0.0 0
1747649609892 0.0 0
1747649609901 0.0 0
1747649609909 0.0 0
1747649609920 0.0 0
1747649609931 0.0 0
1747649609941 0.0 0
1747649609961 0.0 0
1747649609976 0.0 0
1747649609983 0.0 0
1747649609997 0.0 0
1747649610054 0.0 0
1747649610067 0.0 0
1747649610094 0.0 0
1747649610107 0.0 0
1747649610120 0.0 0
1747649610133 0.0 0
1747649610147 0.0 0
1747649610160 0.0 0
1747649610190 0.0 0
1747649610215 0.0 0
1747649610254 0.0 0
1747649610267 0.0 0
1747649610287 0.0 0
1747649610306 0.0 0
1747649610342 0.0 0
1747649610360 0.0 0
1747649610373 0.0 0
1747649610393 0.0 0
1747649610407 0.0 0
1747649610420 0.0 0
1747649610451 0.0 0
1747649610464 0.0 0
1747649610476 0.0 0
1747649610490 0.0 0
1747649610504 0.0 0
1747649610516 0.0 0
1747649610531 0.0 0
1747649610542 0.0 0
1747649610549 0.0 0
1747649610562 0.0 0
1747649610571 0.0 0
1747649610582 0.0 0
1747649610600 0.0 0
1747649610611 0.0 0
1747649610623 0.0 0
1747649610672 0.0 0
1747649610687 0.0 0
1747649610704 0.0 0
1747649610738 0.0 0
1747649610749 0.0 0
1747649610759 0.0 0
1747649610770 0.0 0
1747649610809 0.0 0
1747649610834 0.0 0
1747649610850 0.0 0
1747649610868 0.0 0
1747649610880 0.0 0
1747649610891 0.0 0
1747649610917 0.0 0
1747649610935 0.0 0
1747649610947 0.0 0
1747649610983 0.0 0
1747649610994 0.0 0
1747649611025 0.0 0
1747649611037 0.0 0
1747649611054 0.0 0
1747649611067 0.0 0
1747649611089 0.0 0
1747649611118 0.0 0
1747649611131 0.0 0
1747649611146 0.0 0
1747649611163 0.0 0
1747649611178 0.0 0
1747649611204 0.0 0
1747649611217 0.0 0
1747649611234 0.0 0
1747649611267 0.0 0
1747649611279 0.0 0
1747649611305 0.0 0
1747649611323 0.0 0
1747649611334 0.0 0
1747649611350 0.0 0
1747649611361 0.0 0
1747649611384 0.0 0
1747649611394 0.0 0
1747649611445 0.0 0
1747649611464 0.0 0
1747649611494 0.0 0
1747649611508 0.0 0
1747649611518 0.0 0
1747649611535 0.0 0
1747649611546 0.0 0
1747649611554 0.0 0
1747649611584 0.0 0
1747649611607 0.0 0
1747649611627 0.0 0
1747649611643 0.0 0
1747649611655 0.0 0
1747649611667 0.0 0
1747649611679 0.0 0
1747649611698 0.0 0
1747649611709 0.0 0
1747649611722 0.0 0
1747649611743 0.0 0
1747649611758 0.0 0
1747649611772 0.0 0
1747649611789 0.0 0
1747649611800 0.0 0
1747649611808 0.0 0
1747649611821 0.0 0
1747649611846 0.0 0
1747649611897 0.0 0
1747649611909 0.0 0
1747649611921 0.0 0
1747649611938 0.0 0
1747649611948 0.0 0
1747649611957 0.0 0
1747649611966 0.0 0
1747649611987 0.0 0
1747649612003 0.0 0
1747649612016 0.0 0
1747649612030 0.0 0
1747649612041 0.0 0
1747649612050 0.0 0
1747649612058 0.0 0
1747649612072 0.0 0
1747649612091 0.0 0
1747649612107 0.0 0
1747649612123 0.0 0
1747649612184 0.0 0
1747649612196 0.0 0
1747649612230 0.0 0
1747649612241 0.0 0
1747649612277 0.0 0
1747649612289 0.0 0
1747649612319 0.0 0
1747649612331 0.0 0
1747649612342 0.0 0
1747649612360 0.0 0
1747649612371 0.0 0
1747649612382 0.0 0
1747649612391 0.0 0
1747649612404 0.0 0
1747649612413 0.0 0
1747649612429 0.0 0
1747649612438 0.0 0
1747649612454 0.0 0
1747649612463 0.0 0
1747649612471 0.0 0
1747649612479 0.0 0
1747649612509 0.0 0
1747649612532 0.0 0
1747649612545 0.0 0
1747649612555 0.0 0
1747649612568 0.0 0
1747649612576 0.0 0
1747649612598 0.0 0
1747649612609 0.0 0
1747649612622 0.0 0
1747649612637 0.0 0
1747649612648 0.0 0
1747649612660 0.0 0
1747649612672 0.0 0
1747649612695 0.0 0
1747649612707 0.0 0
1747649612725 0.0 0
1747649612736 0.0 0
1747649612750 0.0 0
1747649612777 0.0 0
1747649612788 0.0 0
1747649612799 0.0 0
1747649612811 0.0 0
1747649612836 0.0 0
1747649612851 0.0 0
1747649612862 0.0 0
1747649612871 0.0 0
1747649612883 0.0 0
1747649612896 0.0 0
1747649612914 0.0 0
1747649612931 0.0 0
1747649612989 0.0 0
1747649613008 0.0 0
1747649613020 0.0 0
1747649613032 0.0 0
1747649613055 0.0 0
1747649613072 0.0 0
1747649613088 0.0 0
1747649613110 0.0 0
1747649613124 0.0 0
1747649613137 0.0 0
1747649613155 0.0 0
1747649613169 0.0 0
1747649613177 0.0 0
1747649613189 0.0 0
1747649613205 0.0 0
1747649613216 0.0 0
1747649613229 0.0 0
1747649613242 0.0 0
1747649613262 0.0 0
1747649613280 0.0 0
1747649613292 0.0 0
1747649613316 0.0 0
1747649613330 0.0 0
1747649613341 0.0 0
1747649613356 0.0 0
1747649613366 0.0 0
1747649613390 0.0 0
1747649613414 0.0 0
1747649613429 0.0 0
1747649613443 0.0 0
1747649613455 0.0 0
1747649613472 0.0 0
1747649613484 0.0 0
1747649613497 0.0 0
1747649613511 0.0 0
1747649613524 0.0 0
1747649613536 0.0 0
1747649613545 0.0 0
1747649613560 0.0 0
1747649613588 0.0 0
1747649613605 0.0 0
1747649613614 0.0 0
1747649613631 0.0 0
1747649613646 0.0 0
1747649613663 0.0 0
1747649613671 0.0 0
1747649613682 0.0 0
1747649613711 0.0 0
1747649613723 0.0 0
1747649613735 0.0 0
1747649613753 0.0 0
1747649613762 0.0 0
1747649613771 0.0 0
1747649613782 0.0 0
1747649613791 0.0 0
1747649613813 0.0 0
1747649613821 0.0 0
1747649613837 0.0 0
1747649613864 0.0 0
1747649613880 0.0 0
1747649613891 0.0 0
1747649613899 0.0 0
1747649613912 0.0 0
1747649613936 0.0 0
1747649613955 0.0 0
1747649613990 0.0 0
1747649614003 0.0 0
1747649614049 0.0 0
1747649614056 0.0 0
1747649614070 0.0 0
1747649614084 0.0 0
1747649614096 0.0 0
1747649614111 0.0 0
1747649614123 0.0 0
1747649614149 0.0 0
1747649614161 0.0 0
1747649614173 0.0 0
1747649614185 0.0 0
1747649614197 0.0 0
1747649614209 0.0 0
1747649614221 0.0 0
1747649614229 0.0 0
1747649614245 0.0 0
1747649614257 0.0 0
1747649614278 0.0 0
1747649614289 0.0 0
1747649614314 0.0 0
1747649614341 0.0 0
1747649614349 0.0 0
1747649614393 0.0 0
1747649614426 0.0 0
1747649614441 0.0 0
1747649614462 0.0 0
1747649614477 0.0 0
1747649614494 0.0 0
1747649614508 0.0 0
1747649614521 0.0 0
1747649614548 0.0 0
1747649614588 0.0 0
1747649614606 0.0 0
1747649614641 0.0 0
1747649614648 0.0 0
1747649614660 0.0 0
1747649614699 0.0 0
1747649614713 0.0 0
1747649614731 0.0 0
1747649614743 0.0 0
1747649614756 0.0 0
1747649614766 0.0 0
1747649614774 0.0 0
1747649614789 0.0 0
1747649614800 0.0 0
1747649614812 0.0 0
1747649614826 0.0 0
1747649614849 0.0 0
1747649614860 0.0 0
1747649614871 0.0 0
1747649614899 0.0 0
1747649614915 0.0 0
1747649614944 0.0 0
1747649614957 0.0 0
1747649614966 0.0 0
1747649614978 0.0 0
1747649614992 0.0 0
1747649615004 0.0 0
1747649615012 0.0 0
1747649615024 0.0 0
1747649615037 0.0 0
1747649615050 0.0 0
1747649615058 0.0 0
1747649615092 0.0 0
1747649615113 0.0 0
1747649615125 0.0 0
1747649615152 0.0 0
1747649615175 0.0 0
1747649615205 0.0 0
1747649615216 0.0 0
1747649615228 0.0 0
1747649615239 0.0 0
1747649615247 0.0 0
1747649615259 0.0 0
1747649615291 0.0 0
1747649615306 0.0 0
1747649615313 0.0 0
1747649615321 0.0 0
1747649615334 0.0 0
1747649615346 0.0 0
1747649615358 0.0 0
1747649615372 0.0 0
1747649615384 0.0 0
1747649615400 0.0 0
1747649615412 0.0 0
1747649615423 0.0 0
1747649615435 0.0 0
1747649615453 0.0 0
1747649615464 0.0 0
1747649615472 0.0 0
1747649615487 0.0 0
1747649615504 0.0 0
1747649615516 0.0 0
1747649615527 0.0 0
1747649615539 0.0 0
1747649615563 0.0 0
1747649615587 0.0 0
1747649615598 0.0 0
1747649615626 0.0 0
1747649615642 0.0 0
1747649615650 0.0 0
1747649615661 0.0 0
1747649615673 0.0 0
1747649615689 0.0 0
1747649615702 0.0 0
1747649615710 0.0 0
1747649615731 0.0 0
1747649615755 0.0 0
1747649615773 0.0 0
1747649615785 0.0 0
1747649615796 0.0 0
1747649615806 0.0 0
1747649615823 0.0 0
1747649615854 0.0 0
1747649615865 0.0 0
1747649615888 0.0 0
1747649615902 0.0 0
1747649615916 0.0 0
1747649615929 0.0 0
1747649615949 0.0 0
1747649615961 0.0 0
1747649615980 0.0 0
1747649616005 0.0 0
1747649616018 0.0 0
1747649616035 0.0 0
1747649616056 0.0 0
1747649616078 0.0 0
1747649616087 0.0 0
1747649616104 0.0 0
1747649616115 0.0 0
1747649616134 0.0 0
1747649616160 0.0 0
1747649616183 0.0 0
1747649616195 0.0 0
1747649616208 0.0 0
1747649616223 0.0 0
1747649616252 0.0 0
1747649616268 0.0 0
1747649616279 0.0 0
1747649616288 0.0 0
1747649616299 0.0 0
1747649616308 0.0 0
1747649616324 0.0 0
1747649616343 0.0 0
1747649616375 0.0 0
1747649616387 0.0 0
1747649616408 0.0 0
1747649616424 0.0 0
1747649616439 0.0 0
1747649616450 0.0 0
1747649616462 0.0 0
1747649616471 0.0 0
1747649616480 0.0 0
1747649616492 0.0 0
1747649616501 0.0 0
1747649616514 0.0 0
1747649616524 0.0 0
1747649616551 0.0 0
1747649616563 0.0 0
1747649616586 0.0 0
1747649616598 0.0 0
1747649616626 0.0 0
1747649616647 0.0 0
1747649616658 0.0 0
1747649616669 0.0 0
1747649616691 0.0 0
1747649616721 0.0 0
1747649616731 0.0 0
1747649616741 0.0 0
1747649616752 0.0 0
1747649616762 0.0 0
1747649616771 0.0 0
1747649616784 0.0 0
1747649616796 0.0 0
1747649616812 0.0 0
1747649616824 0.0 0
1747649616833 0.0 0
1747649616855 0.0 0
1747649616877 0.0 0
1747649616888 0.0 0
1747649616926 0.0 0
1747649616944 0.0 0
1747649616967 0.0 0
1747649616984 0.0 0
1747649617029 0.0 0
1747649617059 0.0 0
1747649617071 0.0 0
1747649617083 0.0 0
1747649617097 0.0 0
1747649617107 0.0 0
1747649617116 0.0 0
1747649617126 0.0 0
1747649617137 0.0 0
1747649617149 0.0 0
1747649617156 0.0 0
1747649617168 0.0 0
1747649617180 0.0 0
1747649617210 0.0 0
1747649617221 0.0 0
1747649617235 0.0 0
1747649617248 0.0 0
1747649617266 0.0 0
1747649617274 0.0 0
1747649617282 0.0 0
1747649617293 0.0 0
1747649617320 0.0 0
1747649617332 0.0 0
1747649617347 0.0 0
1747649617376 0.0 0
1747649617395 0.0 0
1747649617415 0.0 0
1747649617431 0.0 0
1747649617455 0.0 0
1747649617473 0.0 0
1747649617485 0.0 0
1747649617496 0.0 0
1747649617507 0.0 0
1747649617516 0.0 0
1747649617529 0.0 0
1747649617565 0.0 0
1747649617590 0.0 0
1747649617608 0.0 0
1747649617652 0.0 0
1747649617668 0.0 0
1747649617719 0.0 0
1747649617727 0.0 0
1747649617738 0.0 0
1747649617772 0.0 0
1747649617788 0.0 0
1747649617799 0.0 0
1747649617830 0.0 0
1747649617846 0.0 0
1747649617857 0.0 0
1747649617871 0.0 0
1747649617890 0.0 0
1747649617902 0.0 0
1747649617914 0.0 0
1747649617924 0.0 0
1747649617932 0.0 0
1747649617950 0.0 0
1747649617971 0.0 0
1747649617985 0.0 0
1747649618020 0.0 0
1747649618046 0.0 0
1747649618058 0.0 0
1747649618069 0.0 0
1747649618081 0.0 0
1747649618097 0.0 0
1747649618119 0.0 0
1747649618133 0.0 0
1747649618150 0.0 0
1747649618175 0.0 0
1747649618190 0.0 0
1747649618202 0.0 0
1747649618242 0.0 0
1747649618253 0.0 0
1747649618281 0.0 0
1747649618313 0.0 0
1747649618323 0.0 0
1747649618335 0.0 0
1747649618356 0.0 0
1747649618366 0.0 0
1747649618384 0.0 0
1747649618396 0.0 0
1747649618409 0.0 0
1747649618428 0.0 0
1747649618446 0.0 0
1747649618470 0.0 0
1747649618481 0.0 0
1747649618494 0.0 0
1747649618505 0.0 0
1747649618536 0.0 0
1747649618552 0.0 0
1747649618588 0.0 0
1747649618620 0.0 0
1747649618632 0.0 0
1747649618663 0.0 0
1747649618690 0.0 0
1747649618721 0.0 0
1747649618754 0.0 0
1747649618789 0.0 0
1747649618812 0.0 0
1747649618824 0.0 0
1747649618848 0.0 0
1747649618860 0.0 0
1747649618871 0.0 0
1747649618887 0.0 0
1747649618901 0.0 0
1747649618923 0.0 0
1747649618944 0.0 0
1747649618963 0.0 0
1747649618982 0.0 0
1747649619006 0.0 0
1747649619018 0.0 0
1747649619048 0.0 0
1747649619068 0.0 0
1747649619086 0.0 0
1747649619103 0.0 0
1747649619124 0.0 0
1747649619135 0.0 0
1747649619147 0.0 0
1747649619158 0.0 0
1747649619180 0.0 0
1747649619202 0.0 0
1747649619219 0.0 0
1747649619230 0.0 0
1747649619248 0.0 0
1747649619261 0.0 0
1747649619286 0.0 0
1747649619297 0.0 0
1747649619318 0.0 0
1747649619340 0.0 0
1747649619349 0.0 0
1747649619360 0.0 0
1747649619371 0.0 0
1747649619387 0.0 0
1747649619399 0.0 0
1747649619414 0.0 0
1747649619432 0.0 0
1747649619473 0.0 0
1747649619485 0.0 0
1747649619513 0.0 0
1747649619524 0.0 0
1747649619539 0.0 0
1747649619550 0.0 0
1747649619578 0.0 0
1747649619592 0.0 0
1747649619603 0.0 0
1747649619625 0.0 0
1747649619642 0.0 0
1747649619667 0.0 0
1747649619681 0.0 0
1747649619697 0.0 0
1747649619709 0.0 0
1747649619720 0.0 0
1747649619732 0.0 0
1747649619747 0.0 0
1747649619764 0.0 0
1747649619779 0.0 0
1747649619796 0.0 0
1747649619816 0.0 0
1747649619833 0.0 0
1747649619845 0.0 0
1747649619863 0.0 0
1747649619884 0.0 0
1747649619905 0.0 0
1747649619916 0.0 0
1747649619940 0.0 0
1747649619949 0.0 0
1747649619970 0.0 0
1747649619978 0.0 0
1747649619989 0.0 0
1747649619998 0.0 0
1747649620009 0.0 0
1747649620021 0.0 0
1747649620036 0.0 0
1747649620057 0.0 0
1747649620094 0.0 0
1747649620105 0.0 0
1747649620113 0.0 0
1747649620125 0.0 0
1747649620143 0.0 0
1747649620150 0.0 0
1747649620162 0.0 0
1747649620194 0.0 0
1747649620211 0.0 0
1747649620234 0.0 0
1747649620255 0.0 0
1747649620267 0.0 0
1747649620297 0.0 0
1747649620307 0.0 0
1747649620329 0.0 0
1747649620341 0.0 0
1747649620371 0.0 0
1747649620412 0.0 0
1747649620429 0.0 0
1747649620442 0.0 0
1747649620460 0.0 0
1747649620569 0.0 0
1747649620576 0.0 0
1747649620590 0.0 0
1747649620609 0.0 0
1747649620618 0.0 0
1747649620630 0.0 0
1747649620639 0.0 0
1747649620675 0.0 0
1747649620687 0.0 0
1747649620698 0.0 0
1747649620714 0.0 0
1747649620730 0.0 0
1747649620751 0.0 0
1747649620771 0.0 0
1747649620782 0.0 0
1747649620793 0.0 0
1747649620807 0.0 0
1747649620822 0.0 0
1747649620849 0.0 0
1747649620869 0.0 0
1747649620886 0.0 0
1747649620913 0.0 0
1747649620928 0.0 0
1747649620940 0.0 0
1747649620951 0.0 0
1747649620962 0.0 0
1747649620992 0.0 0
1747649621002 0.0 0
1747649621009 0.0 0
1747649621017 0.0 0
1747649621028 0.0 0
1747649621040 0.0 0
1747649621085 0.0 0
1747649621104 0.0 0
1747649621125 0.0 0
1747649621136 0.0 0
1747649621151 0.0 0
1747649621162 0.0 0
1747649621174 0.0 0
1747649621183 0.0 0
1747649621191 0.0 0
1747649621201 0.0 0
1747649621224 0.0 0
1747649621235 0.0 0
1747649621248 0.0 0
1747649621270 0.0 0
1747649621283 0.0 0
1747649621300 0.0 0
1747649621323 0.0 0
1747649621334 0.0 0
1747649621346 0.0 0
1747649621358 0.0 0
1747649621373 0.0 0
1747649621385 0.0 0
1747649621392 0.0 0
1747649621400 0.0 0
1747649621427 0.0 0
1747649621446 0.0 0
1747649621466 0.0 0
1747649621485 0.0 0
1747649621497 0.0 0
1747649621509 0.0 0
1747649621526 0.0 0
1747649621544 0.0 0
1747649621555 0.0 0
1747649621577 0.0 0
1747649621585 0.0 0
1747649621596 0.0 0
1747649621607 0.0 0
1747649621619 0.0 0
1747649621643 0.0 0
1747649621656 0.0 0
1747649621669 0.0 0
1747649621676 0.0 0
1747649621714 0.0 0
1747649621726 0.0 0
1747649621736 0.0 0
1747649621752 0.0 0
1747649621767 0.0 0
1747649621784 0.0 0
1747649621795 0.0 0
1747649621809 0.0 0
1747649621835 0.0 0
1747649621845 0.0 0
1747649621856 0.0 0
1747649621881 0.0 0
1747649621893 0.0 0
1747649621905 0.0 0
1747649621917 0.0 0
1747649621933 0.0 0
1747649621948 0.0 0
1747649621961 0.0 0
1747649621978 0.0 0
1747649621996 0.0 0
1747649622009 0.0 0
1747649622024 0.0 0
1747649622035 0.0 0
1747649622046 0.0 0
1747649622074 0.0 0
1747649622100 0.0 0
1747649622125 0.0 0
1747649622140 0.0 0
1747649622152 0.0 0
1747649622182 0.0 0
1747649622202 0.0 0
1747649622215 0.0 0
1747649622253 0.0 0
1747649622291 0.0 0
1747649622303 0.0 0
1747649622332 0.0 0
1747649622359 0.0 0
1747649622371 0.0 0
1747649622379 0.0 0
1747649622390 0.0 0
1747649622397 0.0 0
1747649622414 0.0 0
1747649622425 0.0 0
1747649622434 0.0 0
1747649622478 0.0 0
1747649622489 0.0 0
1747649622512 0.0 0
1747649622524 0.0 0
1747649622546 0.0 0
1747649622560 0.0 0
1747649622574 0.0 0
1747649622596 0.0 0
1747649622632 0.0 0
1747649622671 0.0 0
1747649622685 0.0 0
1747649622696 0.0 0
1747649622721 0.0 0
1747649622738 0.0 0
1747649622756 0.0 0
1747649622771 0.0 0
1747649622783 0.0 0
1747649622797 0.0 0
1747649622815 0.0 0
1747649622826 0.0 0
1747649622841 0.0 0
1747649622852 0.0 0
1747649622865 0.0 0
1747649622879 0.0 0
1747649622900 0.0 0
1747649622915 0.0 0
1747649622925 0.0 0
1747649622937 0.0 0
1747649622990 0.0 0
1747649623011 0.0 0
1747649623046 0.0 0
1747649623059 0.0 0
1747649623081 0.0 0
1747649623093 0.0 0
1747649623109 0.0 0
1747649623127 0.0 0
1747649623146 0.0 0
1747649623157 0.0 0
1747649623168 0.0 0
1747649623197 0.0 0
1747649623213 0.0 0
1747649623227 0.0 0
1747649623238 0.0 0
1747649623250 0.0 0
1747649623278 0.0 0
1747649623289 0.0 0
1747649623300 0.0 0
1747649623315 0.0 0
1747649623331 0.0 0
1747649623339 0.0 0
1747649623357 0.0 0
1747649623391 0.0 0
1747649623415 0.0 0
1747649623427 0.0 0
1747649623438 0.0 0
1747649623449 0.0 0
1747649623460 0.0 0
1747649623475 0.0 0
1747649623493 0.0 0
1747649623510 0.0 0
1747649623521 0.0 0
1747649623536 0.0 0
1747649623552 0.0 0
1747649623584 0.0 0
1747649623621 0.0 0
1747649623633 0.0 0
1747649623648 0.0 0
1747649623656 0.0 0
1747649623675 0.0 0
1747649623685 0.0 0
1747649623696 0.0 0
1747649623707 0.0 0
1747649623737 0.0 0
1747649623749 0.0 0
1747649623821 0.0 0
1747649623829 0.0 0
1747649623842 0.0 0
1747649623855 0.0 0
1747649623867 0.0 0
1747649623876 0.0 0
1747649623893 0.0 0
1747649623905 0.0 0
1747649623931 0.0 0
1747649623950 0.0 0
1747649623970 0.0 0
1747649623982 0.0 0
1747649623993 0.0 0
1747649624021 0.0 0
1747649624032 0.0 0
1747649624039 0.0 0
1747649624051 0.0 0
1747649624068 0.0 0
1747649624077 0.0 0
1747649624087 0.0 0
1747649624096 0.0 0
1747649624108 0.0 0
1747649624122 0.0 0
1747649624132 0.0 0
1747649624144 0.0 0
1747649624157 0.0 0
1747649624175 0.0 0
1747649624188 0.0 0
1747649624205 0.0 0
1747649625137 0.0 0
1747649625147 0.0 0
1747649625213 0.0 0
1747649625230 0.0 0
1747649625257 0.0 0
1747649625271 0.0 0
1747649625327 0.0 0
1747649625367 0.0 0
1747649625379 0.0 0
1747649625423 0.0 0
1747649625457 0.0 0
1747649625492 0.0 0
1747649625504 0.0 0
1747649625516 0.0 0
1747649625530 0.0 0
1747649625588 0.0 0
1747649625650 0.0 0
1747649625660 0.0 0
1747649625681 0.0 0
1747649625698 0.0 0
1747649625739 0.0 0
1747649625764 0.0 0
1747649625804 0.0 0
1747649625852 0.0 0
1747649625874 0.0 0
1747649625895 0.0 0
1747649625906 0.0 0
1747649625929 0.0 0
1747649625954 0.0 0
1747649625973 0.0 0
1747649625988 0.0 0
1747649626022 0.0 0
1747649626036 0.0 0
1747649626052 0.0 0
1747649626083 0.0 0
1747649626110 0.0 0
1747649626125 0.0 0
1747649626147 0.0 0
1747649626188 0.0 0
1747649626205 0.0 0
1747649626222 0.0 0
1747649626255 0.0 0
1747649626308 0.0 0
1747649626325 0.0 0
1747649626348 0.0 0
1747649626360 0.0 0
1747649626403 0.0 0
1747649626433 0.0 0
1747649626455 0.0 0
1747649626477 0.0 0
1747649626493 0.0 0
1747649626548 0.0 0
1747649626568 0.0 0
1747649626603 0.0 0
1747649626617 0.0 0
1747649626632 0.0 0
1747649626647 0.0 0
1747649626675 0.0 0
1747649626687 0.0 0
1747649626709 0.0 0
1747649626723 0.0 0
1747649626739 0.0 0
1747649626751 0.0 0
1747649626803 0.0 0
1747649626859 0.0 0
1747649626892 0.0 0
1747649626906 0.0 0
1747649626918 0.0 0
1747649626943 0.0 0
1747649626957 0.0 0
1747649626993 0.0 0
1747649627006 0.0 0
1747649627020 0.0 0
1747649627044 0.0 0
1747649627052 0.0 0
1747649627111 0.0 0
1747649627129 0.0 0
1747649627140 0.0 0
1747649627183 0.0 0
1747649627249 0.0 0
1747649627279 0.0 0
1747649627299 0.0 0
1747649627320 0.0 0
1747649627343 0.0 0
1747649627371 0.0 0
1747649627406 0.0 0
1747649627432 0.0 0
1747649627446 0.0 0
1747649627460 0.0 0
1747649627488 0.0 0
1747649627499 0.0 0
1747649627510 0.0 0
1747649627544 0.0 0
1747649627597 0.0 0
1747649627626 0.0 0
1747649627638 0.0 0
1747649627662 0.0 0
1747649627683 0.0 0
1747649627690 0.0 0
1747649627699 0.0 0
1747649627711 0.0 0
1747649627723 0.0 0
1747649627740 0.0 0
1747649627765 0.0 0
1747649627810 0.0 0
1747649627823 0.0 0
1747649627839 0.0 0
1747649627857 0.0 0
1747649627894 0.0 0
1747649627902 0.0 0
1747649627925 0.0 0
1747649627936 0.0 0
1747649627969 0.0 0
1747649627985 0.0 0
1747649628004 0.0 0
1747649628017 0.0 0
1747649628039 0.0 0
1747649628050 0.0 0
1747649628065 0.0 0
1747649628078 0.0 0
1747649628103 0.0 0
1747649628120 0.0 0
1747649628132 0.0 0
1747649628172 0.0 0
1747649628184 0.0 0
1747649628207 0.0 0
1747649628245 0.0 0
1747649628281 0.0 0
1747649628289 0.0 0
1747649628300 0.0 0
1747649628319 0.0 0
1747649628345 0.0 0
1747649628375 0.0 0
1747649628413 0.0 0
1747649628454 0.0 0
1747649628464 0.0 0
1747649628472 0.0 0
1747649628488 0.0 0
1747649628509 0.0 0
1747649628525 0.0 0
1747649628553 0.0 0
1747649628625 0.0 0
1747649628637 0.0 0
1747649628667 0.0 0
1747649628687 0.0 0
1747649628702 0.0 0
1747649628725 0.0 0
1747649628836 0.0 0
1747649628871 0.0 0
1747649628900 0.0 0
1747649628914 0.0 0
1747649628925 0.0 0
1747649628943 0.0 0
1747649628959 0.0 0
1747649628971 0.0 0
1747649628998 0.0 0
1747649629030 0.0 0
1747649629042 0.0 0
1747649629078 0.0 0
1747649629092 0.0 0
1747649629129 0.0 0
1747649629167 0.0 0
1747649629182 0.0 0
1747649629210 0.0 0
1747649629222 0.0 0
1747649629239 0.0 0
1747649629258 0.0 0
1747649629280 0.0 0
1747649629289 0.0 0
1747649629307 0.0 0
1747649629319 0.0 0
1747649629349 0.0 0
1747649629384 0.0 0
1747649629406 0.0 0
1747649629420 0.0 0
1747649629431 0.0 0
1747649629481 0.0 0
1747649629491 0.0 0
1747649629507 0.0 0
1747649629549 0.0 0
1747649629581 0.0 0
1747649629591 0.0 0
1747649629646 0.0 0
1747649629658 0.0 0
1747649629679 0.0 0
1747649629708 0.0 0
1747649629721 0.0 0
1747649629735 0.0 0
1747649629747 0.0 0
1747649629759 0.0 0
1747649629788 0.0 0
1747649629799 0.0 0
1747649629818 0.0 0
1747649629848 0.0 0
1747649629859 0.0 0
1747649629887 0.0 0
1747649629896 0.0 0
1747649629911 0.0 0
1747649629919 0.0 0
1747649629930 0.0 0
1747649629966 0.0 0
1747649629992 0.0 0
1747649630009 0.0 0
1747649630024 0.0 0
1747649630036 0.0 0
1747649630048 0.0 0
1747649630075 0.0 0
1747649630101 0.0 0
1747649630132 0.0 0
1747649630142 0.0 0
1747649630154 0.0 0
1747649630184 0.0 0
1747649630204 0.0 0
1747649630261 0.0 0
1747649630339 0.0 0
1747649630373 0.0 0
1747649630395 0.0 0
1747649630438 0.0 0
1747649630471 0.0 0
1747649630517 0.0 0
1747649630611 0.0 0
1747649630629 0.0 0
1747649630640 0.0 0
1747649630702 0.0 0
1747649630730 0.0 0
1747649630761 0.0 0
1747649630778 0.0 0
1747649630790 0.0 0
1747649630849 0.0 0
1747649630868 0.0 0
1747649630887 0.0 0
1747649630898 0.0 0
1747649630969 0.0 0
1747649630980 0.0 0
1747649630995 0.0 0
1747649631009 0.0 0
1747649631049 0.0 0
1747649631099 0.0 0
1747649631113 0.0 0
1747649631140 0.0 0
1747649631168 0.0 0
1747649631179 0.0 0
1747649631200 0.0 0
1747649631235 0.0 0
1747649631247 0.0 0
1747649631270 0.0 0
1747649631300 0.0 0
1747649631324 0.0 0
1747649631367 0.0 0
1747649631383 0.0 0
1747649631422 0.0 0
1747649631457 0.0 0
1747649631469 0.0 0
1747649631500 0.0 0
1747649631517 0.0 0
1747649631548 0.0 0
1747649631576 0.0 0
1747649631587 0.0 0
1747649631622 0.0 0
1747649631690 0.0 0
1747649631725 0.0 0
1747649631736 0.0 0
1747649631766 0.0 0
1747649631778 0.0 0
1747649631816 0.0 0
1747649631874 0.0 0
1747649631906 0.0 0
1747649631930 0.0 0
1747649631965 0.0 0
1747649631994 0.0 0
1747649632025 0.0 0
1747649632049 0.0 0
1747649632063 0.0 0
1747649632075 0.0 0
1747649632099 0.0 0
1747649632111 0.0 0
1747649632136 0.0 0
1747649632179 0.0 0
1747649632230 0.0 0
1747649632246 0.0 0
1747649632253 0.0 0
1747649632289 0.0 0
1747649632331 0.0 0
1747649632346 0.0 0
1747649632371 0.0 0
1747649632380 0.0 0
1747649632398 0.0 0
1747649632419 0.0 0
1747649632455 0.0 0
1747649632462 0.0 0
1747649632479 0.0 0
1747649632548 0.0 0
1747649632577 0.0 0
1747649632599 0.0 0
1747649632614 0.0 0
1747649632639 0.0 0
1747649632699 0.0 0
1747649632710 0.0 0
1747649632729 0.0 0
1747649632753 0.0 0
1747649632777 0.0 0
1747649632809 0.0 0
1747649632824 0.0 0
1747649632835 0.0 0
1747649632847 0.0 0
1747649632872 0.0 0
1747649632888 0.0 0
1747649632987 0.0 0
1747649633043 0.0 0
1747649633055 0.0 0
1747649633072 0.0 0
1747649633091 0.0 0
1747649633114 0.0 0
1747649633147 0.0 0
1747649633158 0.0 0
1747649633175 0.0 0
1747649633202 0.0 0
1747649633236 0.0 0
1747649633261 0.0 0
1747649633283 0.0 0
1747649633313 0.0 0
1747649633330 0.0 0
1747649633347 0.0 0
1747649633357 0.0 0
1747649633395 0.0 0
1747649633425 0.0 0
1747649633442 0.0 0
1747649633465 0.0 0
1747649633485 0.0 0
1747649633556 0.0 0
1747649633599 0.0 0
1747649633615 0.0 0
1747649633634 0.0 0
1747649633702 0.0 0
1747649633725 0.0 0
1747649633796 0.0 0
1747649633812 0.0 0
1747649633824 0.0 0
1747649633845 0.0 0
1747649633884 0.0 0
1747649633893 0.0 0
1747649633901 0.0 0
1747649633942 0.0 0
1747649633959 0.0 0
1747649633977 0.0 0
1747649634011 0.0 0
1747649634032 0.0 0
1747649634043 0.0 0
1747649634054 0.0 0
1747649634081 0.0 0
1747649634105 0.0 0
1747649634121 0.0 0
1747649634208 0.0 0
1747649634220 0.0 0
1747649634234 0.0 0
1747649634253 0.0 0
1747649634273 0.0 0
1747649634296 0.0 0
1747649634326 0.0 0
1747649634364 0.0 0
1747649634430 0.0 0
1747649634448 0.0 0
1747649634459 0.0 0
1747649634498 0.0 0
1747649634552 0.0 0
1747649634627 0.0 0
1747649634638 0.0 0
1747649634650 0.0 0
1747649634666 0.0 0
1747649634679 0.0 0
1747649634702 0.0 0
1747649634734 0.0 0
1747649634746 0.0 0
1747649634786 0.0 0
1747649634827 0.0 0
1747649634842 0.0 0
1747649634854 0.0 0
1747649634883 0.0 0
1747649634897 0.0 0
1747649634908 0.0 0
1747649634931 0.0 0
1747649634942 0.0 0
1747649634958 0.0 0
1747649635023 0.0 0
1747649635037 0.0 0
1747649635077 0.0 0
1747649635088 0.0 0
1747649635117 0.0 0
1747649635153 0.0 0
1747649635171 0.0 0
1747649635188 0.0 0
1747649635230 0.0 0
1747649635239 0.0 0
1747649635251 0.0 0
1747649635268 0.0 0
1747649635292 0.0 0
1747649635313 0.0 0
1747649635352 0.0 0
1747649635395 0.0 0
1747649635404 0.0 0
1747649635426 0.0 0
1747649635450 0.0 0
1747649635461 0.0 0
1747649635475 0.0 0
1747649635506 0.0 0
1747649635570 0.0 0
1747649635632 0.0 0
1747649635659 0.0 0
1747649635682 0.0 0
1747649635716 0.0 0
1747649635729 0.0 0
1747649635764 0.0 0
1747649635776 0.0 0
1747649635801 0.0 0
1747649635818 0.0 0
1747649635829 0.0 0
1747649635848 0.0 0
1747649635861 0.0 0
1747649635925 0.0 0
1747649635936 0.0 0
1747649635947 0.0 0
1747649635958 0.0 0
1747649635970 0.0 0
1747649636030 0.0 0
1747649636042 0.0 0
1747649636104 0.0 0
1747649636144 0.0 0
1747649636185 0.0 0
1747649636235 0.0 0
1747649636256 0.0 0
1747649636274 0.0 0
1747649636309 0.0 0
1747649636353 0.0 0
1747649636381 0.0 0
1747649636393 0.0 0
1747649636433 0.0 0
1747649636460 0.0 0
1747649636526 0.0 0
1747649636560 0.0 0
1747649636578 0.0 0
1747649636604 0.0 0
1747649636617 0.0 0
1747649636635 0.0 0
1747649636707 0.0 0
1747649636719 0.0 0
1747649636730 0.0 0
1747649636744 0.0 0
1747649636757 0.0 0
1747649636798 0.0 0
1747649636841 0.0 0
1747649636865 0.0 0
1747649636882 0.0 0
1747649636908 0.0 0
1747649636927 0.0 0
1747649636937 0.0 0
1747649636954 0.0 0
1747649637049 0.0 0
1747649637066 0.0 0
1747649637079 0.0 0
1747649637090 0.0 0
1747649637104 0.0 0
1747649637115 0.0 0
1747649637158 0.0 0
1747649637221 0.0 0
1747649637250 0.0 0
1747649637265 0.0 0
1747649637306 0.0 0
1747649637323 0.0 0
1747649637353 0.0 0
1747649637368 0.0 0
1747649637423 0.0 0
1747649637511 0.0 0
1747649637529 0.0 0
1747649637546 0.0 0
1747649637609 0.0 0
1747649637654 0.0 0
1747649637744 0.0 0
1747649637790 0.0 0
1747649637827 0.0 0
1747649637895 0.0 0
1747649637906 0.0 0
1747649637948 0.0 0
1747649637959 0.0 0
1747649637981 0.0 0
1747649637992 0.0 0
1747649638936 0.0 0
1747649638951 0.0 0
1747649639052 0.0 0
1747649639092 0.0 0
1747649639123 0.0 0
1747649639199 0.0 0
1747649639218 0.0 0
1747649639252 0.0 0
1747649639296 0.0 0
1747649639342 0.0 0
1747649639413 0.0 0
1747649639425 0.0 0
1747649639481 0.0 0
1747649639574 0.0 0
1747649639739 0.0 0
1747649639788 0.0 0
1747649640015 0.0 0
1747649640078 0.0 0
1747649640262 0.0 0
1747649640386 0.0 0
1747649640481 0.0 0
1747649640538 0.0 0
1747649640552 0.0 0
1747649640615 0.0 0
1747649640638 0.0 0
1747649640843 0.0 0
1747649640872 0.0 0
1747649640933 0.0 0
1747649640975 0.0 0
1747649640993 0.0 0
1747649641061 0.0 0
1747649641135 0.0 0
1747649641179 0.0 0
1747649641294 0.0 0
1747649641385 0.0 0
1747649641407 0.0 0
1747649641460 0.0 0
1747649641485 0.0 0
1747649641496 0.0 0
1747649641666 0.0 0
1747649641866 0.0 0
1747649641886 0.0 0
1747649641911 0.0 0
1747649641974 0.0 0
1747649642055 0.0 0
1747649642083 0.0 0
1747649642190 0.0 0
1747649642316 0.0 0
1747649642442 0.0 0
1747649642454 0.0 0
1747649642466 0.0 0
1747649642683 0.0 0
1747649642742 0.0 0
1747649642760 0.0 0
1747649642828 0.0 0
1747649642852 0.0 0
1747649642958 0.0 0
1747649643009 0.0 0
1747649643030 0.0 0
1747649643076 0.0 0
1747649643103 0.0 0
1747649643237 0.0 0
1747649643298 0.0 0
1747649643338 0.0 0
1747649643372 0.0 0
1747649643465 0.0 0
1747649643513 0.0 0
1747649643595 0.0 0
1747649643631 0.0 0
1747649643713 0.0 0
1747649643766 0.0 0
1747649643876 0.0 0
1747649643885 0.0 0
1747649643993 0.0 0
1747649644134 0.0 0
1747649644156 0.0 0
1747649644253 0.0 0
1747649644274 0.0 0
1747649644522 0.0 0
1747649644569 0.0 0
1747649644615 0.0 0
1747649644689 0.0 0
1747649644743 0.0 0
1747649644907 0.0 0
1747649645098 0.0 0
1747649645290 0.0 0
1747649645382 0.0 0
1747649645455 0.0 0
1747649645582 0.0 0
1747649645693 0.0 0
1747649645715 0.0 0
1747649645912 0.0 0
1747649645991 0.0 0
1747649646118 0.0 0
1747649646135 0.0 0
1747649646197 0.0 0
1747649646445 0.0 0
1747649646495 0.0 0
1747649646603 0.0 0
1747649646720 0.0 0
1747649646772 0.0 0
1747649646822 0.0 0
1747649646841 0.0 0
1747649646850 0.0 0
1747649646936 0.0 0
1747649646950 0.0 0
1747649647004 0.0 0
1747649647053 0.0 0
1747649647096 0.0 0
1747649647139 0.0 0
1747649647168 0.0 0
1747649647179 0.0 0
1747649647207 0.0 0
1747649647435 0.0 0
1747649647467 0.0 0
1747649647576 0.0 0
1747649647588 0.0 0
1747649647617 0.0 0
1747649647626 0.0 0
1747649647660 0.0 0
1747649647682 0.0 0
1747649647766 0.0 0
1747649647799 0.0 0
1747649647817 0.0 0
1747649647840 0.0 0
1747649647880 0.0 0
1747649647921 0.0 0
1747649647993 0.0 0
1747649648242 0.0 0
1747649648326 0.0 0
1747649648346 0.0 0
1747649648415 0.0 0
