1747649596626 -9.252172116391098e-05 0
1747649596640 0.0003197544285988861 0
1747649596651 0.0 0
1747649596682 -0.0045011118284197914 0
1747649596691 -3.7013732094652336e-05 0
1747649596707 0.0012266788383636462 0
1747649596715 0.015001948304974665 0
1747649596728 -0.0007161814888149076 0
1747649596739 -0.001699288488102303 0
1747649596750 -0.0002749266862168564 0
1747649596772 -0.0004407505351970579 0
1747649596783 0.0 0
1747649596795 0.0020768485765041054 0
1747649596808 0.00018511662347275103 0
1747649596820 -0.00017388280299084226 0
1747649596831 -0.0003298969072164585 0
1747649596863 -0.0021479764360604644 0
1747649596884 -0.00047165026878991995 0
1747649596910 0.0024446962017768987 0
1747649596920 -0.002263490920314856 0
1747649596929 0.004766466506226795 0
1747649596940 -0.0012627362187581604 0
1747649596955 -0.00011025358324151174 0
1747649596969 -0.001956436676666306 0
1747649596983 -0.0005536076766931378 0
1747649596993 0.00045527358570102426 0
1747649597002 0.0005927243091057936 0
1747649597013 0.0035981897766895823 0
1747649597034 -0.00033950093362753006 0
1747649597048 0.002174228850903026 0
1747649597060 0.0003927386978530433 0
1747649597071 0.0001490471627807494 0
1747649597084 0.0019825072886296745 0
1747649597095 0.00033894475200543594 0
1747649597107 -0.002794005588011207 0
1747649597115 -8.372054083464739e-05 0
1747649597127 0.0004964257347099887 0
1747649597144 -0.005550114267058429 0
1747649597152 -0.0006463010039209173 0
1747649597160 -0.0002581444576384432 0
1747649597171 0.0008216407533814737 0
1747649597178 0.0003020805799946803 0
1747649597201 -0.0002973914521200378 0
1747649597212 -0.0003080985915493596 0
1747649597223 -0.00034923517496675315 0
1747649597234 0.0003920272057435279 0
1747649597245 -0.0003763643206623263 0
1747649597262 0.0005398526973354161 0
1747649597273 -0.001329871445760181 0
1747649597284 0.0004197800352615886 0
1747649597296 0.0001772107035265522 0
1747649597316 -0.00025460409063906593 0
1747649597328 -0.0007271793994353435 0
1747649597343 -0.00032843418999914273 0
1747649597353 -0.00035903419800732066 0
1747649597361 0.0003756657017214994 0
1747649597380 -0.0005220114842526734 0
1747649597394 -0.0005508377323846892 0
1747649597411 0.005376435198915354 0
1747649597421 0.015407567456336747 0
1747649597432 -0.0005225798022906612 0
1747649597444 0.0008793527963419257 0
1747649597459 0.0003678015973098702 0
1747649597471 -0.001125732696712081 0
1747649597483 -0.0028018924257039155 0
1747649597496 -0.00022125851845307363 0
1747649597509 -0.0007571544680668105 0
1747649597522 0.0006065098726329497 0
1747649597549 -9.5698358773094e-05 0
1747649597563 -0.00025647601949212645 0
1747649597575 0.0017508876027431237 0
1747649597588 -0.003051633472733997 0
1747649597613 -0.0004292924004773864 0
1747649597639 0.0003358208955224008 0
1747649597653 -0.0004273504273504942 0
1747649597668 -0.0003861003861004465 0
1747649597683 -0.0003786444528587239 0
1747649597704 -0.0013751857072111968 0
1747649597725 0.0004391743522177431 0
1747649597738 0.0014015416958654222 0
1747649597763 -0.0014809828340625916 0
1747649597797 -0.0009218520846427181 0
1747649597811 -0.0006803878210579282 0
1747649597826 0.0009584855927633281 0
1747649597838 -0.00014562399883511206 0
1747649597849 -0.00044782803403490965 0
1747649597882 0.0007934285447586792 0
1747649597892 0.0005657708628004532 0
1747649597911 -0.006558237145855329 0
1747649597922 -0.0011981656253032883 0
1747649597935 0.0023336623664135547 0
1747649597948 0.0002458210422811704 0
1747649597962 0.00231508484157823 0
1747649597972 6.258213905758948e-05 0
1747649597985 0.0006421232876712572 0
1747649597998 0.0027701911822084085 0
1747649598013 0.0008325624421831952 0
1747649598025 0.0011742424242425138 0
1747649598038 -0.0003407155025553792 0
1747649598048 0.00023187509661463238 0
1747649598057 -0.0007886435331230583 0
1747649598071 0.0006225357958082826 0
1747649598084 0.0 0
1747649598098 0.0003763643206623263 0
1747649598110 -0.0007653686015184168 0
1747649598123 -0.0029429412268920374 0
1747649598147 -0.005405888397444589 0
1747649598159 -0.0004446914952751697 0
1747649598175 -0.0013032009874254426 0
1747649598188 0.0002798407060597402 0
1747649598208 0.0006432345508844174 0
1747649598229 0.001344552394170817 0
1747649598241 0.0008880317538625562 0
1747649598250 0.00035245396070134456 0
1747649598262 -0.0011015683345779635 0
1747649598275 0.005403027277131181 0
1747649598289 0.00020216995754431658 0
1747649598305 0.0011424702746160463 0
1747649598320 0.004236526946107662 0
1747649598332 -0.004867971124620189 0
1747649598344 0.00529570046373147 0
1747649598352 0.0006757042104817872 0
1747649598363 0.0012978986402967117 0
1747649598380 -0.0012479559342456286 0
1747649598389 -0.0017951981740770332 0
1747649598400 0.003563368571089127 0
1747649598408 0.004186198079863675 0
1747649598419 0.00040322580645158477 0
1747649598428 0.0004041220448575623 0
1747649598436 3.6713415081915785e-05 0
1747649598457 0.0 0
1747649598468 -0.0013720557969356317 0
1747649598480 -0.0011126936086878485 0
1747649598492 -0.00423755613180698 0
1747649598506 0.0011113683723082825 0
1747649598517 -0.001076914356968676 0
1747649598525 0.0002987080875214367 0
1747649598552 0.0 0
1747649598562 0.00168546609620116 0
1747649598569 0.00027552004408329904 0
1747649598584 0.00040081833743889366 0
1747649598594 0.0026684144000748374 0
1747649598612 -0.0002538500592316901 0
1747649598623 -0.0002544529262086008 0
1747649598635 -8.438818565396167e-05 0
1747649598644 -0.0014461813924661383 0
1747649598658 -0.0013253428604356164 0
1747649598669 -0.00034118048447618547 0
1747649598704 0.0 0
1747649598715 0.002875292544299516 0
1747649598722 0.0001563314226159517 0
1747649598733 -0.001063490375412042 0
1747649598744 -0.0032036222288667417 0
1747649598779 0.005725729113781321 0
1747649598796 0.0002300848757541758 0
1747649598806 -0.00040565600370893887 0
1747649598817 -0.0070524412296563655 0
1747649598829 -0.0023136246786631745 0
1747649598836 0.004961759857308824 0
1747649598848 3.7013732094652336e-05 0
1747649598858 -0.0006309148264983933 0
1747649598873 -0.0005588273223574637 0
1747649598882 0.000591590957109628 0
1747649598894 -0.00017611059745510426 0
1747649598908 0.0006111224281931378 0
1747649598915 -0.00034118048447618547 0
1747649598927 -0.0019029495718363672 0
1747649598936 0.0002476269087907646 0
1747649598946 -0.0031914576311629227 0
1747649598958 -0.0008635387374619572 0
1747649598975 0.0007225806451612566 0
1747649598986 -0.000647668393782408 0
1747649599003 -0.00044583147570209587 0
1747649599019 0.00039443286189223245 0
1747649599031 0.0003467297084318119 0
1747649599044 0.0029324169530355122 0
1747649599079 0.024847660178666613 0
1747649599094 0.0044004400440043065 0
1747649599118 -0.0005313496280553434 0
1747649599167 0.0007375926381230303 0
1747649599208 0.0 0
1747649599228 0.0005733439181442038 0
1747649599251 -0.0017580383992597851 0
1747649599263 -0.00013430630791960038 0
1747649599277 0.0009380863039399424 0
1747649599290 -0.005456813221078913 0
1747649599304 -0.0015395381385583252 0
1747649599314 0.0003120124804991579 0
1747649599329 -0.00022527596305469723 0
1747649599345 0.0020422141109059963 0
1747649599357 -0.001953743795543301 0
1747649599367 -0.00018871485185884844 0
1747649599381 -0.002105502759915725 0
1747649599390 0.00020850708924110382 0
1747649599409 0.00027663792705981036 0
1747649599418 0.0010011808800123602 0
1747649599429 0.0006865774116031437 0
1747649599441 0.0006710508656554831 0
1747649599456 -0.0028808676495509825 0
1747649599463 -0.0004438329412808136 0
1747649599475 0.0005067139599694663 0
1747649599489 0.002720047600833017 0
1747649599501 0.002383951061532963 0
1747649599515 -0.0006856636670656388 0
1747649599529 -0.0020648116799793564 0
1747649599537 -0.0007682851874615109 0
1747649599547 7.775142868259706e-05 0
1747649599558 0.0010553691907580658 0
1747649599565 -0.002006521193880112 0
1747649599574 -0.00021129364534349916 0
1747649599585 0.0003010914565298878 0
1747649599594 0.0010012515644555703 0
1747649599604 -0.00026116479498558396 0
1747649599616 0.000272641142911641 0
1747649599634 0.0 0
1747649599645 -0.00032938076416344107 0
1747649599656 0.002414518264662264 0
1747649599670 -0.0015096129593307602 0
1747649599680 -0.003057637418870887 0
1747649599695 -0.0008038205116080883 0
1747649599707 0.0004407505351970579 0
1747649599720 0.0011190233977618751 0
1747649599731 0.00046970408642556965 0
1747649599738 0.00045867734133930583 0
1747649599750 -0.0016243954664599432 0
1747649599771 0.0010398613518197968 0
1747649599787 -0.00025366835049971326 0
1747649599798 -0.001326078009968404 0
1747649599806 -0.0011600316372263888 0
1747649599817 -0.00023866348448682603 0
1747649599829 0.0017553605154982917 0
1747649599850 0.00022207417277371482 0
1747649599862 -0.00019944724620331926 0
1747649599873 0.002083862770012725 0
1747649599885 -0.0010504201680671672 0
1747649599896 6.984215672576099e-05 0
1747649599914 0.0 0
1747649599931 0.00038693035253655806 0
1747649599941 0.00038743004735257604 0
1747649599950 -0.0001673802350370108 0
1747649599962 0.002699172834131372 0
1747649599971 -0.002565352237483388 0
1747649599982 6.69493416648095e-05 0
1747649599993 0.0006540222367560125 0
1747649600005 -0.0011189593677879582 0
1747649600022 -0.003105100028176922 0
1747649600037 -0.001561822125813508 0
1747649600047 8.505571149097949e-05 0
1747649600058 0.00024632275318449604 0
1747649600072 -0.004256410256410175 0
1747649600082 0.0002114164904863661 0
1747649600095 0.0009726766292334432 0
1747649600108 0.00022111663902716063 0
1747649600124 -0.0005149772551712495 0
1747649600138 0.003124543195439122 0
1747649600154 0.0008941597251634596 0
1747649600167 0.0 0
1747649600183 -0.0018458698661745591 0
1747649600196 -3.7300906412071395e-05 0
1747649600210 0.001166290443942903 0
1747649600224 -0.0007541621211403512 0
1747649600233 -0.004830917874396204 0
1747649600242 -0.005329593267882224 0
1747649600255 0.00022849308808411666 0
1747649600263 0.0013615365912958274 0
1747649600294 -0.0017381228273465317 0
1747649600307 0.00015609553046465026 0
1747649600347 0.0005351528530337076 0
1747649600358 0.00511258217468002 0
1747649600372 0.0 0
1747649600384 0.004409139908459467 0
1747649600403 0.0011342631490506227 0
1747649600413 0.000725163161711362 0
1747649600426 -0.00014230148942226135 0
1747649600441 0.002471345178746424 0
1747649600449 0.0009307441722723704 0
1747649600469 0.0034265869900527916 0
1747649600489 -0.002105502759915725 0
1747649600499 -0.0006850879196163767 0
1747649600511 0.00013297872340426036 0
1747649600525 0.00037145569359033976 0
1747649600566 -0.0088847755668672 0
1747649600578 -0.0002592688618096451 0
1747649600589 -0.0011804277463984933 0
1747649600602 -0.00038743004735257604 0
1747649600630 -0.0010518934081346822 0
1747649600644 -0.0002520373015206346 0
1747649600661 0.001079081239401739 0
1747649600673 0.0005805904157921342 0
1747649600695 -7.745933384968597e-05 0
1747649600706 -0.0011098779134295236 0
1747649600718 0.00021258503401356315 0
1747649600738 0.0009524286931676727 0
1747649600751 0.009252336448597983 0
1747649600763 0.00267547105368023 0
1747649600774 0.013935281837160723 0
1747649600789 -0.0004763921236502404 0
1747649600804 0.0011682242990655202 0
1747649600819 -7.375175160419073e-05 0
1747649600828 -0.001980198019802011 0
1747649600840 0.0003382520823643448 0
1747649600852 -0.00020811654526523327 0
1747649600863 0.0013693789203994328 0
1747649600874 -0.0015727492423951962 0
1747649600890 -0.0009518732866281652 0
1747649600903 -0.0005603645318744231 0
1747649600911 0.0004143837193241098 0
1747649600919 0.0013682230203523186 0
1747649600927 0.0005190760446404366 0
1747649600939 0.0002637246714430235 0
1747649600952 -0.0010614809782609601 0
1747649600969 0.0004995580832339901 0
1747649600980 -0.00035707643667468633 0
1747649600995 -8.504979278785405e-05 0
1747649601004 -0.001347103726987029 0
1747649601013 0.0008817427385891835 0
1747649601032 0.0012500000000000473 0
1747649601043 0.000961538461538441 0
1747649601062 0.001297208599273412 0
1747649601073 0.00017075773745988402 0
1747649601092 0.0014636449480641552 0
1747649601103 -0.0003533485665826616 0
1747649601114 0.0007376185458376895 0
1747649601126 0.002217786648924405 0
1747649601140 -0.0008468834688346703 0
1747649601152 -0.00043994720633530853 0
1747649601163 -0.004723157500935236 0
1747649601175 0.000629194630872507 0
1747649601185 -0.0033568048880443955 0
1747649601204 0.0021472780093469064 0
1747649601215 0.0006474396703945136 0
1747649601227 -3.7300906412071395e-05 0
1747649601238 -7.40466493890741e-05 0
1747649601255 -0.0009088155104514128 0
1747649601266 -0.000539623805118692 0
1747649601277 0.003916403598631382 0
1747649601320 -0.0006681514476614953 0
1747649601333 0.0005521048999309261 0
1747649601345 0.0014152157131830023 0
1747649601358 0.00042844901456733347 0
1747649601373 -0.006035783574046155 0
1747649601387 -0.00021734405564018943 0
1747649601404 -0.00046848159908369105 0
1747649601414 -0.004443985117817203 0
1747649601423 -0.0014267596702600414 0
1747649601434 0.0018900594290498219 0
1747649601446 -6.513718356108414e-05 0
1747649601458 -1.183431952680986e-05 0
1747649601466 -0.0016766636754356483 0
1747649601474 -0.000282299802390149 0
1747649601482 -0.0004150115610364291 0
1747649601490 -0.00030454147474219317 0
1747649601500 0.0003513394817742257 0
1747649601511 0.00046936114732726677 0
1747649601522 -0.0023390137954080402 0
1747649601531 0.0014993164880715668 0
1747649601556 0.0025842178126440876 0
1747649601568 -0.0005078720162520332 0
1747649601579 -0.0021148949026716514 0
1747649601588 -0.0002649708532061181 0
1747649601599 0.0013656641680070926 0
1747649601610 0.0004569757345885648 0
1747649601626 -0.0001309700515148919 0
1747649601637 0.001346801346801318 0
1747649601648 0.00382912272445295 0
1747649601660 -0.0002844815324071987 0
1747649601671 -0.0006619385342790969 0
1747649601686 -0.0009954210631096152 0
1747649601702 0.0 0
1747649601715 0.0003927386978530433 0
1747649601738 0.004911887629798818 0
1747649601750 -0.004221926483410525 0
1747649601764 4.380201489258298e-05 0
1747649601778 -0.0002599138571215616 0
1747649601796 -4.284306584984457e-05 0
1747649601805 0.0026222427888322472 0
1747649601815 0.0005675011034743894 0
1747649601827 0.0011352885525071385 0
1747649601838 0.00031308703819655636 0
1747649601850 0.0017786209758698988 0
1747649601864 -0.0016653482659560828 0
1747649601874 0.0009289363678587818 0
1747649601886 -4.582111436939467e-05 0
1747649601898 0.0005201415128810347 0
1747649601915 -0.00043843915660260615 0
1747649601926 -0.0012325571158162915 0
1747649601943 -0.0008604741212409383 0
1747649601959 0.00025733401955739527 0
1747649601975 0.004384268214055461 0
1747649601990 0.0007372689451787533 0
1747649602001 0.00038098463361979174 0
1747649602009 -0.0011871549830830162 0
1747649602024 0.0002888642819315501 0
1747649602036 -0.000476364968852991 0
1747649602047 0.0014809828340625916 0
1747649602061 0.0003567818279122452 0
1747649602079 -0.0005236189550062797 0
1747649602096 0.0 0
1747649602107 0.0013656641680070926 0
1747649602124 -0.0019776374838366014 0
1747649602146 0.00014262622420842987 0
1747649602171 0.0011494252873562292 0
1747649602182 -0.0012898104970731124 0
1747649602193 0.00017783310363230054 0
1747649602205 -0.0009518269790067753 0
1747649602223 -0.0007577033170567723 0
1747649602250 -0.0039909602346493225 0
1747649602261 0.0006514657980454731 0
1747649602269 -0.0020727341247407634 0
1747649602280 0.004294449890304755 0
1747649602292 0.0008862105636298995 0
1747649602299 0.0049846423870117664 0
1747649602310 -7.775142868259706e-05 0
1747649602321 -0.0009478200139679689 0
1747649602338 -0.00021159542953867988 0
1747649602348 -0.0003048514937723826 0
1747649602358 0.0 0
1747649602370 0.001989973004242211 0
1747649602379 0.0008305647840530983 0
1747649602396 0.0025627991697376863 0
1747649602407 0.000974805038992194 0
1747649602421 0.0005553440949451566 0
1747649602433 -0.0007630766295858276 0
1747649602444 0.0 0
1747649602454 -0.0027677307752790505 0
1747649602479 0.0004757656853998881 0
1747649602488 0.0006225357958082826 0
1747649602508 0.00013428827215756998 0
1747649602518 0.00018960940462653278 0
1747649602527 -0.0005195769159398533 0
1747649602538 0.0005221737346611222 0
1747649602549 0.0004965915760010488 0
1747649602561 0.0008534409186128489 0
1747649602570 0.0007437084662811892 0
1747649602582 0.0016197358584599927 0
1747649602590 -0.00012890252391130095 0
1747649602605 -0.0009518269790067753 0
1747649602613 0.00025585917511015033 0
1747649602622 -0.0006216006216006912 0
1747649602633 0.00027718979941533233 0
1747649602644 -0.0019454256898582016 0
1747649602655 -0.001530343007915563 0
1747649602670 -0.0005588273223574637 0
1747649602677 0.000887311446317541 0
1747649602686 -0.00044111426672311017 0
1747649602697 -0.00037360830904871895 0
1747649602709 -0.0003368893879842913 0
1747649602716 -0.00045276904012959567 0
1747649602728 0.0 0
1747649602740 0.00013490208660708427 0
1747649602751 0.00043001505052683565 0
1747649602763 0.0007890849986174931 0
1747649602774 -4.6431722152631385e-05 0
1747649602786 0.0007676767676767011 0
1747649602798 8.591803419548261e-05 0
1747649602814 -0.0005819797894290902 0
1747649602828 0.0014782486273404913 0
1747649602843 0.00023094688221704415 0
1747649602854 0.00026247867360762385 0
1747649602871 9.361104610338833e-05 0
1747649602882 -0.00034055595760074575 0
1747649602897 0.0 0
1747649602904 -0.0012376826772028276 0
1747649602911 -0.0025872948207676964 0
1747649602923 4.126789995150783e-05 0
1747649602934 0.00018559270355537018 0
1747649602944 0.001292824822236674 0
1747649602955 0.0009584900095848928 0
1747649602965 0.0005463103042528861 0
1747649602975 -0.0029715436917653513 0
1747649602995 0.0014096539940197032 0
1747649603006 0.0010412328196585151 0
1747649603017 0.0004418912947414057 0
1747649603032 0.008117392223932082 0
1747649603043 -6.677796327220182e-05 0
1747649603057 -0.0015843565636140112 0
1747649603084 0.00032286450452952137 0
1747649603099 0.0031398104265403333 0
1747649603114 -0.0029470864032149565 0
1747649603127 -0.00013327267128970235 0
1747649603142 -0.0014809828340625916 0
1747649603151 0.0 0
1747649603166 5.936479667543304e-05 0
1747649603178 0.0 0
1747649603190 -0.004911887629798818 0
1747649603202 0.00012873878899712972 0
1747649603213 6.757213325220933e-05 0
1747649603225 -0.0018461538461537947 0
1747649603245 -0.0020229265003372313 0
1747649603261 -0.0030900089709936674 0
1747649603272 -0.00015382248884794825 0
1747649603287 0.000986022183383156 0
1747649603298 0.0026222427888322472 0
1747649603309 -0.0003031221582297332 0
1747649603318 -0.0002648305084745863 0
1747649603326 -9.491718475624752e-05 0
1747649603337 0.00063478628861619 0
1747649603348 -5.670809508060847e-05 0
1747649603360 -0.0003699880052275582 0
1747649603371 0.0009726766292334432 0
1747649603383 0.0 0
1747649603395 4.2459239130486674e-05 0
1747649603417 -0.0025351463470845684 0
1747649603431 0.0011052726277948858 0
1747649603442 -0.0002610966057440734 0
1747649603451 0.002828177348474861 0
1747649603462 -0.0017781213761113015 0
1747649603472 0.004316646940054264 0
1747649603483 -0.0003043610591763945 0
1747649603494 3.669724770646687e-05 0
1747649603505 0.0052786486659414916 0
1747649603516 -0.0011806375442738408 0
1747649603527 -0.0005636343140570612 0
1747649603544 -0.0001882490744420578 0
1747649603566 6.375247040823073e-05 0
1747649603581 0.0 0
1747649603597 -0.00022547914317921106 0
1747649603617 0.0016938110749185075 0
1747649603632 -0.0004343240057083483 0
1747649603645 4.2527855745414195e-05 0
1747649603663 0.0015873132249219948 0
1747649603678 0.001562829989440297 0
1747649603690 0.0007161814888149076 0
1747649603702 -0.00038929440389290116 0
1747649603714 0.0016842814434291612 0
1747649603722 -0.0015713204911832056 0
1747649603735 -0.0003402517863218407 0
1747649603748 -0.0003700962250185627 0
1747649603758 -6.100909035453738e-05 0
1747649603770 -0.0006207091131383999 0
1747649603781 -0.001372801372801374 0
1747649603794 -0.0015713204911832056 0
1747649603806 -0.0007051523128996131 0
1747649603824 -0.0019885108263366395 0
1747649603842 0.00063025210084036 0
1747649603853 -0.001360443622920499 0
1747649603869 0.0006355932203388566 0
1747649603880 -0.0007675668132022197 0
1747649603900 -0.002016498625114681 0
1747649603917 0.0015173336076534693 0
1747649603931 -9.490367277225226e-05 0
1747649603945 -0.00042435815828550857 0
1747649603954 -0.005809827922653905 0
1747649603966 -0.001708150317227923 0
1747649603977 -0.001147501792971595 0
1747649603995 0.0021700532649437413 0
1747649604007 0.0017629281396911345 0
1747649604019 0.00017583190469916638 0
1747649604030 0.0007279786459597461 0
1747649604041 -0.000701327847391087 0
1747649604050 -0.0005516187889846682 0
1747649604063 0.00036968576709789315 0
1747649604076 0.0003416905138170725 0
1747649604089 -0.00015086748805632957 0
1747649604100 0.0015286195286195548 0
1747649604112 -0.0012058653289601646 0
1747649604122 -6.741724533131839e-05 0
1747649604130 0.0007145274717008895 0
1747649604142 -0.0002711543427735012 0
1747649604153 -0.000859475719810897 0
1747649604165 -0.0008456659619450138 0
1747649604175 0.00044460212600661047 0
1747649604190 -0.0019780530306597295 0
1747649604218 -0.00028022978842660336 0
1747649604230 -0.004275610801543011 0
1747649604244 -0.00015040421131783354 0
1747649604256 -0.0018376019294820956 0
1747649604270 -0.00021882943087523743 0
1747649604287 0.0007437084662811892 0
1747649604298 -0.0032371794871794255 0
1747649604310 0.004656814620249118 0
1747649604324 0.0004811056682994766 0
1747649604335 -0.0023977145189266707 0
1747649604346 0.00018970832345275484 0
1747649604364 0.0001881556046851374 0
1747649604375 0.00011119347664937412 0
1747649604390 0.00021305872431086472 0
1747649604397 0.0 0
1747649604408 0.006453019699767607 0
1747649604417 -0.0015206812652068704 0
1747649604434 -0.0027809159641957095 0
1747649604446 -0.0017104981825956445 0
1747649604461 -0.0025938566552901198 0
1747649604477 0.0013828173788919087 0
1747649604493 0.0002350728725904563 0
1747649604505 0.0008867868755542754 0
1747649604516 0.002624671916010522 0
1747649604523 0.0005069306930692511 0
1747649604530 0.0003850926361730496 0
1747649604541 0.0007630766295858276 0
1747649604552 0.0012001714530646675 0
1747649604566 -0.000729050518912405 0
1747649604577 -0.0007161814888149076 0
1747649604589 -0.002095985155195741 0
1747649604600 -0.0021165837194669973 0
1747649604610 0.0007720020586721857 0
1747649604622 -0.0002134927412467551 0
1747649604634 -0.0032355188064530256 0
1747649604646 -0.0006603808196058675 0
1747649604657 0.0006514657980454731 0
1747649604666 0.00031308703819655636 0
1747649604699 0.0021883820608425723 0
1747649604710 0.006369708497367999 0
1747649604752 0.0015092268642382001 0
1747649604779 0.0007160929966105203 0
1747649604796 0.000775795190069805 0
1747649604811 -0.001970551206962659 0
1747649604819 0.0007998864677271306 0
1747649604832 -0.001924076963078473 0
1747649604844 0.0005163116227483273 0
1747649604854 -0.0005799852367395753 0
1747649604865 -0.006367719016019923 0
1747649604877 0.0003961068356723319 0
1747649604889 7.475797106862376e-05 0
1747649604900 -0.0009609224855861992 0
1747649604914 -0.00015382248884794825 0
1747649604926 0.0006821540910296995 0
1747649604937 0.0020497342102892397 0
1747649604945 -5.646527385664721e-05 0
1747649604960 -0.0006619593998235026 0
1747649604977 0.0006400120472855757 0
1747649604989 0.0 0
1747649605003 -0.004183686099764746 0
1747649605015 0.0006940123486334549 0
1747649605038 0.0006259780907668099 0
1747649605055 0.00018960940462653278 0
1747649605078 -0.0012191267440284225 0
1747649605092 -0.0033400720752393845 0
1747649605104 -0.0014352818371606514 0
1747649605112 -0.004805924347903184 0
1747649605129 -0.0001741401828470955 0
1747649605145 0.00048246427908695954 0
1747649605157 -0.00015871336366522662 0
1747649605168 7.469244288238767e-05 0
1747649605182 -0.0007856635115418009 0
1747649605193 -0.0019221528111486163 0
1747649605202 -0.0017829284599955048 0
1747649605219 3.822629969423632e-05 0
1747649605232 0.0020267356619231153 0
1747649605248 -0.003011842015196145 0
1747649605276 -0.0011170471102476779 0
1747649605296 0.0 0
1747649605309 -0.0005027652086476265 0
1747649605321 0.0004521817770743341 0
1747649605328 -0.0005758710048949936 0
1747649605338 0.0007992296581608277 0
1747649605346 0.00046786610522730777 0
1747649605355 -0.00021108922037707073 0
1747649605365 0.0014716232644443699 0
1747649605374 -0.0033541570584041886 0
1747649605383 -0.0005561735261401769 0
1747649605395 -0.003989270238668397 0
1747649605406 0.00018717828731873353 0
1747649605440 -0.00018333486112374108 0
1747649605448 0.0026136026136026422 0
1747649605459 0.000768639508070744 0
1747649605470 -0.0012223444566680803 0
1747649605481 0.0075675675675676716 0
1747649605489 -0.00189040812098613 0
1747649605498 -0.0009994121105233987 0
1747649605506 0.0008858049752711801 0
1747649605514 -0.0006678539626000715 0
1747649605526 0.00026385224274401084 0
1747649605535 0.0006179196704427195 0
1747649605544 0.0010156580617859039 0
1747649605561 -0.00041197473221643967 0
1747649605578 -0.0004008016032064958 0
1747649605589 0.0012771392081735882 0
1747649605605 0.00020712510356255963 0
1747649605616 -0.003961634695579676 0
1747649605625 -0.0003861003861004465 0
1747649605641 0.001334163479498247 0
1747649605650 0.0005192916861401861 0
1747649605662 -0.00011053795136330559 0
1747649605673 0.0060302916978310275 0
1747649605682 -0.00035023202871914335 0
1747649605693 0.0025748106818823386 0
1747649605714 -0.0016842814434291612 0
1747649605737 0.000967906265919608 0
1747649605748 0.00021052631578944098 0
1747649605760 0.002094717668488132 0
1747649605782 0.0015330810137498215 0
1747649605798 -0.00012519561815329524 0
1747649605811 0.0006702912042898891 0
1747649605823 0.0005609573672399782 0
1747649605840 0.006836308393467517 0
1747649605853 -0.002317448278767948 0
1747649605865 -0.000252100840336144 0
1747649605876 -0.0011417938850593087 0
1747649605888 0.0040746707097508795 0
1747649605916 -0.0022659561075908897 0
1747649605937 -0.0003854413303231043 0
1747649605950 -0.0005885815185404099 0
1747649605960 0.0019326619875902889 0
1747649605972 0.00047767775124018657 0
1747649605984 0.001226183738917176 0
1747649605995 0.0003485940041831413 0
1747649606003 -0.006219878897722115 0
1747649606014 0.005459537312089365 0
1747649606030 -0.0012858979854263861 0
1747649606038 -0.0032140184035574513 0
1747649606049 -0.003044875250684771 0
1747649606065 0.002083696638809589 0
1747649606076 0.0008933756197793171 0
1747649606088 -0.002112128061659266 0
1747649606103 -0.0006197706848465385 0
1747649606125 0.0004718372161605823 0
1747649606135 0.0007190705067554159 0
1747649606153 -0.0037745505725801966 0
1747649606163 -0.0016602102933038815 0
1747649606174 -0.00013761467889908779 0
1747649606187 0.002420686905507799 0
1747649606200 0.0010359703331082378 0
1747649606211 -7.587253414259831e-05 0
1747649606239 -0.00045180499800020693 0
1747649606255 0.00021050169570811228 0
1747649606266 -0.0009246213455442407 0
1747649606289 -0.0007673492878040282 0
1747649606303 0.0032441874974004662 0
1747649606322 -0.0022433820230321404 0
1747649606333 0.0006091145689129648 0
1747649606343 0.00035705177250690626 0
1747649606360 -0.001923076923076882 0
1747649606375 0.0014064697609000088 0
1747649606387 0.004709444117399644 0
1747649606397 0.0066333755683088925 0
1747649606417 0.0003441156228492904 0
1747649606436 0.0007845774490023894 0
1747649606450 3.7013732094652336e-05 0
1747649606463 -0.0007190705067554159 0
1747649606484 0.00280881343237001 0
1747649606498 0.0002712783994575338 0
1747649606518 0.0017137960582690294 0
1747649606531 -0.00021093708801338306 0
1747649606558 0.002822477181921417 0
1747649606572 0.0032846482556284835 0
1747649606587 -0.0003458213256484281 0
1747649606599 -0.003948110547095357 0
1747649606614 -0.00021537909284363566 0
1747649606625 0.0006834686031611188 0
1747649606638 -0.0008102789674731726 0
1747649606649 -0.0001855976243503714 0
1747649606662 0.0003344961055095282 0
1747649606686 0.002977643268573657 0
1747649606703 -0.0002805311389564348 0
1747649606713 -4.7018995674142814e-05 0
1747649606726 0.0007541621211403512 0
1747649606742 -0.002655263442271204 0
1747649606753 0.00023737181921757526 0
1747649606765 0.0017489421720732752 0
1747649606778 -0.0008138238573020698 0
1747649606790 0.0028639618138424023 0
1747649606801 -0.00015671524839367464 0
1747649606812 -0.0005323553767893257 0
1747649606823 -0.001288659793814543 0
1747649606832 -0.0003083089255434062 0
1747649606845 0.0005160224985810188 0
1747649606854 -0.002791447235891513 0
1747649606864 0.0009425070688029959 0
1747649606880 -0.0006398172441482831 0
1747649606894 0.00023687701345456724 0
1747649606916 -0.001052631578947346 0
1747649606929 0.0002112557039039634 0
1747649606940 0.0014159102073504222 0
1747649606959 0.0008489722966934027 0
1747649606972 0.004009274466235069 0
1747649606985 0.0 0
1747649606996 -0.0019756772182465514 0
1747649607007 0.0001398894873049515 0
1747649607019 -0.0005920663114269724 0
1747649607035 0.00012697337791510194 0
1747649607047 0.0012146098984222372 0
1747649607054 -0.0002737616562579902 0
1747649607072 -0.0007630856251051455 0
1747649607111 0.0009166703042472738 0
1747649607128 0.003084832904884253 0
1747649607140 -8.589958338697297e-05 0
1747649607155 -0.0015658100764483246 0
1747649607169 -0.0021742962919432942 0
1747649607179 0.0005131626212347496 0
1747649607189 0.0031270728702738055 0
1747649607200 4.6382189239224e-05 0
1747649607208 -0.00031645569620254363 0
1747649607229 0.0026392589772871937 0
1747649607247 0.002327279364789558 0
1747649607260 -0.0002086049543677359 0
1747649607274 -0.009958545766426989 0
1747649607287 -0.0015360983102919756 0
1747649607298 0.0002997730289922443 0
1747649607310 0.0018617640214102465 0
1747649607328 0.004202187203995519 0
1747649607341 -4.695056105926204e-05 0
1747649607356 0.0005094820266063029 0
1747649607373 -0.003461495514943982 0
1747649607382 -0.0008848175714359787 0
1747649607394 -0.000254879887852859 0
1747649607412 -0.0009106665491614793 0
1747649607424 0.00079155672823222 0
1747649607433 0.0005238736716060225 0
1747649607449 0.0007760962359332392 0
1747649607471 -0.005156994581891693 0
1747649607488 0.00012817773979919306 0
1747649607500 -0.0008939493742355276 0
1747649607512 -0.0004109589041096046 0
1747649607524 -0.0004772919190805935 0
1747649607536 -0.002108247124003258 0
1747649607549 -0.0024609640190088183 0
1747649607561 -0.0013452914798206788 0
1747649607570 0.00018689842070824142 0
1747649607588 0.002213960482894057 0
1747649607599 0.001340961916681617 0
1747649607614 -0.0010400416016640179 0
1747649607624 -0.0007218131947452273 0
1747649607636 0.0008973343890208213 0
1747649607647 0.0016187778227437699 0
1747649607662 -0.00026860059092135565 0
1747649607674 -0.0015913430935710342 0
1747649607682 0.0016444247675668712 0
1747649607693 0.0012946485365981828 0
1747649607709 -0.0011832268177980629 0
1747649607727 0.0010893246187364764 0
1747649607740 0.0002506265664159902 0
1747649607753 0.0005988621618924271 0
1747649607772 -0.0008287895310795355 0
1747649607787 0.0015159690639532748 0
1747649607799 -0.0009793814432988842 0
1747649607811 0.0 0
1747649607823 -0.0004150115610364291 0
1747649608796 -0.0008285726745453034 0
1747649608808 -0.0007571517924744943 0
1747649608830 0.0013876040703051612 0
1747649608841 0.0004993549997919543 0
1747649608871 0.001469912723932018 0
1747649608886 -9.156251430659211e-05 0
1747649608907 0.00037568092167054206 0
1747649608922 -0.00018362100624307767 0
1747649608941 -0.0010256410256409127 0
1747649608958 0.00021092596498636026 0
1747649608969 0.0034612490594431436 0
1747649608993 -0.003821734574369794 0
1747649609023 -0.0008896118750476915 0
1747649609035 0.0011082379017362813 0
1747649609048 -0.000924453647894042 0
1747649609059 -0.002428962486023919 0
1747649609078 0.0004444115250722337 0
1747649609106 0.0009289363678587818 0
1747649609116 0.0018280607322399512 0
1747649609125 0.0005511276920468746 0
1747649609137 -0.0003663842454774041 0
1747649609148 0.0012813211845102992 0
1747649609165 0.00020605810838652402 0
1747649609182 0.00037432154220471266 0
1747649609223 -0.0003555555555555164 0
1747649609243 -0.006272764063132253 0
1747649609254 -0.002969251748559319 0
1747649609278 -0.0006091145689129648 0
1747649609290 0.00021260311250952485 0
1747649609299 -0.0008870336551004154 0
1747649609312 -0.0006540222367560125 0
1747649609324 0.001301427371956289 0
1747649609331 0.0032592024539877967 0
1747649609338 -0.00040271545276724573 0
1747649609355 -0.001690070833851071 0
1747649609366 0.0005713030103273182 0
1747649609377 -0.0010456390699962763 0
1747649609390 7.775142868259706e-05 0
1747649609414 0.0005549594879574001 0
1747649609438 -0.0008542141230068661 0
1747649609450 0.0003260363297623613 0
1747649609480 0.00042286874154269126 0
1747649609492 -0.0006072464745968788 0
1747649609511 -0.0021794150731159014 0
1747649609522 -0.0006134969325152489 0
1747649609534 -0.000138709080821163 0
1747649609556 -5.9769035370473663e-05 0
1747649609584 0.001554034188752112 0
1747649609594 -0.004143222506393837 0
1747649609613 -0.000112124383315896 0
1747649609627 0.0033364661654134375 0
1747649609639 -0.0005123388267441062 0
1747649609652 -9.935419771479839e-05 0
1747649609663 -0.0008811486031202748 0
1747649609691 -0.0006586651053864419 0
1747649609702 -0.0013717421124829052 0
1747649609718 -0.000565450947130224 0
1747649609729 -0.0012544428183149127 0
1747649609745 0.0 0
1747649609761 4.2529664440999534e-05 0
1747649609783 0.0020857473928158382 0
1747649609799 0.002428962486023919 0
1747649609815 0.0007966904455620134 0
1747649609827 0.00017099863201084915 0
1747649609840 -0.0008394383394384165 0
1747649609852 0.0012419964514386933 0
1747649609864 0.0009251916468411665 0
1747649609889 -0.00045172219085257587 0
1747649609898 0.0009407740004277107 0
1747649609907 -0.00035248501938673114 0
1747649609918 -0.0017925736235594554 0
1747649609929 0.00025938414792299615 0
1747649609939 0.00337780058149481 0
1747649609959 -0.0013367751452014343 0
1747649609974 -0.0013924901565350962 0
1747649609981 -0.0020422141109059963 0
1747649609995 0.0013623978201635393 0
1747649610051 0.00015292858235209267 0
1747649610065 -0.00021052631578944098 0
1747649610091 -0.00458002221652578 0
1747649610105 -0.0005647976997329654 0
1747649610118 -3.9024390243984796e-05 0
1747649610131 -0.0002760397497239707 0
1747649610145 0.0015077726263294745 0
1747649610158 0.006500766013829656 0
1747649610187 0.0018792924147325067 0
1747649610212 0.0003698224852071584 0
1747649610250 0.0005539961589599855 0
1747649610265 -0.002688904016337726 0
1747649610285 -0.001393282120801423 0
1747649610304 0.0003151591553735289 0
1747649610340 0.0012111186600892352 0
1747649610358 0.0007250429846911646 0
1747649610371 0.00023781212841862876 0
1747649610391 -0.0007760209525656339 0
1747649610405 -0.00020216995754431658 0
1747649610418 0.0075675675675676716 0
1747649610448 0.0034246575342465023 0
1747649610462 -0.0003405000486429346 0
1747649610474 0.0009272137227630771 0
1747649610488 -0.0005954912803062248 0
1747649610501 -0.0007760962359332392 0
1747649610514 0.0007300335815447787 0
1747649610529 0.0004586945552955374 0
1747649610540 0.0012054109558462887 0
1747649610547 -0.0011730609991720423 0
1747649610560 0.0027429238400934106 0
1747649610569 0.00040351506456226636 0
1747649610580 0.00025199496010080757 0
1747649610598 -0.0015846328443529466 0
1747649610609 -0.000138709080821163 0
1747649610621 -0.0007530971118725599 0
1747649610669 0.0 0
1747649610685 -0.0016289171579273209 0
1747649610702 -0.0037878787878787446 0
1747649610735 7.382798080468408e-05 0
1747649610747 0.005622220357472532 0
1747649610757 -4.582111436939467e-05 0
1747649610768 0.0014288738357324843 0
1747649610807 -0.002050995198806716 0
1747649610832 -0.0007485029940118681 0
1747649610848 0.004186198079863675 0
1747649610866 -0.0011494252873562292 0
1747649610878 -0.002496359475764457 0
1747649610889 -0.00022586109542618762 0
1747649610915 -0.0045380589715895816 0
1747649610933 0.0007974879130737297 0
1747649610945 0.00042218586732804467 0
1747649610981 0.010255442305272446 0
1747649610992 -0.0003514069794832428 0
1747649611023 -0.002774221084080294 0
1747649611035 0.0017192103064679791 0
1747649611052 -0.003656532456861104 0
1747649611064 0.002576212966938698 0
1747649611087 -0.0009551098376313072 0
1747649611116 0.00042256496936395564 0
1747649611129 0.00024576062914716175 0
1747649611144 0.0006294214975708913 0
1747649611161 -0.006907878410511096 0
1747649611176 0.0005865747699527731 0
1747649611202 -0.0011450381679388392 0
1747649611215 -4.2916613020800375e-05 0
1747649611232 0.0008699434536754927 0
1747649611265 -0.0010870037827732568 0
1747649611276 -0.000727646278303277 0
1747649611302 0.004122227311391666 0
1747649611321 0.007832130927321759 0
1747649611332 -4.74023511566753e-05 0
1747649611348 0.0005510745954611108 0
1747649611359 0.0015365572580989955 0
1747649611381 0.00048601764617921625 0
1747649611392 -0.0005953646608547457 0
1747649611442 -0.0008468834688346703 0
1747649611462 -0.0007934285447586792 0
1747649611491 0.0006313574184496681 0
1747649611505 -0.0011494252873562776 0
1747649611516 -0.0008169934640522306 0
1747649611533 -0.000248065092280165 0
1747649611544 0.0005974225484338716 0
1747649611552 0.003121066335592304 0
1747649611581 0.0017843600838650443 0
1747649611605 -0.001656657693104127 0
1747649611624 0.0008868917400816276 0
1747649611641 -0.004004491810920187 0
1747649611652 0.0008153477218226864 0
1747649611665 0.0009423745024402971 0
1747649611677 -0.0005422503389064824 0
1747649611695 -0.00047446514837815875 0
1747649611707 -0.0011730609991720423 0
1747649611720 -0.00020866371755275042 0
1747649611741 0.001155030800821399 0
1747649611756 -0.0009392456374511024 0
1747649611770 -0.0012668918918919399 0
1747649611787 0.00014107688690336768 0
1747649611798 0.0011556240369798609 0
1747649611806 -0.0004636068613816209 0
1747649611819 0.0 0
1747649611844 -8.410782623318438e-05 0
1747649611888 0.0030992966980570966 0
1747649611907 -0.0015667022411952928 0
1747649611919 0.00028050490883587374 0
1747649611936 -0.0038463392297680993 0
1747649611946 -0.0005929377331275199 0
1747649611955 -0.002797202797202738 0
1747649611964 -0.0008920606601248694 0
1747649611984 0.0006483682731790368 0
1747649612001 0.00013474365020552906 0
1747649612014 -0.0004762935700367713 0
1747649612028 -0.0015503875968993493 0
1747649612039 -0.001406469760900194 0
1747649612048 0.0007722007722008015 0
1747649612056 0.00041832252666797784 0
1747649612070 -0.00024858195295011823 0
1747649612088 0.0 0
1747649612105 0.0005286343612334406 0
1747649612121 -0.00019666650277780535 0
1747649612182 8.522243054367187e-05 0
1747649612193 -0.0003528581510233438 0
1747649612228 0.0008948545861298937 0
1747649612239 -0.0013117621337997874 0
1747649612275 -0.0035325962288389103 0
1747649612287 -0.00038206218061985383 0
1747649612317 0.0025689330364789464 0
1747649612329 0.0009197516670499314 0
1747649612339 4.1856766146149995e-05 0
1747649612358 -0.0003870343492984576 0
1747649612369 -0.0007530971118725599 0
1747649612380 -0.000506212609295869 0
1747649612389 0.0015503875968993493 0
1747649612401 -0.0039225610527647715 0
1747649612411 -0.0008757496948145334 0
1747649612427 -0.007578963567114192 0
1747649612436 0.0013645150286169642 0
1747649612452 -0.0010306622004636844 0
1747649612461 0.00017182868679931852 0
1747649612469 0.00088888888888887 0
1747649612477 -0.0003333111125925065 0
1747649612507 0.002192982456140434 0
1747649612530 0.0031047694543533226 0
1747649612543 -0.00063478628861619 0
1747649612553 0.003494736842105196 0
1747649612566 0.0037558488428209164 0
1747649612574 -7.326582410970457e-05 0
1747649612596 0.000907441016333919 0
1747649612607 -0.0007502393004666178 0
1747649612620 -0.0009726766292334432 0
1747649612635 -0.0024408561772438584 0
1747649612646 0.00026703458097824677 0
1747649612658 0.002746987951807162 0
1747649612669 0.0003408751970685871 0
1747649612693 0.00026397761469840864 0
1747649612705 0.003978054712392273 0
1747649612723 -0.0008453085376162119 0
1747649612734 0.0004142011834320385 0
1747649612748 -0.0003402517863218407 0
1747649612775 4.487524681391232e-05 0
1747649612785 -0.00041014248178920137 0
1747649612797 -3.6713415081915785e-05 0
1747649612808 0.00024761668936487257 0
1747649612834 0.0004636068613816209 0
1747649612849 0.0020127993393888274 0
1747649612861 -0.00017130620985001213 0
1747649612869 0.0006680026720105552 0
1747649612881 0.002586917834975461 0
1747649612894 -9.415752554017662e-05 0
1747649612912 -0.0013718000126627212 0
1747649612929 0.00033010109345983575 0
1747649612987 0.00041911148365456877 0
1747649613006 -0.00039579576938301335 0
1747649613018 -0.0007535795026375568 0
1747649613030 -0.0036053604226661284 0
1747649613053 -0.0028580089204520397 0
1747649613070 -8.213552361391751e-05 0
1747649613085 -7.468817686169409e-05 0
1747649613106 -0.0010905642484589704 0
1747649613122 -0.0016291619997964165 0
1747649613135 0.0010195939356325778 0
1747649613152 0.00042844901456733347 0
1747649613167 0.0005618678986140805 0
1747649613175 0.00999414405621693 0
1747649613186 -0.00280693190139144 0
1747649613203 0.0063152355056573265 0
1747649613214 0.00047159699892815576 0
1747649613227 -0.000826244611215573 0
1747649613240 -0.005671515104749353 0
1747649613260 -0.002352765433020965 0
1747649613278 0.00022909507445585363 0
1747649613290 5.2121338476035765e-05 0
1747649613313 -4.28632661823059e-06 0
1747649613328 -0.0010098459984852319 0
1747649613338 0.0005623506256151339 0
1747649613354 0.004170212765957403 0
1747649613363 0.0005776530780656604 0
1747649613387 -0.002096436058700236 0
1747649613411 -0.00022160173735773426 0
1747649613427 -0.0005074268843988943 0
1747649613441 0.0 0
1747649613453 -0.0012131715771229938 0
1747649613470 0.000373831775700993 0
1747649613482 0.0003933136676500123 0
1747649613495 -0.0006169665809768872 0
1747649613509 0.0035555321446442624 0
1747649613522 -0.0008285726745453034 0
1747649613534 0.0008854781582052547 0
1747649613543 -0.00019104386367106086 0
1747649613558 -0.0021700532649437413 0
1747649613586 -0.0004899902001959732 0
1747649613603 -0.0005549594879574001 0
1747649613612 0.00021255114511917653 0
1747649613629 0.0010281158203945993 0
1747649613644 0.0008115001159286187 0
1747649613661 -0.0060306665811252595 0
1747649613669 0.0018637399047422534 0
1747649613680 0.0011538461538461975 0
1747649613709 0.0 0
1747649613721 -0.0007001575354455018 0
1747649613733 -0.0008440955516164251 0
1747649613751 -0.0014740697726359606 0
1747649613760 -0.00047446514837815875 0
1747649613769 -0.0003685956505713809 0
1747649613780 0.0005158082546232481 0
1747649613789 -0.00039145752685835073 0
1747649613810 0.0024672864255188324 0
1747649613819 0.003001398957141124 0
1747649613835 -0.0010750616522812299 0
1747649613862 0.0011440677966100623 0
1747649613878 -0.0010048656653269465 0
1747649613889 0.003834923955201003 0
1747649613897 0.0009846673231115027 0
1747649613910 0.0006365372374282629 0
1747649613934 0.00022216462398638232 0
1747649613953 0.011710925060352251 0
1747649613988 -0.000320659642693517 0
1747649614001 -0.0005954912803062248 0
1747649614046 0.0009080748812517393 0
1747649614054 0.0029668874172185927 0
1747649614068 0.002874068860343685 0
1747649614082 0.00042016806722695643 0
1747649614094 0.0014633708019014602 0
1747649614109 0.00015292858235209267 0
1747649614121 -0.005391312033231689 0
1747649614147 -0.004689521345407402 0
1747649614159 -0.0015160010798911884 0
1747649614171 -0.0017458100558659466 0
1747649614183 0.00171454564540395 0
1747649614195 0.0014535587964533718 0
1747649614207 0.00018362100624307767 0
1747649614219 -0.0001918526571593089 0
1747649614227 -0.00018145527127569116 0
1747649614243 0.0031418486482292975 0
1747649614255 -0.001301427371956289 0
1747649614275 0.001201785509900469 0
1747649614287 0.0018280607322399512 0
1747649614312 -0.004349698535745008 0
1747649614339 0.0013456686291000851 0
1747649614347 0.0 0
1747649614391 -0.0034679217240525654 0
1747649614424 -0.0038018968109119083 0
1747649614439 -0.0006745362563237031 0
1747649614459 -0.00037134840732795595 0
1747649614475 0.003911232038091946 0
1747649614492 0.001711351968054828 0
1747649614506 0.0005100089251562473 0
1747649614519 -0.00021137180300143753 0
1747649614544 0.0007038079715514116 0
1747649614585 -0.0002892681515764539 0
1747649614604 -0.00038028235965216863 0
1747649614639 0.00021054404581449207 0
1747649614646 -0.0021286975032151433 0
1747649614658 8.262072954114282e-05 0
1747649614697 -0.003819112924225215 0
1747649614711 0.0002950722927117256 0
1747649614729 0.0017642008736097085 0
1747649614741 0.00046669000116674267 0
1747649614753 -0.0008257638315441567 0
1747649614764 -4.2526047203813286e-05 0
1747649614772 -0.00011648223645894443 0
1747649614787 -0.00032758959575445123 0
1747649614798 -0.0017785599976235802 0
1747649614810 -0.00015429717636172412 0
1747649614824 -0.00018684603886407166 0
1747649614846 0.0007763620587294817 0
1747649614858 0.0014260403612634588 0
1747649614869 -3.7966513535108476e-05 0
1747649614897 -0.0019905590627310554 0
1747649614913 -8.890996384328475e-05 0
1747649614942 -0.0010507420865985444 0
1747649614954 -0.0006422607578677186 0
1747649614964 -5.670809508060847e-05 0
1747649614976 -0.001187335092348174 0
1747649614990 -0.0027796477665095903 0
1747649615002 -0.0003320525591765784 0
1747649615010 -0.0017922837468161824 0
1747649615022 -0.0004509582863586625 0
1747649615035 0.0002506265664159902 0
1747649615048 0.0020615900012884956 0
1747649615056 -5.5248618784597906e-05 0
1747649615089 0.0002955737826055816 0
1747649615111 2.1594074585883294e-05 0
1747649615123 0.0036832412523019474 0
1747649615150 -0.002796243536984321 0
1747649615172 0.0021885896579865367 0
1747649615203 0.000560852495793694 0
1747649615214 0.0011492122335496704 0
1747649615226 -0.004793496184377037 0
1747649615237 -5.203996669430003e-05 0
1747649615245 -0.0011352885525071385 0
1747649615257 -0.0014493371413955803 0
1747649615289 -0.0003655361791661608 0
1747649615304 -8.905436981305616e-05 0
1747649615311 5.1527799247757105e-05 0
1747649615319 -0.0002661540736359705 0
1747649615332 -0.0037913893335580024 0
1747649615344 0.002146306564120831 0
1747649615356 -0.001405810684161253 0
1747649615370 -0.002098706925732894 0
1747649615382 0.0003277828766225377 0
1747649615398 0.0005136106831022889 0
1747649615410 -0.007666728246813212 0
1747649615421 0.005500705218617813 0
1747649615433 -0.00042326250740716 0
1747649615451 -0.0006486816499408349 0
1747649615462 0.005327424449578196 0
1747649615470 0.0024709807722185055 0
1747649615485 0.0016389997898717346 0
1747649615502 -0.00309713749413416 0
1747649615514 -0.0014834209313404454 0
1747649615525 -0.0008635387374619572 0
1747649615537 0.0 0
1747649615561 0.00010679653124856792 0
1747649615585 -0.0006088544837783486 0
1747649615596 0.0032966784835279156 0
1747649615624 6.766815536604722e-05 0
1747649615640 -0.00038226299694195577 0
1747649615648 -0.00598595204318196 0
1747649615659 -0.0014511782185060325 0
1747649615670 -0.0006809959565865839 0
1747649615687 0.004090065778377522 0
1747649615700 0.0007205259839682175 0
1747649615708 -0.0007689021785562017 0
1747649615728 -0.0012813211845102992 0
1747649615753 -0.0015855214818823935 0
1747649615770 0.001594597129725116 0
1747649615783 -0.003923869595511492 0
1747649615794 -0.002781774580335723 0
1747649615804 -0.001574252230190719 0
1747649615821 0.0004041220448575623 0
1747649615852 -0.0018850141376060066 0
1747649615863 -8.250144377536689e-05 0
1747649615885 -0.0006490195169440149 0
1747649615900 -0.0014340344168258883 0
1747649615914 0.0011196888443633628 0
1747649615927 -5.762028233945388e-05 0
1747649615947 0.0003325711910205412 0
1747649615959 -0.0017932086989698815 0
1747649615978 0.0005611672278338002 0
1747649616003 0.0004418912947414057 0
1747649616016 -0.001742160278745621 0
1747649616033 -0.002112128061659266 0
1747649616054 -0.0005220796171416339 0
1747649616075 -4.746760336076433e-05 0
1747649616085 0.000721347647133681 0
1747649616102 4.294794708818168e-05 0
1747649616113 -0.0004741583688952851 0
1747649616132 0.004560260586319273 0
1747649616158 -0.0020859859670034455 0
1747649616181 0.00032173553339161876 0
1747649616193 0.0003860175852455647 0
1747649616205 -8.726764988229533e-05 0
1747649616221 0.0004438329412808136 0
1747649616249 -0.002682662165420745 0
1747649616266 0.0 0
1747649616277 -0.003850980052788656 0
1747649616286 -0.0009311812699539197 0
1747649616297 0.0008731381612737268 0
1747649616306 0.001084937521107755 0
1747649616322 -0.0018161648995175645 0
1747649616341 0.00010449320794142588 0
1747649616373 -0.00039333300555578543 0
1747649616384 0.00458002221652578 0
1747649616406 5.2375216047830206e-05 0
1747649616422 -0.0001939864209504949 0
1747649616437 0.0014307004470939441 0
1747649616448 0.0005933889490034367 0
1747649616460 7.47440017939474e-05 0
1747649616468 -8.796428649963238e-05 0
1747649616478 -0.0018785222291797833 0
1747649616490 0.001379398157972873 0
1747649616499 0.00020774472328413486 0
1747649616512 0.00012900451515803543 0
1747649616522 0.00012795905310304976 0
1747649616548 0.0 0
1747649616561 0.0 0
1747649616584 -0.0005238736716060225 0
1747649616596 0.0010726072607260644 0
1747649616624 -0.0002481058075843679 0
1747649616645 -0.0012983299016243643 0
1747649616656 0.00018330125561349936 0
1747649616667 0.00012570710245129327 0
1747649616689 0.0017262515323609381 0
1747649616719 0.0046998351013879955 0
1747649616728 -0.006837999082147816 0
1747649616739 0.002312406058503824 0
1747649616750 0.0012820512820512781 0
1747649616759 0.00021258503401356315 0
1747649616769 0.00042016806722695643 0
1747649616782 -0.00016912604118224752 0
1747649616794 0.0006747638326585951 0
1747649616810 -0.0016561998200879612 0
1747649616822 0.004268139593271379 0
1747649616830 -0.00012296593843505815 0
1747649616853 0.001408241921138462 0
1747649616875 0.0007889054974256084 0
1747649616885 -0.004389395914819604 0
1747649616924 -0.0008102789674731726 0
1747649616941 0.0007659574468085397 0
1747649616965 -0.00010284891494389033 0
1747649616981 0.00115570965017557 0
1747649617018 0.0005292709867451246 0
1747649617056 0.0019363102862759605 0
1747649617069 0.00020864847947427552 0
1747649617080 0.0007135636558244904 0
1747649617095 0.004311268846914335 0
1747649617105 -0.0007722802862585887 0
1747649617114 -0.0014783593356819513 0
1747649617124 -0.00022202486678503576 0
1747649617136 0.0004262082560090455 0
1747649617147 0.0005719336556958993 0
1747649617154 -0.0027796477665095903 0
1747649617166 -0.0005172950746118163 0
1747649617178 -0.009151636606546457 0
1747649617207 0.001281503630927003 0
1747649617219 0.0006774780878180225 0
1747649617233 0.0004772919190805935 0
1747649617246 0.0005386963548213528 0
1747649617264 0.0006207091131383999 0
1747649617272 -0.0004304778303916492 0
1747649617280 -0.0015224656516895792 0
1747649617291 0.0004610419548177967 0
1747649617318 -0.004104567333043691 0
1747649617330 -0.0010084925690020357 0
1747649617345 -0.0012895071691475023 0
1747649617373 0.000594601022713852 0
1747649617393 0.0003933689238548972 0
1747649617413 -0.0003735524841240778 0
1747649617429 -0.000560381059120057 0
1747649617453 0.0017237030185823748 0
1747649617471 0.0007147962830592494 0
1747649617482 0.0001355748373102405 0
1747649617494 -0.0018981635267877922 0
1747649617506 -0.012332845059774097 0
1747649617514 -0.0010514325768860471 0
1747649617527 4.155930512832139e-05 0
1747649617563 0.00014790711433211741 0
1747649617588 0.0006351626016260403 0
1747649617606 0.0007257532438971025 0
1747649617650 -0.003523234928383887 0
1747649617666 1.9443904335945352e-05 0
1747649617717 0.0012231440119125315 0
1747649617725 0.0011532396620301606 0
1747649617736 0.0015389350569407281 0
1747649617769 0.0018277455138112002 0
1747649617785 0.001907521429433795 0
1747649617797 0.001586791036774875 0
1747649617828 0.0011318036835066374 0
1747649617844 -0.0037759165179184206 0
1747649617855 0.0003663842454774041 0
1747649617869 0.0024249061326657387 0
1747649617888 0.000861786333192813 0
1747649617900 -0.0016711144999364024 0
1747649617912 0.0007070885628425752 0
1747649617922 -0.0032298477077868527 0
1747649617930 0.00045167118337857107 0
1747649617948 0.0004995580832339901 0
1747649617969 0.0006398537477147782 0
1747649617983 0.0 0
1747649618017 -0.000350339391285269 0
1747649618044 -0.006836308393467517 0
1747649618056 -0.0007274490785645281 0
1747649618067 -0.0045515241692418865 0
1747649618079 -0.0016278312636621617 0
1747649618095 -0.0034841565045434374 0
1747649618117 0.0034265869900527916 0
1747649618131 0.0006336060666533039 0
1747649618148 0.0012280897621970786 0
1747649618173 0.0016151361329024728 0
1747649618188 0.002371494634493339 0
1747649618200 -0.00298973092421678 0
1747649618240 -0.0010828025477706664 0
1747649618251 0.002360495656593069 0
1747649618279 0.0008821453775582028 0
1747649618311 -0.0015571330432792522 0
1747649618321 -0.004221926483410525 0
1747649618332 -0.0010367618471640637 0
1747649618354 0.003402412619857663 0
1747649618363 -0.002083333333333289 0
1747649618382 -7.469244288238767e-05 0
1747649618393 -0.001951792617297103 0
1747649618407 0.0015903669203679819 0
1747649618425 0.0022141888838680293 0
1747649618444 -0.0002576434215046473 0
1747649618467 0.00039145752685835073 0
1747649618479 0.00040187052462367504 0
1747649618492 -0.0013592657342658273 0
1747649618503 0.0012771392081735882 0
1747649618534 -0.0014391534391533934 0
1747649618550 -0.0007486897928625191 0
1747649618586 0.007894633224396508 0
1747649618618 -0.0022967386311438086 0
1747649618629 0.0009339975093400106 0
1747649618661 -0.00018559270355537018 0
1747649618687 -0.0013848066922902862 0
1747649618718 0.0008255041471756278 0
1747649618752 0.0013374944271066045 0
1747649618787 -0.0001045946955547471 0
1747649618810 4.247727465810985e-05 0
1747649618822 0.0011139330749007966 0
1747649618846 0.0027792083251940015 0
1747649618857 0.0004204109517052456 0
1747649618869 -0.00017614937466977877 0
1747649618885 -0.0060302916978310275 0
1747649618899 0.0017951981740770332 0
1747649618921 -0.0004861812334044533 0
1747649618942 -0.0003516019865511853 0
1747649618961 0.0014307004470939441 0
1747649618980 0.00021244051665544517 0
1747649619004 0.003691648822269876 0
1747649619016 5.090094675749106e-05 0
1747649619039 -0.002021631456585541 0
1747649619066 -0.0005612197175194301 0
1747649619084 0.002057848405167564 0
1747649619101 -0.00036376864314297485 0
1747649619122 0.0011543888152550782 0
1747649619133 -0.000644606789858211 0
1747649619145 -0.0009315156834996893 0
1747649619156 -0.0010214178556608902 0
1747649619178 0.00022313061173484075 0
1747649619199 0.0005155746509128637 0
1747649619217 0.0016849199663015648 0
1747649619228 0.0008751945804744535 0
1747649619246 0.0002900971385874195 0
1747649619259 9.672115291608914e-05 0
1747649619284 0.0015225185403468572 0
1747649619294 0.0004371686354757422 0
1747649619316 -0.00043936731107196877 0
1747649619338 -0.0004639175257732135 0
1747649619347 -8.501955449763834e-05 0
1747649619358 0.0007610629206475838 0
1747649619369 0.00021536871123358913 0
1747649619385 -0.00011584353400008163 0
1747649619396 -0.0009331259720062562 0
1747649619412 0.0005151983513653562 0
1747649619430 0.0007747933884297815 0
1747649619471 0.00020849622100587874 0
1747649619483 -0.0004540295119182919 0
1747649619510 -0.0006101015383274217 0
1747649619522 0.0025417887299673037 0
1747649619537 -0.00379867046533722 0
1747649619548 0.0003690445436764794 0
1747649619576 -0.00281774580335735 0
1747649619590 -0.0003387725142566895 0
1747649619600 0.002103212777017601 0
1747649619623 0.00048327137546461433 0
1747649619640 0.0 0
1747649619663 -0.0033872954425480262 0
1747649619679 -0.0017947537965944743 0
1747649619695 -0.00015073861923416428 0
1747649619707 -0.0002436290990595432 0
1747649619718 0.0001341621573274949 0
1747649619730 0.00037359134781351415 0
1747649619745 0.001256799849934416 0
1747649619762 -0.0006652253450857222 0
1747649619777 -0.0004742226136441603 0
1747649619794 -0.0021240916713248428 0
1747649619814 0.0006151322534345117 0
1747649619831 0.0013672602637657303 0
1747649619843 0.0008880317538625562 0
1747649619861 -0.0021005881646861207 0
1747649619880 -0.0021864036202775845 0
1747649619903 5.91715976329982e-05 0
1747649619914 0.00034470719775143006 0
1747649619938 -0.004034607003387293 0
1747649619947 0.0005631230499962345 0
1747649619967 0.0024407231684158734 0
1747649619976 -0.00020979020979021773 0
1747649619987 0.001562829989440297 0
1747649619996 0.0 0
1747649620007 -0.003402412619857663 0
1747649620019 0.0005398526973354161 0
1747649620034 0.00018852510525985757 0
1747649620054 0.0014724911873634041 0
1747649620092 -0.0031512306833343215 0
1747649620102 -0.0005566379070414907 0
1747649620111 -0.00022143489813990282 0
1747649620123 0.0003041925671208254 0
1747649620140 0.004929700462841663 0
1747649620148 -0.001269501376567697 0
1747649620160 0.0011571498509056833 0
1747649620192 -0.0008726003490402759 0
1747649620209 -0.002885426377236262 0
1747649620231 -0.0003023203083666812 0
1747649620253 -0.0005290031740190369 0
1747649620265 5.147541405539424e-05 0
1747649620295 -0.00035691790888087144 0
1747649620305 0.0002073016238626463 0
1747649620327 -0.0010016112877237159 0
1747649620338 0.00033067416194778123 0
1747649620369 8.698677800984883e-05 0
1747649620410 9.311853990124273e-05 0
1747649620427 0.0005200748907841694 0
1747649620440 0.0004992186143428382 0
1747649620458 0.0015225185403468572 0
1747649620566 0.0021851258988235516 0
1747649620574 0.00036900369003695804 0
1747649620588 0.0022310335712398166 0
1747649620607 -0.0007863008911410397 0
1747649620615 -0.002736797092153092 0
1747649620628 0.000983108410045512 0
1747649620637 -0.0028973614442621754 0
1747649620672 0.0007730180388169609 0
1747649620685 -0.0005366800148618307 0
1747649620696 -0.002019301374174061 0
1747649620712 -4.284123040003725e-05 0
1747649620728 0.004870757639615992 0
1747649620749 0.00012373685295937774 0
1747649620769 0.000976645435244148 0
1747649620780 -9.188220701056147e-05 0
1747649620791 -0.0004398504508467809 0
1747649620805 -0.000851284328965863 0
1747649620820 0.0018396443354285537 0
1747649620847 -0.0010017028949213449 0
1747649620867 9.918893967013929e-05 0
1747649620884 -0.00041931651408206217 0
1747649620911 -0.0004860267314701773 0
1747649620926 -0.00036186770428014173 0
1747649620938 -0.0018792924147325067 0
1747649620949 0.008762000586928253 0
1747649620960 -0.004973680938367698 0
1747649620990 -0.007404965384322786 0
1747649620999 0.0030294659300183894 0
1747649621007 4.1955108034305406e-05 0
1747649621015 -0.0007706139224248944 0
1747649621026 0.004721649138697415 0
1747649621038 -0.0022618414050027467 0
1747649621083 0.0015497011290679717 0
1747649621101 -0.002832369942196502 0
1747649621123 -0.0011271319807748983 0
1747649621134 0.00030317467192160323 0
1747649621149 0.00015220038267520214 0
1747649621160 0.0 0
1747649621173 -0.0024668867888724914 0
1747649621181 -0.0010116906474819196 0
1747649621189 0.00033600739216273977 0
1747649621199 0.00035788845809723994 0
1747649621222 -0.0004304654766685836 0
1747649621233 0.0006079819342510682 0
1747649621246 -0.000504490795110574 0
1747649621268 -0.002342772491172782 0
1747649621281 0.0012539345394989249 0
1747649621298 -0.002586698233153626 0
1747649621320 -0.0028349007784727012 0
1747649621332 -0.000404367165386186 0
1747649621344 0.0004595493104689887 0
1747649621356 0.0017913897717422023 0
1747649621371 -0.00034184138559709593 0
1747649621383 0.0013216798124066854 0
1747649621390 -0.00015533244932756593 0
1747649621398 -0.0036987781564291676 0
1747649621425 -0.0019384540828688707 0
1747649621444 0.0007483551381987917 0
1747649621464 0.0010511562718991288 0
1747649621483 -0.006349901467046182 0
1747649621495 0.0012358211590236437 0
1747649621507 -0.0018731988472623189 0
1747649621524 4.272591326629649e-05 0
1747649621542 0.0 0
1747649621553 -0.000663570006635679 0
1747649621575 0.00017046665246116922 0
1747649621583 5.2578999947485264e-05 0
1747649621594 0.00028487323141203243 0
1747649621605 0.0002151925973746075 0
1747649621616 0.0017116391461942445 0
1747649621641 -0.002105490704712503 0
1747649621654 0.0003052201238934766 0
1747649621667 0.0 0
1747649621674 -0.00042326250740716 0
1747649621711 -0.00016403095558553031 0
1747649621724 -0.0016653482659560828 0
1747649621734 0.0008933756197793171 0
1747649621750 -0.014122556965327089 0
1747649621765 -0.005578690971949378 0
1747649621782 0.0008215984867303507 0
1747649621793 0.00021003990758239888 0
1747649621807 0.0023632229009676207 0
1747649621832 -0.0006836348338240495 0
1747649621843 0.0014576657527005817 0
1747649621854 -0.0006916064130776003 0
1747649621879 -0.0008289725920935827 0
1747649621891 0.0019465717286069337 0
1747649621903 0.0017553605154982917 0
1747649621915 -0.0023336623664135547 0
1747649621931 -0.000476364968852991 0
1747649621946 0.0015104436388745097 0
1747649621958 0.0002606882168925446 0
1747649621976 0.0017271157167529857 0
1747649621994 -0.006001221622722301 0
1747649622007 -0.0005503577325261629 0
1747649622022 0.0121436434726493 0
1747649622033 -0.0003045820563095741 0
1747649622044 0.001521298174442048 0
1747649622072 0.0 0
1747649622098 0.00011929170549858892 0
1747649622116 -0.0015020732842514588 0
1747649622138 0.00360677738634466 0
1747649622150 4.7454088169753816e-05 0
1747649622179 -0.0020697077572645567 0
1747649622200 0.0003196055154781047 0
1747649622213 -0.0033066259697316293 0
1747649622251 -0.00025826446280986597 0
1747649622289 0.000974805038992194 0
1747649622301 -0.0029275936005277075 0
1747649622330 0.0005215287049398903 0
1747649622357 -0.00256314853859197 0
1747649622369 0.00483525247993626 0
1747649622377 -0.0012049742710119407 0
1747649622388 0.0013456686291000851 0
1747649622395 -0.0022042615723731752 0
1747649622412 -0.00020714655618857256 0
1747649622423 0.000755287009063428 0
1747649622432 -3.3393760137313645e-05 0
1747649622476 0.004702784048156408 0
1747649622487 -0.006351376545895322 0
1747649622510 0.001564529460384853 0
1747649622522 -0.00017613386173497735 0
1747649622544 0.0021056589584507383 0
1747649622558 0.0006884681583476007 0
1747649622572 -0.0003455652460096157 0
1747649622593 0.0001836166836942743 0
1747649622630 -0.0022342064714946006 0
1747649622669 0.0005058702021373208 0
1747649622683 0.0033666397460699 0
1747649622694 -0.0007801899592944263 0
1747649622718 0.00041067761806978657 0
1747649622736 -0.001897898435576514 0
1747649622753 -0.00023768494860070924 0
1747649622769 0.0013544668587897447 0
1747649622781 0.00014107688690336768 0
1747649622795 -0.0007845774490023894 0
1747649622812 -0.00041931651408206217 0
1747649622824 0.0009311812699539197 0
1747649622839 -0.0009089031191903334 0
1747649622850 0.0012820512820513306 0
1747649622862 0.003126372178800432 0
1747649622877 -0.0002488181139585583 0
1747649622898 0.00041483939789033127 0
1747649622909 -0.0015599886546280254 0
1747649622923 -0.0005599104143335953 0
1747649622934 -0.0006599026643569347 0
1747649622988 -0.0037057062052902345 0
1747649623009 0.0033339198144914216 0
1747649623044 -0.0002991213310898904 0
1747649623057 0.0009139574356966007 0
1747649623079 0.0012680163996786672 0
1747649623091 -0.0001792315447519362 0
1747649623107 -0.00013041777159501428 0
1747649623125 -0.00313271311942294 0
1747649623144 -0.0011943203432565588 0
1747649623155 -0.00019109497420214048 0
1747649623166 0.0022342064714946006 0
1747649623195 -0.00023310023310010392 0
1747649623211 0.00014816461088274014 0
1747649623225 0.00020833333333334123 0
1747649623236 0.0 0
1747649623248 0.0004286326618087446 0
1747649623276 -0.009010714644925798 0
1747649623287 0.0006813492634711593 0
1747649623298 0.0023764156800618248 0
1747649623313 -0.0015598741758952428 0
1747649623329 0.00022703193582564808 0
1747649623337 0.0010030569354222772 0
1747649623355 0.0001445504481063946 0
1747649623388 0.0002731494127286806 0
1747649623413 0.00197010578611501 0
1747649623425 0.0006740058413839843 0
1747649623436 -0.00104471374843287 0
1747649623447 0.0003131850923895399 0
1747649623458 0.00042854081851287807 0
1747649623473 0.000676275413162086 0
1747649623491 -8.803204366384487e-05 0
1747649623508 -0.0007424229190322063 0
1747649623519 -0.00018472859975731906 0
1747649623534 0.003200160008000403 0
1747649623550 -0.0010870037827732568 0
1747649623582 -0.0002203047549109685 0
1747649623618 -0.004125491302850045 0
1747649623630 -0.00041900018294381363 0
1747649623646 0.010255442305272446 0
1747649623654 -0.0011278725504018055 0
1747649623673 -4.17710944027244e-05 0
1747649623683 -0.0003442510081635633 0
1747649623694 -0.0014800917239941203 0
1747649623705 0.0003861003861004465 0
1747649623734 -0.0021191085129703994 0
1747649623747 -0.00280693190139144 0
1747649623818 0.001144119619678854 0
1747649623827 0.0011424702746160463 0
1747649623840 -0.0005202913631634529 0
1747649623853 -0.0006918110074818341 0
1747649623865 0.00017118890695888624 0
1747649623873 0.0002210799756812765 0
1747649623891 0.001321564937893681 0
1747649623903 0.0 0
1747649623929 -0.00030910706696028436 0
1747649623948 -0.003246832507384778 0
1747649623968 -0.002911299612524784 0
1747649623980 0.00033428046130714825 0
1747649623991 0.000612048614147038 0
1747649624019 0.0010513036164844804 0
1747649624029 -0.0003997412201574797 0
1747649624037 0.0 0
1747649624049 -5.91715976329982e-05 0
1747649624066 0.002083478019306852 0
1747649624074 -0.000881629622755413 0
1747649624085 0.0025507246376811187 0
1747649624094 -0.0021127872995813785 0
1747649624106 0.00115570965017557 0
1747649624120 0.0009354536950419726 0
1747649624129 -0.0011798017932989101 0
1747649624142 -0.00029431550622273166 0
1747649624155 0.002053388090349105 0
1747649624173 0.0005892404690355054 0
1747649624186 -0.0007950563480411152 0
1747649624203 0.00035268703434286115 0
1747649625134 -0.0005549594879574001 0
1747649625144 -0.00038459894876288796 0
1747649625210 -0.00013428827215756998 0
1747649625228 -4.478280340354779e-05 0
1747649625255 0.005217235670499721 0
1747649625269 0.0008868917400816276 0
1747649625324 -6.877579092155749e-05 0
1747649625364 -0.0010998307952622588 0
1747649625376 -0.00021413276231274335 0
1747649625421 -0.0003007777252610944 0
1747649625455 0.0005221737346611222 0
1747649625489 -0.0013793103448275568 0
1747649625502 0.0006607444387343323 0
1747649625513 -0.00014755791648222487 0
1747649625528 0.00034320034320045785 0
1747649625586 -0.0003932517991270425 0
1747649625647 0.0006287613401600153 0
1747649625657 0.000665188470066544 0
1747649625679 -5.646208570951512e-05 0
1747649625696 -0.0003824741829926625 0
1747649625737 -8.698677800984883e-05 0
1747649625761 -0.001393282120801423 0
1747649625802 -0.000679706970772626 0
1747649625849 -0.0005053057099544496 0
1747649625872 -0.0007257513661201955 0
1747649625892 0.0 0
1747649625904 -0.0012049742710119407 0
1747649625927 0.0005927243091057936 0
1747649625952 0.0006250000000000977 0
1747649625971 -0.0032781943554768354 0
1747649625986 -0.00036269430051812617 0
1747649626020 -0.0002673439379762165 0
1747649626034 0.00024722897523590706 0
1747649626050 3.8839476443905005e-05 0
1747649626081 -0.002452040963507954 0
1747649626107 -0.0011571498509056833 0
1747649626123 0.0034859768657898352 0
1747649626144 0.0007653061224488273 0
1747649626184 -0.001178967224711086 0
1747649626203 0.0003405000486429346 0
1747649626220 0.0009352946178046943 0
1747649626253 -0.0007468259895444202 0
1747649626306 6.0116475671607136e-05 0
1747649626323 0.00035591938425942604 0
1747649626346 0.0008011393982553268 0
1747649626358 -0.001360443622920499 0
1747649626401 -0.0017097670442401858 0
1747649626431 0.0013117621337997874 0
1747649626453 -0.0018954175493365436 0
1747649626475 -0.0005496518871381667 0
1747649626491 -7.345109993031123e-05 0
1747649626546 -3.8889320992503004e-05 0
1747649626566 -0.0005764020981037272 0
1747649626600 0.000669036169768003 0
1747649626615 0.0002141511050196593 0
1747649626630 0.0 0
1747649626645 -0.002110564354913115 0
1747649626673 0.0005150656708730559 0
1747649626685 -0.0003298969072164585 0
1747649626707 0.0003632323404983337 0
1747649626721 -0.0014527845036318443 0
1747649626737 -0.00014107688690336768 0
1747649626749 -0.000364778131781842 0
1747649626793 0.0002203586440874577 0
1747649626856 0.0004199034222128075 0
1747649626890 -0.0002731494127286806 0
1747649626904 -0.000934361130576948 0
1747649626915 -0.0026982699328077023 0
1747649626941 0.00042256496936395564 0
1747649626955 -0.0008255041471756278 0
1747649626991 -0.0029144587433762954 0
1747649627004 -0.00041067761806978657 0
1747649627017 0.00309863183486682 0
1747649627042 0.004657933042212522 0
1747649627050 -0.0004273504273504942 0
1747649627109 4.403152657292367e-05 0
1747649627126 -0.0008239551935251048 0
1747649627138 0.00151827071538851 0
1747649627181 0.00041237113402068303 0
1747649627247 0.00015405946695425018 0
1747649627277 -8.410782623318438e-05 0
1747649627297 0.0004393054001409161 0
1747649627318 -0.0013153407706923087 0
1747649627341 -0.001289767841788527 0
1747649627369 -0.0006771397616467895 0
1747649627403 0.0003402517863218407 0
1747649627429 -0.0009936242444316017 0
1747649627444 -0.0015384615384615968 0
1747649627458 -0.0017237030185823748 0
1747649627486 0.00015441630636195766 0
1747649627497 0.0018383138814073476 0
1747649627508 -0.0006691947356681048 0
1747649627535 0.0012589928057554966 0
1747649627594 0.0009099581712775756 0
1747649627624 0.00030887349424177954 0
1747649627636 -0.001788130678523054 0
1747649627660 -0.002886115444617848 0
1747649627681 0.0031041761516494696 0
1747649627688 0.0012191267440284225 0
1747649627697 0.0 0
1747649627709 -0.0008006834884749603 0
1747649627721 -0.0009337068160599031 0
1747649627738 -0.0002064409578861502 0
1747649627763 -0.006389615616824254 0
1747649627808 -0.001728876673464025 0
1747649627820 -0.0002706359945871988 0
1747649627837 -0.0005031511787743995 0
1747649627855 0.0008817427385891835 0
1747649627892 -0.0011110037677518928 0
1747649627900 0.0008468834688346703 0
1747649627922 0.00069897483690576 0
1747649627934 -0.00011145372812721007 0
1747649627967 0.000991320237551355 0
1747649627983 -0.00025199496010080757 0
1747649628002 0.00323925832154292 0
1747649628014 -0.0005359719645434622 0
1747649628037 -0.00017391304347831894 0
1747649628048 0.00021267545725219076 0
1747649628063 -0.0013386880856760882 0
1747649628076 0.0012267749202596238 0
1747649628100 0.0012532252119425902 0
1747649628118 0.0020168855534708845 0
1747649628130 0.0005041246562786083 0
1747649628170 0.0004418912947414057 0
1747649628181 0.0021093000958773 0
1747649628205 -0.0008728905145897745 0
1747649628243 0.00017963625848348017 0
1747649628279 0.01667627835447911 0
1747649628287 0.0012325571158162915 0
1747649628298 0.00033967391304344085 0
1747649628316 -0.0016623129897886555 0
1747649628343 0.0008576329331046129 0
1747649628373 0.0006165919282510781 0
1747649628411 -0.0005217968787059073 0
1747649628451 -4.7018995674142814e-05 0
1747649628462 0.00016681958461929 0
1747649628470 0.00023702299123010218 0
1747649628486 -0.0035313187449345805 0
1747649628506 0.0003520816829504057 0
1747649628523 -0.0026982699328077023 0
1747649628551 -0.0007322536181943255 0
1747649628622 0.0003333111125925065 0
1747649628635 0.00014951035359203615 0
1747649628664 0.0002199252254233123 0
1747649628685 -0.00631708938918983 0
1747649628700 0.0003424804144014158 0
1747649628723 0.0002794076557697373 0
1747649628834 0.0002845216002853113 0
1747649628868 0.0033112711623690424 0
1747649628898 0.002368524935304114 0
1747649628912 0.0002175805047867278 0
1747649628923 -0.0017174654789437757 0
1747649628941 -0.001522202409428963 0
1747649628957 -0.0009673731422037843 0
1747649628969 -0.002665482007996389 0
1747649628996 -1.1661807580147748e-05 0
1747649629027 -0.000823335685721038 0
1747649629040 0.0008168599901976005 0
1747649629075 -0.003961780470752613 0
1747649629090 -0.003580908257323544 0
1747649629127 4.6509464676118416e-05 0
1747649629165 -0.002995726683994794 0
1747649629180 0.0021883820608425723 0
1747649629208 0.0017781213761113015 0
1747649629220 0.0018587360594795805 0
1747649629237 -9.569988516014144e-05 0
1747649629255 0.0 0
1747649629277 0.0014932126696833145 0
1747649629287 -0.008155607458743249 0
1747649629305 0.00033909799932173654 0
1747649629317 0.00034381983840463807 0
1747649629347 0.00227959497428825 0
1747649629382 0.004657933042212522 0
1747649629404 0.0002888642819315501 0
1747649629417 -0.001053518752633737 0
1747649629429 -0.0011510898221381441 0
1747649629478 0.0010082339102672202 0
1747649629489 -0.000771803447388761 0
1747649629505 -0.0015877589996552393 0
1747649629547 -0.0019276619489676991 0
1747649629579 0.0008006834884749603 0
1747649629589 0.0014309184376491084 0
1747649629643 0.000927751362634849 0
1747649629656 0.00048216007714551646 0
1747649629677 -0.0001099223215594355 0
1747649629706 -0.0005555144063402922 0
1747649629719 0.0013677186768704353 0
1747649629733 0.0010253781081774292 0
1747649629745 -0.0012508737721201914 0
1747649629757 0.0006603808196058675 0
1747649629786 0.0004278990158321784 0
1747649629797 0.0012732045458117968 0
1747649629816 0.003224114736530025 0
1747649629845 -0.008277755982738411 0
1747649629857 -0.0020554984583761125 0
1747649629884 -0.0014232284116109106 0
1747649629894 0.0002576434215046473 0
1747649629909 0.003093259464450608 0
1747649629917 0.000808244089715083 0
1747649629928 -0.00011650485436893646 0
1747649629964 0.0035142348754448674 0
1747649629990 -0.002502163084909836 0
1747649630007 0.0002136021872863553 0
1747649630022 0.00413874191651974 0
1747649630034 0.0004657464645608956 0
1747649630046 -0.001564529460384853 0
1747649630073 0.0006810133478617246 0
1747649630098 -0.0024865312888520228 0
1747649630130 4.284673722101299e-05 0
1747649630140 0.007068418667874889 0
1747649630152 -0.0001766628389718813 0
1747649630182 -0.0014576657527005817 0
1747649630201 -0.0005729614292782891 0
1747649630258 -0.0006696428571428825 0
1747649630337 -0.0010135913384012195 0
1747649630371 0.00037134840732795595 0
1747649630392 0.00012569130216189515 0
1747649630436 0.001728876673464025 0
1747649630467 0.0009665427509293607 0
1747649630515 -0.001096972356296559 0
1747649630608 0.00017577781683957355 0
1747649630627 -0.0008449514152937527 0
1747649630638 0.001099747058176661 0
1747649630699 -0.00042571306939114564 0
1747649630728 0.0011543836199039037 0
1747649630758 -0.00012172021088025195 0
1747649630776 -0.010256073826237206 0
1747649630788 -0.00017046665246116922 0
1747649630847 -6.738998584818533e-05 0
1747649630866 0.0007998864677271306 0
1747649630884 7.420324268166407e-05 0
1747649630896 -0.0026831345826234597 0
1747649630966 -0.0008285726745453034 0
1747649630978 -0.00030317467192160323 0
1747649630993 0.002218657200395867 0
1747649631007 -0.003133543638275419 0
1747649631047 -0.0005856401046343875 0
1747649631096 -0.00013278449077148294 0
1747649631111 -0.0007250429846911646 0
1747649631138 0.0003109452736318526 0
1747649631166 -0.0037140007215772227 0
1747649631177 0.0007966904455620134 0
1747649631198 -0.00010542406831473784 0
1747649631233 0.0 0
1747649631244 -0.001023323242229178 0
1747649631268 -0.00020631318341237902 0
1747649631297 -0.000708510460948548 0
1747649631322 -0.0005530399917043393 0
1747649631364 5.2578999947485264e-05 0
1747649631381 -0.0020176172432459214 0
1747649631420 0.0 0
1747649631455 -0.0007147962830592494 0
1747649631467 0.0007537131456439574 0
1747649631497 -2.2931922765230683e-05 0
1747649631515 -0.0008771477219957412 0
1747649631545 -0.00045682960255815486 0
1747649631574 -0.001687763713080131 0
1747649631585 0.002779132130668072 0
1747649631620 -0.0008875083203904847 0
1747649631688 0.0 0
1747649631723 0.001096972356296559 0
1747649631733 -0.004387797743418305 0
1747649631763 -0.00011310511235108255 0
1747649631776 -0.0032388965414541435 0
1747649631814 0.000592614541279373 0
1747649631871 0.0021200878322100926 0
1747649631897 3.7673297167014097e-05 0
1747649631928 -0.0011389521640091547 0
1747649631962 0.00020639834881316842 0
1747649631992 -0.0015159690639532748 0
1747649632022 0.0002693602693602796 0
1747649632047 -0.0002606882168925446 0
1747649632061 -0.0001776475029423461 0
1747649632073 0.0005552059814191275 0
1747649632096 -0.0002064409578861502 0
1747649632109 -0.002774221084080294 0
1747649632134 -0.002300884955752352 0
1747649632177 -8.778475178856566e-05 0
1747649632228 -0.0013793103448275568 0
1747649632244 -0.0005053057099544496 0
1747649632251 0.000350339391285269 0
1747649632287 0.0005561735261401769 0
1747649632328 0.004040101750710699 0
1747649632344 -0.00150649676730904 0
1747649632369 0.0009792651253886508 0
1747649632378 0.0012559728227873694 0
1747649632396 -4.2461041993871575e-05 0
1747649632417 0.0014479762807695507 0
1747649632453 -0.002680751672152009 0
1747649632460 0.0021031968592261033 0
1747649632477 0.0007274905854159304 0
1747649632546 0.001195671668559788 0
1747649632575 -0.0021097046413501245 0
1747649632596 0.00017276130146847763 0
1747649632612 0.00018145527127569116 0
1747649632637 0.00019104386367106086 0
1747649632696 -1.5614427731187258e-05 0
1747649632708 0.00042854081851287807 0
1747649632726 0.005780946657039007 0
1747649632751 -4.2461041993871575e-05 0
1747649632775 0.0003776435045316469 0
1747649632807 -0.00012823800974613156 0
1747649632822 -0.0005144032921811503 0
1747649632833 0.001321564937893681 0
1747649632844 -0.00021225113554353294 0
1747649632870 -0.00030490072135043705 0
1747649632886 0.0018860662047728825 0
1747649632984 -0.00022216462398638232 0
1747649633041 -0.00042326250740716 0
1747649633053 -0.006346807706838036 0
1747649633070 -0.00015086748805632957 0
1747649633089 0.0018869902505504437 0
1747649633111 0.0 0
1747649633145 -0.0005453935224030091 0
1747649633156 0.0015980639642834606 0
1747649633173 -0.0015230013398839768 0
1747649633200 -0.0005201415128810347 0
1747649633233 -0.00268237847895194 0
1747649633259 0.0005309734513274537 0
1747649633281 0.00025733401955739527 0
1747649633311 -0.004071269097754234 0
1747649633328 -0.007332722273143911 0
1747649633345 0.00021305872431086472 0
1747649633354 -0.00039799863543333236 0
1747649633393 -0.00013254061423103526 0
1747649633422 0.0006430408688196871 0
1747649633440 -0.0002362055933484035 0
1747649633462 0.0 0
1747649633483 -0.00013284328919984563 0
1747649633553 0.00016504373659010494 0
1747649633597 0.0004514927478978876 0
1747649633613 -0.0011583011583012023 0
1747649633632 0.0005284015852047757 0
1747649633700 0.001295777041379895 0
1747649633723 -4.470672389132789e-05 0
1747649633793 0.0006372132540357081 0
1747649633810 -0.00021413276231274335 0
1747649633822 0.0047670202766214404 0
1747649633843 -0.0012137689954848827 0
1747649633882 0.0008680017360034315 0
1747649633891 -0.00034190956492004097 0
1747649633899 -0.0006225357958082826 0
1747649633940 -0.0008896797153024721 0
1747649633957 -0.0006372132540357081 0
1747649633975 -0.0010406278454666504 0
1747649634009 0.0014993164880715668 0
1747649634029 -1.9443904335945352e-05 0
1747649634041 -0.0012813211845102992 0
1747649634052 0.0004705278466934397 0
1747649634079 0.002317448278767948 0
1747649634103 -0.002977643268573657 0
1747649634118 -7.999999999998073e-05 0
1747649634206 -0.0030087450440063916 0
1747649634218 0.0012827822120867077 0
1747649634232 -0.00024155409868237127 0
1747649634250 0.0 0
1747649634271 0.0 0
1747649634294 -0.0006635071090047083 0
1747649634324 0.0007325671901470532 0
1747649634350 -0.002145308924485038 0
1747649634428 0.0003870801255860109 0
1747649634446 -0.002002143018753584 0
1747649634457 0.0016734509271822268 0
1747649634496 0.0027654671157594703 0
1747649634549 0.00032911749494559674 0
1747649634624 0.0004657464645608956 0
1747649634636 -0.005997437987655848 0
1747649634647 -0.00026703458097824677 0
1747649634664 0.0005215287049398903 0
1747649634677 -0.00034118048447618547 0
1747649634700 0.008311534891570296 0
1747649634731 -0.001405810684161253 0
1747649634744 -0.003267482911439936 0
1747649634784 0.0011107161897992773 0
1747649634825 -0.002637889688249338 0
1747649634840 -0.000282299802390149 0
1747649634852 -0.0029429412268920374 0
1747649634881 0.0 0
1747649634895 -0.0007531584062197744 0
1747649634906 0.0007630766295858276 0
1747649634929 0.0018134715025907423 0
1747649634940 -0.004498568637251793 0
1747649634956 0.0018860662047728825 0
1747649635021 -0.0014168625952135422 0
1747649635035 -0.0006371861858035159 0
1747649635074 0.00014107688690336768 0
1747649635086 0.0 0
1747649635114 0.0016165659520418012 0
1747649635151 -0.00132177681473456 0
1747649635169 -0.0017886178861787527 0
1747649635186 0.0005733439181442038 0
1747649635227 0.001627296587926633 0
1747649635237 -0.0006788290199406784 0
1747649635248 0.0009518732866281652 0
1747649635266 -0.0034415041511928527 0
1747649635290 -8.699434536765743e-05 0
1747649635311 -0.0006365372374282629 0
1747649635349 0.0006356565958719511 0
1747649635392 0.00010319917440654755 0
1747649635401 0.0017294986397201444 0
1747649635423 0.0010967918837399395 0
1747649635447 0.0006932709389487516 0
1747649635459 1.976597090458521e-05 0
1747649635473 5.2273915316135365e-05 0
1747649635503 0.0009249999999999759 0
1747649635568 0.0008066227977074231 0
1747649635630 -0.0001125335175261387 0
1747649635656 0.00016504373659010494 0
1747649635680 -0.0009877704609595858 0
1747649635713 -0.00022527596305469723 0
1747649635727 -0.002396841808440734 0
1747649635761 0.00047269133255980545 0
1747649635774 -8.890996384328475e-05 0
1747649635798 0.002810358843339966 0
1747649635816 -0.0005937486746681092 0
1747649635827 0.0002112557039039634 0
1747649635846 -3.669724770646687e-05 0
1747649635859 0.0011559208836373414 0
1747649635923 -0.00013408420488067015 0
1747649635934 0.0015594136604637249 0
1747649635945 -0.0017932086989698815 0
1747649635956 -0.0003076134324532288 0
1747649635968 -0.0008475653684790258 0
1747649636028 -0.001076914356968676 0
1747649636040 -0.0025865094253789615 0
1747649636102 -0.004059870866758069 0
1747649636142 -0.0010674257249600118 0
1747649636183 0.0012910118862128795 0
1747649636233 -0.0015916963713511515 0
1747649636254 0.00034118048447618547 0
1747649636271 0.0005222841225626939 0
1747649636307 0.00025354424776861554 0
1747649636350 -1.183431952680986e-05 0
1747649636378 0.0025417887299673037 0
1747649636391 0.0004975124378109105 0
1747649636431 -0.0001709840129948421 0
1747649636457 -0.004227613271494797 0
1747649636524 0.002319876780315273 0
1747649636558 -0.00046248715313465267 0
1747649636576 9.297136481958402e-05 0
1747649636601 -0.003656374479058723 0
1747649636615 0.003582422725881619 0
1747649636632 -0.0010306622004636844 0
1747649636705 0.0009833262077810897 0
1747649636716 -0.0005147342684339405 0
1747649636728 -0.0016556291390728544 0
1747649636742 -8.8723272114384e-05 0
1747649636755 0.0007794232268121885 0
1747649636795 -0.0007133798351300207 0
1747649636839 4.348393268692534e-05 0
1747649636863 -0.00043773254541482005 0
1747649636880 -0.000680937992084172 0
1747649636905 -0.002276757034562497 0
1747649636925 0.0 0
1747649636935 -0.0010019529591577584 0
1747649636952 -0.0019925922452998465 0
1747649637046 -0.0005799852367395753 0
1747649637064 -0.0003700962250185627 0
1747649637077 0.0001930998970133956 0
1747649637088 0.00025460409063906593 0
1747649637102 -0.0001697360604260942 0
1747649637113 8.439530762084951e-05 0
1747649637156 0.002736797092153092 0
1747649637218 -0.0007535795026375568 0
1747649637248 -0.0007889054974256084 0
1747649637263 -0.00021284747350044722 0
1747649637304 0.004880055184469556 0
1747649637321 -0.00019855715136674258 0
1747649637350 0.0014834537847090712 0
1747649637366 -0.0011552902666793759 0
1747649637421 0.0010485525416001683 0
1747649637509 0.001156663667909053 0
1747649637527 0.0014340344168258883 0
1747649637544 0.00038390605592988436 0
1747649637606 -0.00027498968788671466 0
1747649637651 -0.009034712315739404 0
1747649637741 -0.0005872793085617944 0
1747649637787 -0.00042444821731740286 0
1747649637825 0.00012697337791510194 0
1747649637893 -0.0011424702746160463 0
1747649637904 0.0007164229423911192 0
1747649637945 0.0023984875419735562 0
1747649637957 0.00038743004735257604 0
1747649637979 0.0006614971886369734 0
1747649637990 0.0016047615459956375 0
1747649638934 -0.0024489457081189213 0
1747649638949 -0.004283974104539983 0
1747649639049 0.0022265447171294526 0
1747649639090 0.00032559653937382657 0
1747649639121 0.0005516187889846682 0
1747649639196 0.0 0
1747649639216 0.0 0
1747649639250 0.0019705727798214096 0
1747649639294 -0.002421623568068731 0
1747649639340 0.0 0
1747649639409 1.1574967204232612e-05 0
1747649639423 4.349528076209048e-05 0
1747649639479 -0.00013297872340426036 0
1747649639571 -0.0008857808857809746 0
1747649639736 0.0 0
1747649639786 -0.00231508484157823 0
1747649640012 0.0010274852298997983 0
1747649640075 0.0003045820563095741 0
1747649640259 0.0014025245441795762 0
1747649640383 -0.0010094631187148033 0
1747649640478 0.000489846811542538 0
1747649640536 -0.0011283941094971557 0
1747649640550 0.0015569395017793657 0
1747649640612 0.0015072563627750804 0
1747649640636 0.002387370042356473 0
1747649640840 0.0004329566610381439 0
1747649640869 -0.00015172204521322013 0
1747649640931 -0.00081460250414855 0
1747649640973 8.564210165712719e-05 0
1747649640991 -0.0007424229190322063 0
1747649641059 -8.501955449763834e-05 0
1747649641133 -0.0009668740541449339 0
1747649641177 -0.00025783163594173984 0
1747649641291 0.002565352237483388 0
1747649641382 0.00046061722708436495 0
1747649641405 0.0 0
1747649641457 0.0016253467406380645 0
1747649641482 0.0018583724569640188 0
1747649641494 -8.564210165712719e-05 0
1747649641663 0.0008004624894382145 0
1747649641863 -0.0005974225484338716 0
1747649641884 0.006369708497367999 0
1747649641909 0.0025228022511159043 0
1747649641972 0.00032559653937382657 0
1747649642052 0.0007020499859590269 0
1747649642080 0.0006514657980454731 0
1747649642187 0.0004030271819443975 0
1747649642314 0.0009455121157482576 0
1747649642440 0.0008576329331047098 0
1747649642452 -0.0011707570895846424 0
1747649642464 -0.0018776924517701099 0
1747649642681 -0.00017196904557185448 0
1747649642740 -0.0018134715025907423 0
1747649642758 0.001426787943641719 0
1747649642826 -0.0012325571158162915 0
1747649642850 0.003961780470752613 0
1747649642956 -0.0030238500851789397 0
1747649643007 -0.00027527075812274344 0
1747649643019 -0.0007219603346498263 0
1747649643073 -0.004451368795904804 0
1747649643100 0.0007974879130737297 0
1747649643234 0.004782608695652149 0
1747649643295 0.0006610550438500097 0
1747649643335 0.0029767403666523607 0
1747649643369 -0.002724795640327018 0
1747649643462 -0.0046513778435361575 0
1747649643511 0.004227188919368674 0
1747649643592 -0.0012370113805046303 0
1747649643629 0.0 0
1747649643710 0.00021305872431086472 0
1747649643764 -0.005720013053004606 0
1747649643874 0.0018000094737340843 0
1747649643882 0.002318042165483649 0
1747649643990 -0.0004354452427607909 0
1747649644131 -0.0004479283314668762 0
1747649644153 -0.02092050209205034 0
1747649644250 -0.0016389330211556573 0
1747649644272 -0.000912169099913469 0
1747649644520 0.0 0
1747649644567 -0.0007049983113812968 0
1747649644613 0.00550799982073221 0
1747649644687 0.003545410393394871 0
1747649644740 -0.00020811654526523327 0
1747649644903 -8.802042073756233e-05 0
1747649645096 -0.0007480253398867135 0
1747649645287 0.00079155672823222 0
1747649645380 -9.016726026774679e-05 0
1747649645452 0.001770752353804974 0
1747649645579 0.0008695652173912858 0
1747649645690 -0.0021879467960660088 0
1747649645713 -0.002905569007264033 0
1747649645909 0.0007342143906020324 0
1747649645988 -0.0035899481451934275 0
1747649646116 -0.0008131755018012714 0
1747649646133 -0.00020635575732558833 0
1747649646194 0.002494288289421278 0
1747649646442 -0.00032173553339161876 0
1747649646492 0.00139557266602502 0
1747649646600 0.0010893246187364764 0
1747649646717 -0.0001792315447519362 0
1747649646770 0.0010757232317798876 0
1747649646820 -0.00031035537876475134 0
1747649646838 -7.307647668213841e-05 0
1747649646848 -0.000221297689652076 0
1747649646933 0.00014107688690336768 0
1747649646948 0.0002454262451076614 0
1747649647002 0.0017136492160054473 0
1747649647050 0.0018097447795824351 0
1747649647094 0.0032371794871794255 0
1747649647136 -0.0006610550438500097 0
1747649647165 -0.00014036401066767012 0
1747649647177 0.0 0
1747649647205 0.0008579063335052263 0
1747649647432 -0.0027761958997723148 0
1747649647465 0.00150709219858167 0
1747649647573 0.00035473572188720747 0
1747649647586 0.001859549332749946 0
1747649647615 -0.00012296593843505815 0
1747649647624 -0.0025428090407110765 0
1747649647658 0.001250111617108612 0
1747649647679 0.0005621135469365025 0
1747649647764 0.0020996934447569462 0
1747649647797 0.0 0
1747649647815 0.0012500000000001145 0
1747649647837 8.857395925608699e-05 0
1747649647878 0.0015598741758952428 0
1747649647919 -0.0027697553236712565 0
1747649647990 0.0002260295646670135 0
1747649648239 0.004701524433680021 0
1747649648323 -0.0012188402651394758 0
1747649648343 -9.358038555113661e-05 0
1747649648413 0.0009425070688029959 0
