1747649596624 0.0 0
1747649596639 inf 0
1747649596650 inf 0
1747649596681 0.0 0
1747649596690 0.0 0
1747649596705 inf 0
1747649596714 inf 0
1747649596727 0.0 0
1747649596738 0.0 0
1747649596749 0.0 0
1747649596771 0.0 0
1747649596782 inf 0
1747649596793 inf 0
1747649596807 inf 0
1747649596818 0.0 0
1747649596830 0.0 0
1747649596861 0.0 0
1747649596883 0.0 0
1747649596909 inf 0
1747649596919 0.0 0
1747649596928 inf 0
1747649596939 0.0 0
1747649596954 0.0 0
1747649596968 0.0 0
1747649596982 0.0 0
1747649596992 inf 0
1747649597001 inf 0
1747649597012 inf 0
1747649597032 0.0 0
1747649597047 inf 0
1747649597058 inf 0
1747649597070 inf 0
1747649597083 inf 0
1747649597094 inf 0
1747649597106 0.0 0
1747649597114 0.0 0
1747649597126 inf 0
1747649597143 0.0 0
1747649597151 0.0 0
1747649597159 0.0 0
1747649597170 inf 0
1747649597177 inf 0
1747649597200 0.0 0
1747649597211 0.0 0
1747649597222 0.0 0
1747649597233 inf 0
1747649597244 0.0 0
1747649597261 inf 0
1747649597272 0.0 0
1747649597283 inf 0
1747649597294 inf 0
1747649597315 0.0 0
1747649597327 0.0 0
1747649597342 0.0 0
1747649597352 0.0 0
1747649597360 inf 0
1747649597379 0.0 0
1747649597393 0.0 0
1747649597410 inf 0
1747649597420 inf 0
1747649597431 0.0 0
1747649597442 inf 0
1747649597457 inf 0
1747649597469 0.0 0
1747649597481 0.0 0
1747649597495 0.0 0
1747649597508 0.0 0
1747649597520 inf 0
1747649597548 0.0 0
1747649597562 0.0 0
1747649597574 inf 0
1747649597587 0.0 0
1747649597612 0.0 0
1747649597637 inf 0
1747649597651 0.0 0
1747649597667 0.0 0
1747649597682 0.0 0
1747649597703 0.0 0
1747649597723 inf 0
1747649597737 inf 0
1747649597762 0.0 0
1747649597795 0.0 0
1747649597810 0.0 0
1747649597825 inf 0
1747649597837 0.0 0
1747649597848 0.0 0
1747649597881 inf 0
1747649597891 inf 0
1747649597910 0.0 0
1747649597920 0.0 0
1747649597934 inf 0
1747649597947 inf 0
1747649597961 inf 0
1747649597971 inf 0
1747649597984 inf 0
1747649597997 inf 0
1747649598011 inf 0
1747649598024 inf 0
1747649598037 0.0 0
1747649598047 inf 0
1747649598056 0.0 0
1747649598070 inf 0
1747649598083 inf 0
1747649598097 inf 0
1747649598109 0.0 0
1747649598122 0.0 0
1747649598146 0.0 0
1747649598158 0.0 0
1747649598174 0.0 0
1747649598187 inf 0
1747649598206 inf 0
1747649598227 inf 0
1747649598240 inf 0
1747649598249 inf 0
1747649598261 0.0 0
1747649598274 inf 0
1747649598288 inf 0
1747649598304 inf 0
1747649598319 inf 0
1747649598331 0.0 0
1747649598343 inf 0
1747649598351 inf 0
1747649598362 inf 0
1747649598379 0.0 0
1747649598388 0.0 0
1747649598399 inf 0
1747649598407 inf 0
1747649598418 inf 0
1747649598427 inf 0
1747649598435 inf 0
1747649598456 inf 0
1747649598467 0.0 0
1747649598479 0.0 0
1747649598491 0.0 0
1747649598505 inf 0
1747649598516 0.0 0
1747649598524 inf 0
1747649598551 inf 0
1747649598561 inf 0
1747649598568 inf 0
1747649598583 inf 0
1747649598593 inf 0
1747649598611 0.0 0
1747649598622 0.0 0
1747649598633 0.0 0
1747649598643 0.0 0
1747649598657 0.0 0
1747649598668 0.0 0
1747649598702 inf 0
1747649598714 inf 0
1747649598721 inf 0
1747649598732 0.0 0
1747649598743 0.0 0
1747649598778 inf 0
1747649598795 inf 0
1747649598805 0.0 0
1747649598816 0.0 0
1747649598828 0.0 0
1747649598835 inf 0
1747649598847 inf 0
1747649598857 0.0 0
1747649598872 0.0 0
1747649598881 inf 0
1747649598893 0.0 0
1747649598907 inf 0
1747649598914 0.0 0
1747649598926 0.0 0
1747649598935 inf 0
1747649598945 0.0 0
1747649598957 0.0 0
1747649598974 inf 0
1747649598985 0.0 0
1747649599002 0.0 0
1747649599018 inf 0
1747649599029 inf 0
1747649599043 inf 0
1747649599077 inf 0
1747649599093 inf 0
1747649599116 0.0 0
1747649599164 inf 0
1747649599207 inf 0
1747649599227 inf 0
1747649599249 0.0 0
1747649599262 0.0 0
1747649599276 inf 0
1747649599289 0.0 0
1747649599302 0.0 0
1747649599313 inf 0
1747649599328 0.0 0
1747649599344 inf 0
1747649599356 0.0 0
1747649599366 0.0 0
1747649599380 0.0 0
1747649599389 inf 0
1747649599408 inf 0
1747649599417 inf 0
1747649599428 inf 0
1747649599440 inf 0
1747649599455 0.0 0
1747649599462 0.0 0
1747649599474 inf 0
1747649599488 inf 0
1747649599500 inf 0
1747649599514 0.0 0
1747649599528 0.0 0
1747649599536 0.0 0
1747649599546 inf 0
1747649599557 inf 0
1747649599564 0.0 0
1747649599573 0.0 0
1747649599584 inf 0
1747649599593 inf 0
1747649599603 0.0 0
1747649599615 inf 0
1747649599633 inf 0
1747649599644 0.0 0
1747649599655 inf 0
1747649599669 0.0 0
1747649599679 0.0 0
1747649599694 0.0 0
1747649599706 inf 0
1747649599719 inf 0
1747649599729 inf 0
1747649599737 inf 0
1747649599749 0.0 0
1747649599769 inf 0
1747649599786 0.0 0
1747649599797 0.0 0
1747649599805 0.0 0
1747649599816 0.0 0
1747649599828 inf 0
1747649599849 inf 0
1747649599860 0.0 0
1747649599872 inf 0
1747649599884 0.0 0
1747649599895 inf 0
1747649599913 inf 0
1747649599930 inf 0
1747649599940 inf 0
1747649599949 0.0 0
1747649599961 inf 0
1747649599970 0.0 0
1747649599981 inf 0
1747649599992 inf 0
1747649600003 0.0 0
1747649600021 0.0 0
1747649600036 0.0 0
1747649600046 inf 0
1747649600057 inf 0
1747649600071 0.0 0
1747649600081 inf 0
1747649600094 inf 0
1747649600107 inf 0
1747649600123 0.0 0
1747649600137 inf 0
1747649600153 inf 0
1747649600166 inf 0
1747649600182 0.0 0
1747649600195 0.0 0
1747649600209 inf 0
1747649600223 0.0 0
1747649600232 0.0 0
1747649600241 0.0 0
1747649600254 inf 0
1747649600262 inf 0
1747649600293 0.0 0
1747649600306 inf 0
1747649600345 inf 0
1747649600357 inf 0
1747649600370 inf 0
1747649600383 inf 0
1747649600402 inf 0
1747649600412 inf 0
1747649600424 0.0 0
1747649600440 inf 0
1747649600448 inf 0
1747649600468 inf 0
1747649600487 0.0 0
1747649600498 0.0 0
1747649600510 inf 0
1747649600523 inf 0
1747649600564 0.0 0
1747649600577 0.0 0
1747649600588 0.0 0
1747649600601 0.0 0
1747649600628 0.0 0
1747649600643 0.0 0
1747649600660 inf 0
1747649600672 inf 0
1747649600693 0.0 0
1747649600704 0.0 0
1747649600716 inf 0
1747649600737 inf 0
1747649600750 inf 0
1747649600762 inf 0
1747649600773 inf 0
1747649600788 0.0 0
1747649600803 inf 0
1747649600818 0.0 0
1747649600827 0.0 0
1747649600839 inf 0
1747649600851 0.0 0
1747649600862 inf 0
1747649600873 0.0 0
1747649600889 0.0 0
1747649600902 0.0 0
1747649600910 inf 0
1747649600918 inf 0
1747649600926 inf 0
1747649600938 inf 0
1747649600950 0.0 0
1747649600968 inf 0
1747649600979 0.0 0
1747649600994 0.0 0
1747649601003 0.0 0
1747649601012 inf 0
1747649601031 inf 0
1747649601042 inf 0
1747649601061 inf 0
1747649601072 inf 0
1747649601091 inf 0
1747649601102 0.0 0
1747649601113 inf 0
1747649601124 inf 0
1747649601139 0.0 0
1747649601151 0.0 0
1747649601162 0.0 0
1747649601174 inf 0
1747649601184 0.0 0
1747649601203 inf 0
1747649601214 inf 0
1747649601226 0.0 0
1747649601237 0.0 0
1747649601254 0.0 0
1747649601265 0.0 0
1747649601276 inf 0
1747649601318 0.0 0
1747649601332 inf 0
1747649601344 inf 0
1747649601357 inf 0
1747649601372 0.0 0
1747649601386 0.0 0
1747649601403 0.0 0
1747649601413 0.0 0
1747649601422 0.0 0
1747649601433 inf 0
1747649601445 0.0 0
1747649601457 0.0 0
1747649601465 0.0 0
1747649601472 0.0 0
1747649601481 0.0 0
1747649601489 0.0 0
1747649601499 inf 0
1747649601510 inf 0
1747649601521 0.0 0
1747649601530 inf 0
1747649601554 inf 0
1747649601566 0.0 0
1747649601578 0.0 0
1747649601587 0.0 0
1747649601598 inf 0
1747649601609 inf 0
1747649601625 0.0 0
1747649601636 inf 0
1747649601647 inf 0
1747649601659 0.0 0
1747649601670 0.0 0
1747649601685 0.0 0
1747649601701 inf 0
1747649601713 inf 0
1747649601737 inf 0
1747649601749 0.0 0
1747649601761 inf 0
1747649601777 0.0 0
1747649601795 0.0 0
1747649601804 inf 0
1747649601814 inf 0
1747649601826 inf 0
1747649601837 inf 0
1747649601849 inf 0
1747649601863 0.0 0
1747649601873 inf 0
1747649601884 0.0 0
1747649601897 inf 0
1747649601914 0.0 0
1747649601925 0.0 0
1747649601942 0.0 0
1747649601958 inf 0
1747649601974 inf 0
1747649601989 inf 0
1747649602000 inf 0
1747649602008 0.0 0
1747649602023 inf 0
1747649602035 0.0 0
1747649602046 inf 0
1747649602060 inf 0
1747649602078 0.0 0
1747649602095 inf 0
1747649602106 inf 0
1747649602123 0.0 0
1747649602145 inf 0
1747649602169 inf 0
1747649602180 0.0 0
1747649602192 inf 0
1747649602204 0.0 0
1747649602222 0.0 0
1747649602249 0.0 0
1747649602260 inf 0
1747649602268 0.0 0
1747649602279 inf 0
1747649602291 inf 0
1747649602298 inf 0
1747649602309 0.0 0
1747649602320 0.0 0
1747649602337 0.0 0
1747649602347 0.0 0
1747649602357 inf 0
1747649602369 inf 0
1747649602378 inf 0
1747649602395 inf 0
1747649602406 inf 0
1747649602420 inf 0
1747649602431 0.0 0
1747649602443 inf 0
1747649602453 0.0 0
1747649602477 inf 0
1747649602487 inf 0
1747649602507 inf 0
1747649602517 inf 0
1747649602526 0.0 0
1747649602537 inf 0
1747649602548 inf 0
1747649602560 inf 0
1747649602569 inf 0
1747649602581 inf 0
1747649602589 0.0 0
1747649602604 0.0 0
1747649602612 inf 0
1747649602621 0.0 0
1747649602632 inf 0
1747649602643 0.0 0
1747649602654 0.0 0
1747649602669 0.0 0
1747649602676 inf 0
1747649602685 0.0 0
1747649602696 0.0 0
1747649602708 0.0 0
1747649602715 0.0 0
1747649602727 inf 0
1747649602739 inf 0
1747649602750 inf 0
1747649602762 inf 0
1747649602773 0.0 0
1747649602785 inf 0
1747649602797 inf 0
1747649602813 0.0 0
1747649602827 inf 0
1747649602842 inf 0
1747649602853 inf 0
1747649602870 inf 0
1747649602881 0.0 0
1747649602896 inf 0
1747649602903 0.0 0
1747649602910 0.0 0
1747649602922 inf 0
1747649602933 inf 0
1747649602943 inf 0
1747649602954 inf 0
1747649602964 inf 0
1747649602974 0.0 0
1747649602993 inf 0
1747649603005 inf 0
1747649603016 inf 0
1747649603031 inf 0
1747649603042 0.0 0
1747649603055 0.0 0
1747649603082 inf 0
1747649603098 inf 0
1747649603113 0.0 0
1747649603126 0.0 0
1747649603141 0.0 0
1747649603150 inf 0
1747649603165 inf 0
1747649603177 inf 0
1747649603189 0.0 0
1747649603200 inf 0
1747649603212 inf 0
1747649603224 0.0 0
1747649603244 0.0 0
1747649603260 0.0 0
1747649603271 0.0 0
1747649603286 inf 0
1747649603297 inf 0
1747649603308 0.0 0
1747649603317 0.0 0
1747649603325 0.0 0
1747649603336 inf 0
1747649603347 0.0 0
1747649603358 0.0 0
1747649603369 inf 0
1747649603382 inf 0
1747649603394 inf 0
1747649603416 0.0 0
1747649603430 inf 0
1747649603441 0.0 0
1747649603450 inf 0
1747649603461 0.0 0
1747649603471 inf 0
1747649603482 0.0 0
1747649603493 inf 0
1747649603504 inf 0
1747649603515 0.0 0
1747649603526 0.0 0
1747649603543 0.0 0
1747649603565 inf 0
1747649603580 inf 0
1747649603596 0.0 0
1747649603615 inf 0
1747649603631 0.0 0
1747649603644 inf 0
1747649603661 inf 0
1747649603677 inf 0
1747649603689 inf 0
1747649603701 0.0 0
1747649603712 inf 0
1747649603721 0.0 0
1747649603734 0.0 0
1747649603747 0.0 0
1747649603757 0.0 0
1747649603768 0.0 0
1747649603780 0.0 0
1747649603792 0.0 0
1747649603805 0.0 0
1747649603823 0.0 0
1747649603841 inf 0
1747649603851 0.0 0
1747649603868 inf 0
1747649603878 0.0 0
1747649603899 0.0 0
1747649603916 inf 0
1747649603930 0.0 0
1747649603944 0.0 0
1747649603953 0.0 0
1747649603965 0.0 0
1747649603976 0.0 0
1747649603994 inf 0
1747649604006 inf 0
1747649604018 inf 0
1747649604029 inf 0
1747649604040 0.0 0
1747649604049 0.0 0
1747649604062 inf 0
1747649604075 inf 0
1747649604088 0.0 0
1747649604099 inf 0
1747649604111 0.0 0
1747649604121 0.0 0
1747649604129 inf 0
1747649604141 0.0 0
1747649604152 0.0 0
1747649604164 0.0 0
1747649604174 inf 0
1747649604189 0.0 0
1747649604216 0.0 0
1747649604229 0.0 0
1747649604243 0.0 0
1747649604255 0.0 0
1747649604269 0.0 0
1747649604286 inf 0
1747649604297 0.0 0
1747649604308 inf 0
1747649604323 inf 0
1747649604334 0.0 0
1747649604345 inf 0
1747649604362 inf 0
1747649604374 inf 0
1747649604389 inf 0
1747649604396 inf 0
1747649604407 inf 0
1747649604416 0.0 0
1747649604433 0.0 0
1747649604445 0.0 0
1747649604460 0.0 0
1747649604476 inf 0
1747649604492 inf 0
1747649604503 inf 0
1747649604515 inf 0
1747649604522 inf 0
1747649604529 inf 0
1747649604540 inf 0
1747649604551 inf 0
1747649604565 0.0 0
1747649604576 0.0 0
1747649604588 0.0 0
1747649604599 0.0 0
1747649604609 inf 0
1747649604621 0.0 0
1747649604633 0.0 0
1747649604644 0.0 0
1747649604656 inf 0
1747649604665 inf 0
1747649604697 inf 0
1747649604709 inf 0
1747649604751 inf 0
1747649604778 inf 0
1747649604795 inf 0
1747649604810 0.0 0
1747649604818 inf 0
1747649604831 0.0 0
1747649604843 inf 0
1747649604853 0.0 0
1747649604864 0.0 0
1747649604875 inf 0
1747649604888 inf 0
1747649604899 0.0 0
1747649604913 0.0 0
1747649604924 inf 0
1747649604935 inf 0
1747649604944 0.0 0
1747649604959 0.0 0
1747649604976 inf 0
1747649604988 inf 0
1747649605002 0.0 0
1747649605014 inf 0
1747649605037 inf 0
1747649605054 inf 0
1747649605077 0.0 0
1747649605091 0.0 0
1747649605102 0.0 0
1747649605111 0.0 0
1747649605128 0.0 0
1747649605144 inf 0
1747649605155 0.0 0
1747649605166 inf 0
1747649605181 0.0 0
1747649605192 0.0 0
1747649605201 0.0 0
1747649605218 inf 0
1747649605231 inf 0
1747649605247 0.0 0
1747649605275 0.0 0
1747649605295 inf 0
1747649605308 0.0 0
1747649605320 inf 0
1747649605327 0.0 0
1747649605337 inf 0
1747649605345 inf 0
1747649605354 0.0 0
1747649605364 inf 0
1747649605373 0.0 0
1747649605382 0.0 0
1747649605393 0.0 0
1747649605405 inf 0
1747649605438 0.0 0
1747649605446 inf 0
1747649605458 inf 0
1747649605469 0.0 0
1747649605480 inf 0
1747649605488 0.0 0
1747649605497 0.0 0
1747649605505 inf 0
1747649605513 0.0 0
1747649605524 inf 0
1747649605534 inf 0
1747649605543 inf 0
1747649605560 0.0 0
1747649605577 0.0 0
1747649605587 inf 0
1747649605604 inf 0
1747649605615 0.0 0
1747649605624 0.0 0
1747649605640 inf 0
1747649605649 inf 0
1747649605661 0.0 0
1747649605672 inf 0
1747649605681 0.0 0
1747649605692 inf 0
1747649605713 0.0 0
1747649605736 inf 0
1747649605747 inf 0
1747649605759 inf 0
1747649605780 inf 0
1747649605797 0.0 0
1747649605810 inf 0
1747649605822 inf 0
1747649605839 inf 0
1747649605852 0.0 0
1747649605864 0.0 0
1747649605875 0.0 0
1747649605886 inf 0
1747649605914 0.0 0
1747649605936 0.0 0
1747649605949 0.0 0
1747649605959 inf 0
1747649605971 inf 0
1747649605983 inf 0
1747649605994 inf 0
1747649606002 0.0 0
1747649606013 inf 0
1747649606029 0.0 0
1747649606037 0.0 0
1747649606048 0.0 0
1747649606064 inf 0
1747649606075 inf 0
1747649606086 0.0 0
1747649606102 0.0 0
1747649606124 inf 0
1747649606134 inf 0
1747649606151 0.0 0
1747649606161 0.0 0
1747649606173 0.0 0
1747649606186 inf 0
1747649606199 inf 0
1747649606210 0.0 0
1747649606237 0.0 0
1747649606253 inf 0
1747649606265 0.0 0
1747649606287 0.0 0
1747649606301 inf 0
1747649606320 0.0 0
1747649606331 inf 0
1747649606342 inf 0
1747649606359 0.0 0
1747649606373 inf 0
1747649606386 inf 0
1747649606395 inf 0
1747649606416 inf 0
1747649606435 inf 0
1747649606449 inf 0
1747649606462 0.0 0
1747649606482 inf 0
1747649606497 inf 0
1747649606516 inf 0
1747649606530 0.0 0
1747649606557 inf 0
1747649606571 inf 0
1747649606586 0.0 0
1747649606598 0.0 0
1747649606612 0.0 0
1747649606624 inf 0
1747649606637 0.0 0
1747649606648 0.0 0
1747649606661 inf 0
1747649606683 inf 0
1747649606701 0.0 0
1747649606712 0.0 0
1747649606724 inf 0
1747649606741 0.0 0
1747649606752 inf 0
1747649606764 inf 0
1747649606776 0.0 0
1747649606789 inf 0
1747649606800 0.0 0
1747649606811 0.0 0
1747649606821 0.0 0
1747649606831 0.0 0
1747649606844 inf 0
1747649606853 0.0 0
1747649606863 inf 0
1747649606879 0.0 0
1747649606892 inf 0
1747649606914 0.0 0
1747649606928 inf 0
1747649606939 inf 0
1747649606958 inf 0
1747649606971 inf 0
1747649606983 inf 0
1747649606994 0.0 0
1747649607006 inf 0
1747649607018 0.0 0
1747649607034 inf 0
1747649607045 inf 0
1747649607053 0.0 0
1747649607071 0.0 0
1747649607106 inf 0
1747649607127 inf 0
1747649607139 0.0 0
1747649607154 0.0 0
1747649607168 0.0 0
1747649607178 inf 0
1747649607188 inf 0
1747649607199 inf 0
1747649607207 0.0 0
1747649607227 inf 0
1747649607245 inf 0
1747649607259 0.0 0
1747649607273 0.0 0
1747649607286 0.0 0
1747649607297 inf 0
1747649607309 inf 0
1747649607326 inf 0
1747649607339 0.0 0
1747649607355 inf 0
1747649607371 0.0 0
1747649607381 0.0 0
1747649607393 0.0 0
1747649607410 0.0 0
1747649607423 inf 0
1747649607432 inf 0
1747649607448 inf 0
1747649607470 0.0 0
1747649607487 inf 0
1747649607499 0.0 0
1747649607511 0.0 0
1747649607523 0.0 0
1747649607535 0.0 0
1747649607548 0.0 0
1747649607560 0.0 0
1747649607569 inf 0
1747649607587 inf 0
1747649607598 inf 0
1747649607613 0.0 0
1747649607623 0.0 0
1747649607635 inf 0
1747649607646 inf 0
1747649607661 0.0 0
1747649607672 0.0 0
1747649607681 inf 0
1747649607692 inf 0
1747649607708 0.0 0
1747649607726 inf 0
1747649607739 inf 0
1747649607751 inf 0
1747649607771 0.0 0
1747649607786 inf 0
1747649607798 0.0 0
1747649607810 inf 0
1747649607822 0.0 0
1747649608794 0.0 0
1747649608807 0.0 0
1747649608828 inf 0
1747649608840 inf 0
1747649608870 inf 0
1747649608885 0.0 0
1747649608905 inf 0
1747649608921 0.0 0
1747649608939 0.0 0
1747649608957 inf 0
1747649608967 inf 0
1747649608991 0.0 0
1747649609021 0.0 0
1747649609034 inf 0
1747649609047 0.0 0
1747649609058 0.0 0
1747649609077 inf 0
1747649609105 inf 0
1747649609115 inf 0
1747649609124 inf 0
1747649609136 0.0 0
1747649609147 inf 0
1747649609164 inf 0
1747649609181 inf 0
1747649609222 0.0 0
1747649609242 0.0 0
1747649609252 0.0 0
1747649609276 0.0 0
1747649609289 inf 0
1747649609298 0.0 0
1747649609310 0.0 0
1747649609323 inf 0
1747649609330 inf 0
1747649609337 0.0 0
1747649609354 0.0 0
1747649609365 inf 0
1747649609376 0.0 0
1747649609389 inf 0
1747649609412 inf 0
1747649609437 0.0 0
1747649609448 inf 0
1747649609479 inf 0
1747649609491 0.0 0
1747649609510 0.0 0
1747649609521 0.0 0
1747649609533 0.0 0
1747649609555 0.0 0
1747649609583 inf 0
1747649609593 0.0 0
1747649609611 0.0 0
1747649609625 inf 0
1747649609638 0.0 0
1747649609651 0.0 0
1747649609662 0.0 0
1747649609690 0.0 0
1747649609700 0.0 0
1747649609717 0.0 0
1747649609728 0.0 0
1747649609744 inf 0
1747649609760 inf 0
1747649609781 inf 0
1747649609798 inf 0
1747649609814 inf 0
1747649609826 inf 0
1747649609839 0.0 0
1747649609851 inf 0
1747649609863 inf 0
1747649609888 0.0 0
1747649609897 inf 0
1747649609906 0.0 0
1747649609917 0.0 0
1747649609928 inf 0
1747649609938 inf 0
1747649609957 0.0 0
1747649609973 0.0 0
1747649609980 0.0 0
1747649609993 inf 0
1747649610050 inf 0
1747649610064 0.0 0
1747649610090 0.0 0
1747649610104 0.0 0
1747649610116 0.0 0
1747649610130 0.0 0
1747649610144 inf 0
1747649610157 inf 0
1747649610186 inf 0
1747649610210 inf 0
1747649610249 inf 0
1747649610264 0.0 0
1747649610283 0.0 0
1747649610303 inf 0
1747649610339 inf 0
1747649610356 inf 0
1747649610369 inf 0
1747649610389 0.0 0
1747649610404 0.0 0
1747649610417 inf 0
1747649610447 inf 0
1747649610461 0.0 0
1747649610473 inf 0
1747649610487 0.0 0
1747649610500 0.0 0
1747649610513 inf 0
1747649610528 inf 0
1747649610539 inf 0
1747649610546 0.0 0
1747649610559 inf 0
1747649610568 inf 0
1747649610579 inf 0
1747649610597 0.0 0
1747649610608 0.0 0
1747649610619 0.0 0
1747649610668 inf 0
1747649610684 0.0 0
1747649610701 0.0 0
1747649610734 inf 0
1747649610745 inf 0
1747649610756 0.0 0
1747649610767 inf 0
1747649610806 0.0 0
1747649610831 0.0 0
1747649610847 inf 0
1747649610865 0.0 0
1747649610877 0.0 0
1747649610888 0.0 0
1747649610914 0.0 0
1747649610932 inf 0
1747649610944 inf 0
1747649610980 inf 0
1747649610991 0.0 0
1747649611022 0.0 0
1747649611034 inf 0
1747649611051 0.0 0
1747649611063 inf 0
1747649611086 0.0 0
1747649611114 inf 0
1747649611128 inf 0
1747649611143 inf 0
1747649611160 0.0 0
1747649611175 inf 0
1747649611200 0.0 0
1747649611214 0.0 0
1747649611231 inf 0
1747649611263 0.0 0
1747649611275 0.0 0
1747649611301 inf 0
1747649611320 inf 0
1747649611330 0.0 0
1747649611347 inf 0
1747649611358 inf 0
1747649611380 inf 0
1747649611390 0.0 0
1747649611441 0.0 0
1747649611460 0.0 0
1747649611490 inf 0
1747649611504 0.0 0
1747649611515 0.0 0
1747649611532 0.0 0
1747649611543 inf 0
1747649611551 inf 0
1747649611580 inf 0
1747649611603 0.0 0
1747649611623 inf 0
1747649611640 0.0 0
1747649611651 inf 0
1747649611663 inf 0
1747649611676 0.0 0
1747649611694 0.0 0
1747649611706 0.0 0
1747649611719 0.0 0
1747649611739 inf 0
1747649611755 0.0 0
1747649611769 0.0 0
1747649611786 inf 0
1747649611797 inf 0
1747649611805 0.0 0
1747649611818 inf 0
1747649611842 0.0 0
1747649611886 inf 0
1747649611906 0.0 0
1747649611918 inf 0
1747649611935 0.0 0
1747649611945 0.0 0
1747649611954 0.0 0
1747649611963 0.0 0
1747649611983 inf 0
1747649612000 inf 0
1747649612013 0.0 0
1747649612027 0.0 0
1747649612038 0.0 0
1747649612047 inf 0
1747649612055 inf 0
1747649612069 0.0 0
1747649612087 inf 0
1747649612104 inf 0
1747649612120 0.0 0
1747649612181 inf 0
1747649612192 0.0 0
1747649612226 inf 0
1747649612238 0.0 0
1747649612273 0.0 0
1747649612286 0.0 0
1747649612316 inf 0
1747649612328 inf 0
1747649612338 inf 0
1747649612357 0.0 0
1747649612368 0.0 0
1747649612379 0.0 0
1747649612388 inf 0
1747649612400 0.0 0
1747649612410 0.0 0
1747649612426 0.0 0
1747649612435 inf 0
1747649612451 0.0 0
1747649612460 inf 0
1747649612468 inf 0
1747649612476 0.0 0
1747649612506 inf 0
1747649612529 inf 0
1747649612542 0.0 0
1747649612552 inf 0
1747649612565 inf 0
1747649612573 0.0 0
1747649612594 inf 0
1747649612606 0.0 0
1747649612619 0.0 0
1747649612634 0.0 0
1747649612645 inf 0
1747649612656 inf 0
1747649612668 inf 0
1747649612692 inf 0
1747649612704 inf 0
1747649612722 0.0 0
1747649612733 inf 0
1747649612747 0.0 0
1747649612774 inf 0
1747649612784 0.0 0
1747649612796 0.0 0
1747649612807 inf 0
1747649612832 inf 0
1747649612848 inf 0
1747649612859 0.0 0
1747649612868 inf 0
1747649612880 inf 0
1747649612892 0.0 0
1747649612911 0.0 0
1747649612928 inf 0
1747649612986 inf 0
1747649613004 0.0 0
1747649613017 0.0 0
1747649613028 0.0 0
1747649613052 0.0 0
1747649613069 0.0 0
1747649613084 0.0 0
1747649613104 0.0 0
1747649613121 0.0 0
1747649613134 inf 0
1747649613151 inf 0
1747649613166 inf 0
1747649613174 inf 0
1747649613185 0.0 0
1747649613202 inf 0
1747649613213 inf 0
1747649613226 0.0 0
1747649613239 0.0 0
1747649613258 0.0 0
1747649613277 inf 0
1747649613288 inf 0
1747649613311 0.0 0
1747649613327 0.0 0
1747649613337 inf 0
1747649613353 inf 0
1747649613362 inf 0
1747649613386 0.0 0
1747649613410 0.0 0
1747649613426 0.0 0
1747649613440 inf 0
1747649613452 0.0 0
1747649613468 inf 0
1747649613481 inf 0
1747649613494 0.0 0
1747649613508 inf 0
1747649613520 0.0 0
1747649613533 inf 0
1747649613542 0.0 0
1747649613557 0.0 0
1747649613585 0.0 0
1747649613602 0.0 0
1747649613611 inf 0
1747649613628 inf 0
1747649613643 inf 0
1747649613660 0.0 0
1747649613668 inf 0
1747649613678 inf 0
1747649613708 inf 0
1747649613720 0.0 0
1747649613732 0.0 0
1747649613750 0.0 0
1747649613759 0.0 0
1747649613768 0.0 0
1747649613779 inf 0
1747649613788 0.0 0
1747649613809 inf 0
1747649613818 inf 0
1747649613834 0.0 0
1747649613860 inf 0
1747649613877 0.0 0
1747649613888 inf 0
1747649613896 inf 0
1747649613909 inf 0
1747649613932 inf 0
1747649613951 inf 0
1747649613987 0.0 0
1747649614000 0.0 0
1747649614045 inf 0
1747649614053 inf 0
1747649614067 inf 0
1747649614081 inf 0
1747649614092 inf 0
1747649614108 inf 0
1747649614119 0.0 0
1747649614145 0.0 0
1747649614158 0.0 0
1747649614170 0.0 0
1747649614182 inf 0
1747649614194 inf 0
1747649614206 inf 0
1747649614217 0.0 0
1747649614226 0.0 0
1747649614242 inf 0
1747649614254 0.0 0
1747649614274 inf 0
1747649614286 inf 0
1747649614311 0.0 0
1747649614337 inf 0
1747649614346 inf 0
1747649614390 0.0 0
1747649614422 0.0 0
1747649614438 0.0 0
1747649614458 0.0 0
1747649614474 inf 0
1747649614491 inf 0
1747649614505 inf 0
1747649614518 0.0 0
1747649614543 inf 0
1747649614584 0.0 0
1747649614603 0.0 0
1747649614638 inf 0
1747649614645 0.0 0
1747649614657 inf 0
1747649614696 0.0 0
1747649614710 inf 0
1747649614728 inf 0
1747649614740 inf 0
1747649614752 0.0 0
1747649614763 0.0 0
1747649614771 0.0 0
1747649614786 0.0 0
1747649614797 0.0 0
1747649614809 0.0 0
1747649614823 0.0 0
1747649614845 inf 0
1747649614857 inf 0
1747649614868 0.0 0
1747649614895 0.0 0
1747649614912 0.0 0
1747649614941 0.0 0
1747649614952 0.0 0
1747649614963 0.0 0
1747649614975 0.0 0
1747649614989 0.0 0
1747649615000 0.0 0
1747649615009 0.0 0
1747649615021 0.0 0
1747649615034 inf 0
1747649615047 inf 0
1747649615055 0.0 0
1747649615088 inf 0
1747649615110 inf 0
1747649615121 inf 0
1747649615149 0.0 0
1747649615171 inf 0
1747649615201 inf 0
1747649615213 inf 0
1747649615225 0.0 0
1747649615236 0.0 0
1747649615244 0.0 0
1747649615256 0.0 0
1747649615288 0.0 0
1747649615303 0.0 0
1747649615310 inf 0
1747649615318 0.0 0
1747649615331 0.0 0
1747649615342 inf 0
1747649615354 0.0 0
1747649615369 0.0 0
1747649615381 inf 0
1747649615397 inf 0
1747649615408 0.0 0
1747649615420 inf 0
1747649615432 0.0 0
1747649615450 0.0 0
1747649615461 inf 0
1747649615469 inf 0
1747649615484 inf 0
1747649615501 0.0 0
1747649615512 0.0 0
1747649615523 0.0 0
1747649615536 inf 0
1747649615559 inf 0
1747649615584 0.0 0
1747649615595 inf 0
1747649615623 inf 0
1747649615639 0.0 0
1747649615647 0.0 0
1747649615658 0.0 0
1747649615669 0.0 0
1747649615686 inf 0
1747649615699 inf 0
1747649615707 0.0 0
1747649615727 0.0 0
1747649615751 0.0 0
1747649615769 inf 0
1747649615782 0.0 0
1747649615793 0.0 0
1747649615803 0.0 0
1747649615820 inf 0
1747649615850 0.0 0
1747649615862 0.0 0
1747649615884 0.0 0
1747649615899 0.0 0
1747649615913 inf 0
1747649615926 0.0 0
1747649615945 inf 0
1747649615958 0.0 0
1747649615976 inf 0
1747649616002 inf 0
1747649616015 0.0 0
1747649616032 0.0 0
1747649616053 0.0 0
1747649616074 0.0 0
1747649616084 inf 0
1747649616101 inf 0
1747649616111 0.0 0
1747649616131 inf 0
1747649616156 0.0 0
1747649616179 inf 0
1747649616192 inf 0
1747649616204 0.0 0
1747649616220 inf 0
1747649616248 0.0 0
1747649616265 inf 0
1747649616276 0.0 0
1747649616284 0.0 0
1747649616296 inf 0
1747649616305 inf 0
1747649616321 0.0 0
1747649616340 inf 0
1747649616372 0.0 0
1747649616383 inf 0
1747649616404 inf 0
1747649616421 0.0 0
1747649616435 inf 0
1747649616447 inf 0
1747649616459 inf 0
1747649616467 0.0 0
1747649616477 0.0 0
1747649616489 inf 0
1747649616498 inf 0
1747649616511 inf 0
1747649616521 inf 0
1747649616547 inf 0
1747649616560 inf 0
1747649616582 0.0 0
1747649616595 inf 0
1747649616623 0.0 0
1747649616643 0.0 0
1747649616655 inf 0
1747649616666 inf 0
1747649616687 inf 0
1747649616717 inf 0
1747649616727 0.0 0
1747649616738 inf 0
1747649616749 inf 0
1747649616758 inf 0
1747649616768 inf 0
1747649616781 0.0 0
1747649616793 inf 0
1747649616809 0.0 0
1747649616820 inf 0
1747649616829 0.0 0
1747649616852 inf 0
1747649616873 inf 0
1747649616884 0.0 0
1747649616923 0.0 0
1747649616940 inf 0
1747649616963 0.0 0
1747649616980 inf 0
1747649617012 inf 0
1747649617055 inf 0
1747649617068 inf 0
1747649617079 inf 0
1747649617094 inf 0
1747649617104 0.0 0
1747649617113 0.0 0
1747649617123 0.0 0
1747649617134 inf 0
1747649617146 inf 0
1747649617153 0.0 0
1747649617165 0.0 0
1747649617177 0.0 0
1747649617206 inf 0
1747649617217 inf 0
1747649617232 inf 0
1747649617245 inf 0
1747649617263 inf 0
1747649617271 0.0 0
1747649617279 0.0 0
1747649617290 inf 0
1747649617317 0.0 0
1747649617328 0.0 0
1747649617344 0.0 0
1747649617372 inf 0
1747649617392 inf 0
1747649617411 0.0 0
1747649617428 0.0 0
1747649617452 inf 0
1747649617469 inf 0
1747649617481 inf 0
1747649617493 0.0 0
1747649617505 0.0 0
1747649617513 0.0 0
1747649617526 inf 0
1747649617561 inf 0
1747649617587 inf 0
1747649617605 inf 0
1747649617648 0.0 0
1747649617665 inf 0
1747649617716 inf 0
1747649617724 inf 0
1747649617735 inf 0
1747649617768 inf 0
1747649617784 inf 0
1747649617796 inf 0
1747649617826 inf 0
1747649617843 0.0 0
1747649617854 inf 0
1747649617868 inf 0
1747649617887 inf 0
1747649617899 0.0 0
1747649617911 inf 0
1747649617921 0.0 0
1747649617929 inf 0
1747649617947 inf 0
1747649617967 inf 0
1747649617981 inf 0
1747649618016 0.0 0
1747649618042 0.0 0
1747649618054 0.0 0
1747649618066 0.0 0
1747649618077 0.0 0
1747649618094 0.0 0
1747649618116 inf 0
1747649618130 inf 0
1747649618147 inf 0
1747649618172 inf 0
1747649618187 inf 0
1747649618199 0.0 0
1747649618238 0.0 0
1747649618250 inf 0
1747649618277 inf 0
1747649618309 0.0 0
1747649618320 0.0 0
1747649618331 0.0 0
1747649618353 inf 0
1747649618362 0.0 0
1747649618381 0.0 0
1747649618392 0.0 0
1747649618406 inf 0
1747649618424 inf 0
1747649618442 0.0 0
1747649618466 inf 0
1747649618477 inf 0
1747649618491 0.0 0
1747649618501 inf 0
1747649618533 0.0 0
1747649618549 0.0 0
1747649618585 inf 0
1747649618616 0.0 0
1747649618628 inf 0
1747649618659 0.0 0
1747649618686 0.0 0
1747649618717 inf 0
1747649618751 inf 0
1747649618786 0.0 0
1747649618809 inf 0
1747649618821 inf 0
1747649618844 inf 0
1747649618856 inf 0
1747649618868 0.0 0
1747649618884 0.0 0
1747649618898 inf 0
1747649618919 0.0 0
1747649618941 0.0 0
1747649618960 inf 0
1747649618979 inf 0
1747649619003 inf 0
1747649619014 inf 0
1747649619037 0.0 0
1747649619065 0.0 0
1747649619083 inf 0
1747649619099 0.0 0
1747649619121 inf 0
1747649619132 0.0 0
1747649619144 0.0 0
1747649619155 0.0 0
1747649619177 inf 0
1747649619198 inf 0
1747649619216 inf 0
1747649619227 inf 0
1747649619244 inf 0
1747649619258 inf 0
1747649619283 inf 0
1747649619293 inf 0
1747649619315 0.0 0
1747649619336 0.0 0
1747649619346 0.0 0
1747649619357 inf 0
1747649619368 inf 0
1747649619384 0.0 0
1747649619395 0.0 0
1747649619411 inf 0
1747649619429 inf 0
1747649619469 inf 0
1747649619482 0.0 0
1747649619509 0.0 0
1747649619521 inf 0
1747649619536 0.0 0
1747649619547 inf 0
1747649619575 0.0 0
1747649619589 0.0 0
1747649619599 inf 0
1747649619622 inf 0
1747649619639 inf 0
1747649619662 0.0 0
1747649619678 0.0 0
1747649619694 0.0 0
1747649619706 0.0 0
1747649619717 inf 0
1747649619729 inf 0
1747649619744 inf 0
1747649619761 0.0 0
1747649619776 0.0 0
1747649619793 0.0 0
1747649619813 inf 0
1747649619830 inf 0
1747649619842 inf 0
1747649619860 0.0 0
1747649619871 0.0 0
1747649619902 inf 0
1747649619913 inf 0
1747649619936 0.0 0
1747649619946 inf 0
1747649619966 inf 0
1747649619975 0.0 0
1747649619986 inf 0
1747649619995 inf 0
1747649620006 0.0 0
1747649620017 inf 0
1747649620033 inf 0
1747649620053 inf 0
1747649620091 0.0 0
1747649620101 0.0 0
1747649620110 0.0 0
1747649620122 inf 0
1747649620139 inf 0
1747649620147 0.0 0
1747649620158 inf 0
1747649620190 0.0 0
1747649620208 0.0 0
1747649620230 0.0 0
1747649620252 0.0 0
1747649620264 inf 0
1747649620294 0.0 0
1747649620304 inf 0
1747649620326 0.0 0
1747649620337 inf 0
1747649620367 inf 0
1747649620409 inf 0
1747649620425 inf 0
1747649620439 inf 0
1747649620457 inf 0
1747649620564 inf 0
1747649620573 inf 0
1747649620587 inf 0
1747649620606 0.0 0
1747649620614 0.0 0
1747649620627 inf 0
1747649620636 0.0 0
1747649620671 inf 0
1747649620684 0.0 0
1747649620695 0.0 0
1747649620711 0.0 0
1747649620727 inf 0
1747649620747 inf 0
1747649620767 inf 0
1747649620779 0.0 0
1747649620790 0.0 0
1747649620804 0.0 0
1747649620819 inf 0
1747649620846 0.0 0
1747649620865 inf 0
1747649620883 0.0 0
1747649620910 0.0 0
1747649620925 0.0 0
1747649620937 0.0 0
1747649620948 inf 0
1747649620959 0.0 0
1747649620988 0.0 0
1747649620998 inf 0
1747649621006 inf 0
1747649621014 0.0 0
1747649621025 inf 0
1747649621036 0.0 0
1747649621082 inf 0
1747649621100 0.0 0
1747649621122 0.0 0
1747649621133 inf 0
1747649621148 inf 0
1747649621159 inf 0
1747649621171 0.0 0
1747649621180 0.0 0
1747649621188 inf 0
1747649621198 inf 0
1747649621220 0.0 0
1747649621232 inf 0
1747649621245 0.0 0
1747649621267 0.0 0
1747649621279 inf 0
1747649621297 0.0 0
1747649621318 0.0 0
1747649621331 0.0 0
1747649621343 inf 0
1747649621354 inf 0
1747649621370 0.0 0
1747649621382 inf 0
1747649621389 0.0 0
1747649621397 0.0 0
1747649621423 0.0 0
1747649621443 inf 0
1747649621463 inf 0
1747649621481 0.0 0
1747649621494 inf 0
1747649621506 0.0 0
1747649621523 inf 0
1747649621540 inf 0
1747649621552 0.0 0
1747649621573 inf 0
1747649621582 inf 0
1747649621593 inf 0
1747649621604 inf 0
1747649621615 inf 0
1747649621640 0.0 0
1747649621653 inf 0
1747649621666 inf 0
1747649621673 0.0 0
1747649621710 0.0 0
1747649621722 0.0 0
1747649621733 inf 0
1747649621749 0.0 0
1747649621764 0.0 0
1747649621780 inf 0
1747649621792 inf 0
1747649621806 inf 0
1747649621831 0.0 0
1747649621842 inf 0
1747649621853 0.0 0
1747649621877 0.0 0
1747649621890 inf 0
1747649621902 inf 0
1747649621914 0.0 0
1747649621930 0.0 0
1747649621945 inf 0
1747649621957 inf 0
1747649621975 inf 0
1747649621993 0.0 0
1747649622006 0.0 0
1747649622021 inf 0
1747649622032 0.0 0
1747649622043 inf 0
1747649622071 inf 0
1747649622096 inf 0
1747649622114 0.0 0
1747649622137 inf 0
1747649622149 inf 0
1747649622178 0.0 0
1747649622198 inf 0
1747649622212 0.0 0
1747649622249 0.0 0
1747649622287 inf 0
1747649622300 0.0 0
1747649622328 inf 0
1747649622356 0.0 0
1747649622367 inf 0
1747649622376 0.0 0
1747649622387 inf 0
1747649622394 0.0 0
1747649622411 0.0 0
1747649622421 inf 0
1747649622431 0.0 0
1747649622474 inf 0
1747649622486 0.0 0
1747649622508 inf 0
1747649622521 0.0 0
1747649622543 inf 0
1747649622557 inf 0
1747649622571 0.0 0
1747649622592 inf 0
1747649622629 0.0 0
1747649622667 inf 0
1747649622682 inf 0
1747649622693 0.0 0
1747649622717 inf 0
1747649622735 0.0 0
1747649622752 0.0 0
1747649622768 inf 0
1747649622780 inf 0
1747649622794 0.0 0
1747649622811 0.0 0
1747649622823 inf 0
1747649622838 0.0 0
1747649622849 inf 0
1747649622861 inf 0
1747649622876 0.0 0
1747649622897 inf 0
1747649622908 0.0 0
1747649622921 0.0 0
1747649622933 0.0 0
1747649622986 0.0 0
1747649623007 inf 0
1747649623043 0.0 0
1747649623056 inf 0
1747649623077 inf 0
1747649623090 0.0 0
1747649623106 0.0 0
1747649623124 0.0 0
1747649623142 0.0 0
1747649623153 0.0 0
1747649623165 inf 0
1747649623193 0.0 0
1747649623210 inf 0
1747649623224 inf 0
1747649623235 inf 0
1747649623247 inf 0
1747649623275 0.0 0
1747649623286 inf 0
1747649623297 inf 0
1747649623312 0.0 0
1747649623328 inf 0
1747649623336 inf 0
1747649623354 inf 0
1747649623387 inf 0
1747649623412 inf 0
1747649623423 inf 0
1747649623435 0.0 0
1747649623446 inf 0
1747649623457 inf 0
1747649623472 inf 0
1747649623489 0.0 0
1747649623507 0.0 0
1747649623518 0.0 0
1747649623533 inf 0
1747649623549 0.0 0
1747649623580 0.0 0
1747649623617 0.0 0
1747649623629 0.0 0
1747649623645 inf 0
1747649623653 0.0 0
1747649623672 0.0 0
1747649623682 0.0 0
1747649623693 0.0 0
1747649623704 inf 0
1747649623733 0.0 0
1747649623746 0.0 0
1747649623817 inf 0
1747649623826 inf 0
1747649623839 0.0 0
1747649623852 0.0 0
1747649623864 inf 0
1747649623872 inf 0
1747649623890 inf 0
1747649623902 inf 0
1747649623928 0.0 0
1747649623946 0.0 0
1747649623967 0.0 0
1747649623979 inf 0
1747649623990 inf 0
1747649624017 inf 0
1747649624028 0.0 0
1747649624036 inf 0
1747649624048 0.0 0
1747649624065 inf 0
1747649624073 0.0 0
1747649624084 inf 0
1747649624093 0.0 0
1747649624105 inf 0
1747649624118 inf 0
1747649624128 0.0 0
1747649624141 0.0 0
1747649624154 inf 0
1747649624172 inf 0
1747649624185 0.0 0
1747649624202 inf 0
1747649625133 0.0 0
1747649625143 0.0 0
1747649625208 0.0 0
1747649625227 0.0 0
1747649625254 inf 0
1747649625268 inf 0
1747649625323 0.0 0
1747649625363 0.0 0
1747649625375 0.0 0
1747649625420 0.0 0
1747649625453 inf 0
1747649625488 0.0 0
1747649625501 inf 0
1747649625512 0.0 0
1747649625527 inf 0
1747649625585 0.0 0
1747649625645 inf 0
1747649625656 inf 0
1747649625677 0.0 0
1747649625695 0.0 0
1747649625736 0.0 0
1747649625760 0.0 0
1747649625801 0.0 0
1747649625848 0.0 0
1747649625870 0.0 0
1747649625891 inf 0
1747649625903 0.0 0
1747649625925 inf 0
1747649625951 inf 0
1747649625969 0.0 0
1747649625985 0.0 0
1747649626018 0.0 0
1747649626032 inf 0
1747649626049 inf 0
1747649626079 0.0 0
1747649626106 0.0 0
1747649626122 inf 0
1747649626143 inf 0
1747649626182 0.0 0
1747649626202 inf 0
1747649626219 inf 0
1747649626251 0.0 0
1747649626304 inf 0
1747649626322 inf 0
1747649626344 inf 0
1747649626357 0.0 0
1747649626399 0.0 0
1747649626429 inf 0
1747649626452 0.0 0
1747649626474 0.0 0
1747649626490 0.0 0
1747649626544 0.0 0
1747649626565 0.0 0
1747649626599 inf 0
1747649626614 inf 0
1747649626629 inf 0
1747649626644 0.0 0
1747649626672 inf 0
1747649626683 0.0 0
1747649626706 inf 0
1747649626720 0.0 0
1747649626736 0.0 0
1747649626748 0.0 0
1747649626791 inf 0
1747649626854 inf 0
1747649626889 0.0 0
1747649626903 0.0 0
1747649626914 0.0 0
1747649626939 inf 0
1747649626954 0.0 0
1747649626990 0.0 0
1747649627003 0.0 0
1747649627016 inf 0
1747649627040 inf 0
1747649627049 0.0 0
1747649627108 inf 0
1747649627125 0.0 0
1747649627137 inf 0
1747649627180 inf 0
1747649627246 inf 0
1747649627276 0.0 0
1747649627295 inf 0
1747649627317 0.0 0
1747649627340 0.0 0
1747649627368 0.0 0
1747649627402 inf 0
1747649627428 0.0 0
1747649627443 0.0 0
1747649627457 0.0 0
1747649627484 inf 0
1747649627496 inf 0
1747649627507 0.0 0
1747649627530 inf 0
1747649627593 inf 0
1747649627623 inf 0
1747649627635 0.0 0
1747649627659 0.0 0
1747649627680 inf 0
1747649627687 inf 0
1747649627696 inf 0
1747649627708 0.0 0
1747649627720 0.0 0
1747649627737 0.0 0
1747649627761 0.0 0
1747649627807 0.0 0
1747649627819 0.0 0
1747649627836 0.0 0
1747649627853 inf 0
1747649627891 0.0 0
1747649627899 inf 0
1747649627921 inf 0
1747649627933 0.0 0
1747649627966 inf 0
1747649627982 0.0 0
1747649628001 inf 0
1747649628013 0.0 0
1747649628036 0.0 0
1747649628047 inf 0
1747649628062 0.0 0
1747649628075 inf 0
1747649628099 inf 0
1747649628117 inf 0
1747649628129 inf 0
1747649628168 inf 0
1747649628180 inf 0
1747649628204 0.0 0
1747649628241 inf 0
1747649628278 inf 0
1747649628286 inf 0
1747649628297 inf 0
1747649628315 0.0 0
1747649628342 inf 0
1747649628372 inf 0
1747649628409 0.0 0
1747649628450 0.0 0
1747649628461 inf 0
1747649628469 inf 0
1747649628485 0.0 0
1747649628505 inf 0
1747649628522 0.0 0
1747649628550 0.0 0
1747649628620 inf 0
1747649628634 inf 0
1747649628663 inf 0
1747649628684 0.0 0
1747649628699 inf 0
1747649628721 inf 0
1747649628832 inf 0
1747649628867 inf 0
1747649628897 inf 0
1747649628911 inf 0
1747649628922 0.0 0
1747649628939 0.0 0
1747649628956 0.0 0
1747649628967 0.0 0
1747649628995 0.0 0
1747649629026 0.0 0
1747649629038 inf 0
1747649629074 0.0 0
1747649629089 0.0 0
1747649629126 inf 0
1747649629163 0.0 0
1747649629179 inf 0
1747649629206 inf 0
1747649629219 inf 0
1747649629236 0.0 0
1747649629254 inf 0
1747649629276 inf 0
1747649629286 0.0 0
1747649629303 inf 0
1747649629316 inf 0
1747649629346 inf 0
1747649629380 inf 0
1747649629402 inf 0
1747649629416 0.0 0
1747649629428 0.0 0
1747649629476 inf 0
1747649629487 0.0 0
1747649629504 0.0 0
1747649629545 0.0 0
1747649629578 inf 0
1747649629588 inf 0
1747649629642 inf 0
1747649629655 inf 0
1747649629675 0.0 0
1747649629705 0.0 0
1747649629718 inf 0
1747649629732 inf 0
1747649629744 0.0 0
1747649629755 inf 0
1747649629784 inf 0
1747649629796 inf 0
1747649629815 inf 0
1747649629844 0.0 0
1747649629856 0.0 0
1747649629883 0.0 0
1747649629893 inf 0
1747649629908 inf 0
1747649629916 inf 0
1747649629927 0.0 0
1747649629962 inf 0
1747649629989 0.0 0
1747649630006 inf 0
1747649630021 inf 0
1747649630033 inf 0
1747649630045 0.0 0
1747649630071 inf 0
1747649630097 0.0 0
1747649630128 inf 0
1747649630138 inf 0
1747649630151 0.0 0
1747649630181 0.0 0
1747649630200 0.0 0
1747649630257 0.0 0
1747649630335 0.0 0
1747649630370 inf 0
1747649630391 inf 0
1747649630435 inf 0
1747649630465 inf 0
1747649630514 0.0 0
1747649630606 inf 0
1747649630626 0.0 0
1747649630637 inf 0
1747649630698 0.0 0
1747649630727 inf 0
1747649630757 0.0 0
1747649630775 0.0 0
1747649630787 0.0 0
1747649630846 0.0 0
1747649630864 inf 0
1747649630882 inf 0
1747649630895 0.0 0
1747649630964 0.0 0
1747649630977 0.0 0
1747649630992 inf 0
1747649631006 0.0 0
1747649631046 0.0 0
1747649631094 0.0 0
1747649631110 0.0 0
1747649631136 inf 0
1747649631164 0.0 0
1747649631176 inf 0
1747649631196 0.0 0
1747649631232 inf 0
1747649631243 0.0 0
1747649631266 0.0 0
1747649631290 0.0 0
1747649631320 0.0 0
1747649631363 inf 0
1747649631380 0.0 0
1747649631419 inf 0
1747649631453 0.0 0
1747649631465 inf 0
1747649631495 0.0 0
1747649631514 0.0 0
1747649631544 0.0 0
1747649631572 0.0 0
1747649631584 inf 0
1747649631618 0.0 0
1747649631686 inf 0
1747649631721 inf 0
1747649631732 0.0 0
1747649631761 0.0 0
1747649631775 0.0 0
1747649631813 inf 0
1747649631870 inf 0
1747649631896 inf 0
1747649631926 0.0 0
1747649631961 inf 0
1747649631990 0.0 0
1747649632021 inf 0
1747649632046 0.0 0
1747649632060 0.0 0
1747649632071 inf 0
1747649632095 0.0 0
1747649632107 0.0 0
1747649632132 0.0 0
1747649632175 0.0 0
1747649632226 0.0 0
1747649632243 0.0 0
1747649632250 inf 0
1747649632286 inf 0
1747649632327 inf 0
1747649632343 0.0 0
1747649632368 inf 0
1747649632377 inf 0
1747649632394 0.0 0
1747649632416 inf 0
1747649632451 0.0 0
1747649632459 inf 0
1747649632476 inf 0
1747649632544 inf 0
1747649632574 0.0 0
1747649632595 inf 0
1747649632611 inf 0
1747649632635 inf 0
1747649632695 0.0 0
1747649632707 inf 0
1747649632725 inf 0
1747649632750 0.0 0
1747649632774 inf 0
1747649632806 0.0 0
1747649632821 0.0 0
1747649632832 inf 0
1747649632843 0.0 0
1747649632869 0.0 0
1747649632885 inf 0
1747649632983 0.0 0
1747649633039 0.0 0
1747649633051 0.0 0
1747649633069 0.0 0
1747649633087 inf 0
1747649633109 inf 0
1747649633143 0.0 0
1747649633154 inf 0
1747649633172 0.0 0
1747649633199 0.0 0
1747649633232 0.0 0
1747649633258 inf 0
1747649633280 inf 0
1747649633310 0.0 0
1747649633327 0.0 0
1747649633344 inf 0
1747649633353 0.0 0
1747649633391 0.0 0
1747649633421 inf 0
1747649633439 0.0 0
1747649633461 inf 0
1747649633482 0.0 0
1747649633552 inf 0
1747649633596 inf 0
1747649633612 0.0 0
1747649633630 inf 0
1747649633698 inf 0
1747649633721 0.0 0
1747649633791 inf 0
1747649633809 0.0 0
1747649633820 inf 0
1747649633842 0.0 0
1747649633880 inf 0
1747649633890 0.0 0
1747649633898 0.0 0
1747649633938 0.0 0
1747649633956 0.0 0
1747649633973 0.0 0
1747649634008 inf 0
1747649634028 0.0 0
1747649634040 0.0 0
1747649634050 inf 0
1747649634078 inf 0
1747649634102 0.0 0
1747649634117 0.0 0
1747649634204 0.0 0
1747649634217 inf 0
1747649634231 0.0 0
1747649634248 inf 0
1747649634269 inf 0
1747649634292 0.0 0
1747649634323 inf 0
1747649634348 0.0 0
1747649634426 inf 0
1747649634445 0.0 0
1747649634456 inf 0
1747649634495 inf 0
1747649634548 inf 0
1747649634623 inf 0
1747649634635 0.0 0
1747649634646 0.0 0
1747649634663 inf 0
1747649634676 0.0 0
1747649634699 inf 0
1747649634730 0.0 0
1747649634743 0.0 0
1747649634782 inf 0
1747649634823 0.0 0
1747649634839 0.0 0
1747649634850 0.0 0
1747649634879 inf 0
1747649634894 0.0 0
1747649634905 inf 0
1747649634927 inf 0
1747649634939 0.0 0
1747649634955 inf 0
1747649635019 0.0 0
1747649635034 0.0 0
1747649635073 inf 0
1747649635085 inf 0
1747649635113 inf 0
1747649635150 0.0 0
1747649635168 0.0 0
1747649635184 inf 0
1747649635226 inf 0
1747649635236 0.0 0
1747649635247 inf 0
1747649635264 0.0 0
1747649635288 0.0 0
1747649635309 0.0 0
1747649635347 inf 0
1747649635391 inf 0
1747649635400 inf 0
1747649635422 inf 0
1747649635446 inf 0
1747649635458 inf 0
1747649635472 inf 0
1747649635502 inf 0
1747649635567 inf 0
1747649635629 0.0 0
1747649635655 inf 0
1747649635678 0.0 0
1747649635712 0.0 0
1747649635726 0.0 0
1747649635760 inf 0
1747649635773 0.0 0
1747649635796 inf 0
1747649635814 0.0 0
1747649635826 inf 0
1747649635844 0.0 0
1747649635857 inf 0
1747649635922 0.0 0
1747649635933 inf 0
1747649635943 0.0 0
1747649635955 0.0 0
1747649635966 0.0 0
1747649636027 0.0 0
1747649636039 0.0 0
1747649636100 0.0 0
1747649636140 0.0 0
1747649636182 inf 0
1747649636232 0.0 0
1747649636252 inf 0
1747649636270 inf 0
1747649636306 inf 0
1747649636348 0.0 0
1747649636377 inf 0
1747649636389 inf 0
1747649636430 0.0 0
1747649636456 0.0 0
1747649636522 inf 0
1747649636556 0.0 0
1747649636575 inf 0
1747649636600 0.0 0
1747649636614 inf 0
1747649636631 0.0 0
1747649636704 inf 0
1747649636715 0.0 0
1747649636727 0.0 0
1747649636741 0.0 0
1747649636754 inf 0
1747649636794 0.0 0
1747649636837 inf 0
1747649636861 0.0 0
1747649636879 0.0 0
1747649636904 0.0 0
1747649636923 inf 0
1747649636934 0.0 0
1747649636951 0.0 0
1747649637045 0.0 0
1747649637063 0.0 0
1747649637076 inf 0
1747649637087 inf 0
1747649637101 0.0 0
1747649637112 inf 0
1747649637154 inf 0
1747649637217 0.0 0
1747649637246 0.0 0
1747649637262 0.0 0
1747649637303 inf 0
1747649637320 0.0 0
1747649637349 inf 0
1747649637365 0.0 0
1747649637420 inf 0
1747649637507 inf 0
1747649637525 inf 0
1747649637543 inf 0
1747649637604 0.0 0
1747649637650 0.0 0
1747649637740 0.0 0
1747649637785 0.0 0
1747649637824 inf 0
1747649637892 0.0 0
1747649637903 inf 0
1747649637944 inf 0
1747649637956 inf 0
1747649637978 inf 0
1747649637989 inf 0
1747649638932 0.0 0
1747649638947 0.0 0
1747649639048 inf 0
1747649639089 inf 0
1747649639120 inf 0
1747649639195 inf 0
1747649639215 inf 0
1747649639249 inf 0
1747649639292 0.0 0
1747649639338 inf 0
1747649639406 inf 0
1747649639422 inf 0
1747649639477 0.0 0
1747649639569 0.0 0
1747649639734 inf 0
1747649639785 0.0 0
1747649640010 inf 0
1747649640074 inf 0
1747649640258 inf 0
1747649640381 0.0 0
1747649640477 inf 0
1747649640535 0.0 0
1747649640549 inf 0
1747649640611 inf 0
1747649640634 inf 0
1747649640838 inf 0
1747649640868 0.0 0
1747649640929 0.0 0
1747649640971 inf 0
1747649640989 0.0 0
1747649641057 0.0 0
1747649641131 0.0 0
1747649641175 0.0 0
1747649641289 inf 0
1747649641381 inf 0
1747649641404 inf 0
1747649641456 inf 0
1747649641481 inf 0
1747649641493 0.0 0
1747649641661 inf 0
1747649641861 0.0 0
1747649641882 inf 0
1747649641908 inf 0
1747649641970 inf 0
1747649642050 inf 0
1747649642079 inf 0
1747649642186 inf 0
1747649642312 inf 0
1747649642438 inf 0
1747649642451 0.0 0
1747649642463 0.0 0
1747649642680 0.0 0
1747649642738 0.0 0
1747649642756 inf 0
1747649642824 0.0 0
1747649642849 inf 0
1747649642954 0.0 0
1747649643005 0.0 0
1747649643018 0.0 0
1747649643072 0.0 0
1747649643099 inf 0
1747649643232 inf 0
1747649643294 inf 0
1747649643334 inf 0
1747649643368 0.0 0
1747649643461 0.0 0
1747649643509 inf 0
1747649643591 0.0 0
1747649643627 inf 0
1747649643708 inf 0
1747649643762 0.0 0
1747649643872 inf 0
1747649643881 inf 0
1747649643988 0.0 0
1747649644129 0.0 0
1747649644152 0.0 0
1747649644249 0.0 0
1747649644270 0.0 0
1747649644518 inf 0
1747649644566 0.0 0
1747649644611 inf 0
1747649644685 inf 0
1747649644739 0.0 0
1747649644902 0.0 0
1747649645095 0.0 0
1747649645285 inf 0
1747649645379 0.0 0
1747649645451 inf 0
1747649645578 inf 0
1747649645688 0.0 0
1747649645712 0.0 0
1747649645907 inf 0
1747649645986 0.0 0
1747649646114 0.0 0
1747649646132 0.0 0
1747649646193 inf 0
1747649646440 0.0 0
1747649646491 inf 0
1747649646599 inf 0
1747649646715 0.0 0
1747649646768 inf 0
1747649646819 0.0 0
1747649646837 0.0 0
1747649646847 0.0 0
1747649646932 inf 0
1747649646947 inf 0
1747649647000 inf 0
1747649647049 inf 0
1747649647093 inf 0
1747649647134 0.0 0
1747649647164 0.0 0
1747649647176 inf 0
1747649647204 inf 0
1747649647430 0.0 0
1747649647463 inf 0
1747649647572 inf 0
1747649647585 inf 0
1747649647613 0.0 0
1747649647623 0.0 0
1747649647656 inf 0
1747649647678 inf 0
1747649647762 inf 0
1747649647795 inf 0
1747649647814 inf 0
1747649647835 inf 0
1747649647877 inf 0
1747649647917 0.0 0
1747649647989 inf 0
1747649648238 inf 0
1747649648321 0.0 0
1747649648341 0.0 0
1747649648411 inf 0
