1747649596627 -0.08537034784841376 0
1747649596641 nan 0
1747649596652 nan 0
1747649596683 nan 0
1747649596692 nan 0
1747649596708 nan 0
1747649596716 nan 0
1747649596729 nan 0
1747649596740 nan 0
1747649596752 nan 0
1747649596773 nan 0
1747649596784 nan 0
1747649596796 nan 0
1747649596809 nan 0
1747649596821 nan 0
1747649596832 nan 0
1747649596864 nan 0
1747649596885 nan 0
1747649596911 nan 0
1747649596922 nan 0
1747649596930 nan 0
1747649596941 nan 0
1747649596956 nan 0
1747649596970 nan 0
1747649596984 nan 0
1747649596995 nan 0
1747649597003 nan 0
1747649597014 nan 0
1747649597035 nan 0
1747649597049 nan 0
1747649597061 nan 0
1747649597072 nan 0
1747649597085 nan 0
1747649597096 nan 0
1747649597108 nan 0
1747649597116 nan 0
1747649597128 nan 0
1747649597145 nan 0
1747649597153 nan 0
1747649597161 nan 0
1747649597172 nan 0
1747649597179 nan 0
1747649597203 nan 0
1747649597213 nan 0
1747649597224 nan 0
1747649597235 nan 0
1747649597246 nan 0
1747649597263 nan 0
1747649597274 nan 0
1747649597286 nan 0
1747649597297 nan 0
1747649597317 nan 0
1747649597329 nan 0
1747649597344 nan 0
1747649597354 nan 0
1747649597362 nan 0
1747649597381 nan 0
1747649597395 nan 0
1747649597412 nan 0
1747649597423 nan 0
1747649597434 nan 0
1747649597445 nan 0
1747649597461 nan 0
1747649597472 nan 0
1747649597484 nan 0
1747649597497 nan 0
1747649597511 nan 0
1747649597523 nan 0
1747649597551 nan 0
1747649597564 nan 0
1747649597577 nan 0
1747649597589 nan 0
1747649597614 nan 0
1747649597640 nan 0
1747649597654 nan 0
1747649597670 nan 0
1747649597684 nan 0
1747649597705 nan 0
1747649597727 nan 0
1747649597739 nan 0
1747649597764 nan 0
1747649597798 nan 0
1747649597813 nan 0
1747649597828 nan 0
1747649597839 nan 0
1747649597850 nan 0
1747649597884 nan 0
1747649597894 nan 0
1747649597912 nan 0
1747649597923 nan 0
1747649597936 nan 0
1747649597949 nan 0
1747649597963 nan 0
1747649597973 nan 0
1747649597987 nan 0
1747649597999 nan 0
1747649598014 nan 0
1747649598026 nan 0
1747649598039 nan 0
1747649598049 nan 0
1747649598058 nan 0
1747649598072 nan 0
1747649598086 nan 0
1747649598099 nan 0
1747649598111 nan 0
1747649598124 nan 0
1747649598148 nan 0
1747649598161 nan 0
1747649598176 nan 0
1747649598189 nan 0
1747649598209 nan 0
1747649598230 nan 0
1747649598242 nan 0
1747649598251 nan 0
1747649598264 nan 0
1747649598277 nan 0
1747649598290 nan 0
1747649598306 nan 0
1747649598321 nan 0
1747649598333 nan 0
1747649598345 nan 0
1747649598353 nan 0
1747649598365 nan 0
1747649598381 nan 0
1747649598390 nan 0
1747649598401 nan 0
1747649598409 nan 0
1747649598420 nan 0
1747649598429 nan 0
1747649598437 nan 0
1747649598458 nan 0
1747649598469 nan 0
1747649598481 nan 0
1747649598493 nan 0
1747649598507 nan 0
1747649598518 nan 0
1747649598526 nan 0
1747649598553 nan 0
1747649598563 nan 0
1747649598570 nan 0
1747649598585 nan 0
1747649598596 nan 0
1747649598614 nan 0
1747649598624 nan 0
1747649598636 nan 0
1747649598645 nan 0
1747649598659 nan 0
1747649598670 nan 0
1747649598705 nan 0
1747649598716 nan 0
1747649598723 nan 0
1747649598734 nan 0
1747649598745 nan 0
1747649598780 nan 0
1747649598798 nan 0
1747649598807 nan 0
1747649598819 nan 0
1747649598830 nan 0
1747649598837 nan 0
1747649598849 nan 0
1747649598859 nan 0
1747649598874 nan 0
1747649598883 nan 0
1747649598896 nan 0
1747649598909 nan 0
1747649598916 nan 0
1747649598928 nan 0
1747649598937 nan 0
1747649598947 nan 0
1747649598959 nan 0
1747649598976 nan 0
1747649598987 nan 0
1747649599004 nan 0
1747649599020 nan 0
1747649599032 nan 0
1747649599045 nan 0
1747649599080 nan 0
1747649599096 nan 0
1747649599119 nan 0
1747649599174 nan 0
1747649599209 nan 0
1747649599229 nan 0
1747649599252 nan 0
1747649599264 nan 0
1747649599278 nan 0
1747649599291 nan 0
1747649599305 nan 0
1747649599315 nan 0
1747649599330 nan 0
1747649599346 nan 0
1747649599358 nan 0
1747649599368 nan 0
1747649599382 nan 0
1747649599391 nan 0
1747649599410 nan 0
1747649599420 nan 0
1747649599430 nan 0
1747649599442 nan 0
1747649599457 nan 0
1747649599464 nan 0
1747649599476 nan 0
1747649599490 nan 0
1747649599502 nan 0
1747649599518 nan 0
1747649599530 nan 0
1747649599538 nan 0
1747649599548 nan 0
1747649599559 nan 0
1747649599566 nan 0
1747649599575 nan 0
1747649599586 nan 0
1747649599595 nan 0
1747649599605 nan 0
1747649599617 nan 0
1747649599635 nan 0
1747649599646 nan 0
1747649599657 nan 0
1747649599671 nan 0
1747649599682 nan 0
1747649599696 nan 0
1747649599709 nan 0
1747649599721 nan 0
1747649599732 nan 0
1747649599739 nan 0
1747649599751 nan 0
1747649599772 nan 0
1747649599788 nan 0
1747649599799 nan 0
1747649599807 nan 0
1747649599818 nan 0
1747649599831 nan 0
1747649599851 nan 0
1747649599863 nan 0
1747649599874 nan 0
1747649599886 nan 0
1747649599897 nan 0
1747649599915 nan 0
1747649599932 nan 0
1747649599942 nan 0
1747649599951 nan 0
1747649599963 nan 0
1747649599972 nan 0
1747649599983 nan 0
1747649599995 nan 0
1747649600006 nan 0
1747649600023 nan 0
1747649600038 nan 0
1747649600048 nan 0
1747649600060 nan 0
1747649600073 nan 0
1747649600084 nan 0
1747649600096 nan 0
1747649600109 nan 0
1747649600125 nan 0
1747649600139 nan 0
1747649600156 nan 0
1747649600169 nan 0
1747649600184 nan 0
1747649600197 nan 0
1747649600211 nan 0
1747649600225 nan 0
1747649600234 nan 0
1747649600243 nan 0
1747649600256 nan 0
1747649600264 nan 0
1747649600296 nan 0
1747649600308 nan 0
1747649600348 nan 0
1747649600359 nan 0
1747649600373 nan 0
1747649600385 nan 0
1747649600404 nan 0
1747649600415 nan 0
1747649600427 nan 0
1747649600442 nan 0
1747649600450 nan 0
1747649600470 nan 0
1747649600490 nan 0
1747649600500 nan 0
1747649600512 nan 0
1747649600526 nan 0
1747649600567 nan 0
1747649600579 nan 0
1747649600591 nan 0
1747649600603 nan 0
1747649600631 nan 0
1747649600645 nan 0
1747649600662 nan 0
1747649600674 nan 0
1747649600696 nan 0
1747649600707 nan 0
1747649600719 nan 0
1747649600739 nan 0
1747649600752 nan 0
1747649600764 nan 0
1747649600775 nan 0
1747649600790 nan 0
1747649600805 nan 0
1747649600820 nan 0
1747649600829 nan 0
1747649600841 nan 0
1747649600853 nan 0
1747649600864 nan 0
1747649600875 nan 0
1747649600891 nan 0
1747649600904 nan 0
1747649600912 nan 0
1747649600920 nan 0
1747649600928 nan 0
1747649600940 nan 0
1747649600953 nan 0
1747649600970 nan 0
1747649600981 nan 0
1747649600996 nan 0
1747649601005 nan 0
1747649601014 nan 0
1747649601033 nan 0
1747649601044 nan 0
1747649601063 nan 0
1747649601074 nan 0
1747649601093 nan 0
1747649601104 nan 0
1747649601115 nan 0
1747649601127 nan 0
1747649601141 nan 0
1747649601153 nan 0
1747649601164 nan 0
1747649601176 nan 0
1747649601186 nan 0
1747649601205 nan 0
1747649601216 nan 0
1747649601228 nan 0
1747649601239 nan 0
1747649601256 nan 0
1747649601267 nan 0
1747649601279 nan 0
1747649601321 nan 0
1747649601334 nan 0
1747649601346 nan 0
1747649601359 nan 0
1747649601374 nan 0
1747649601388 nan 0
1747649601405 nan 0
1747649601415 nan 0
1747649601424 nan 0
1747649601435 nan 0
1747649601447 nan 0
1747649601459 nan 0
1747649601467 nan 0
1747649601475 nan 0
1747649601483 nan 0
1747649601491 nan 0
1747649601501 nan 0
1747649601512 nan 0
1747649601523 nan 0
1747649601532 nan 0
1747649601557 nan 0
1747649601569 nan 0
1747649601580 nan 0
1747649601589 nan 0
1747649601600 nan 0
1747649601611 nan 0
1747649601627 nan 0
1747649601638 nan 0
1747649601649 nan 0
1747649601661 nan 0
1747649601672 nan 0
1747649601687 nan 0
1747649601703 nan 0
1747649601716 nan 0
1747649601739 nan 0
1747649601751 nan 0
1747649601769 nan 0
1747649601779 nan 0
1747649601797 nan 0
1747649601806 nan 0
1747649601817 nan 0
1747649601828 nan 0
1747649601840 nan 0
1747649601852 nan 0
1747649601865 nan 0
1747649601875 nan 0
1747649601887 nan 0
1747649601899 nan 0
1747649601916 nan 0
1747649601927 nan 0
1747649601944 nan 0
1747649601960 nan 0
1747649601976 nan 0
1747649601991 nan 0
1747649602002 nan 0
1747649602010 nan 0
1747649602025 nan 0
1747649602037 nan 0
1747649602048 nan 0
1747649602062 nan 0
1747649602081 nan 0
1747649602097 nan 0
1747649602108 nan 0
1747649602125 nan 0
1747649602148 nan 0
1747649602172 nan 0
1747649602183 nan 0
1747649602194 nan 0
1747649602206 nan 0
1747649602225 nan 0
1747649602251 nan 0
1747649602262 nan 0
1747649602270 nan 0
1747649602281 nan 0
1747649602293 nan 0
1747649602300 nan 0
1747649602311 nan 0
1747649602322 nan 0
1747649602339 nan 0
1747649602349 nan 0
1747649602359 nan 0
1747649602372 nan 0
1747649602380 nan 0
1747649602397 nan 0
1747649602408 nan 0
1747649602422 nan 0
1747649602434 nan 0
1747649602445 nan 0
1747649602455 nan 0
1747649602480 nan 0
1747649602489 nan 0
1747649602509 nan 0
1747649602520 nan 0
1747649602528 nan 0
1747649602539 nan 0
1747649602550 nan 0
1747649602563 nan 0
1747649602571 nan 0
1747649602583 nan 0
1747649602591 nan 0
1747649602606 nan 0
1747649602614 nan 0
1747649602623 nan 0
1747649602634 nan 0
1747649602646 nan 0
1747649602657 nan 0
1747649602671 nan 0
1747649602678 nan 0
1747649602687 nan 0
1747649602698 nan 0
1747649602710 nan 0
1747649602717 nan 0
1747649602729 nan 0
1747649602741 nan 0
1747649602752 nan 0
1747649602764 nan 0
1747649602775 nan 0
1747649602788 nan 0
1747649602799 nan 0
1747649602815 nan 0
1747649602829 nan 0
1747649602844 nan 0
1747649602855 nan 0
1747649602872 nan 0
1747649602883 nan 0
1747649602898 nan 0
1747649602905 nan 0
1747649602912 nan 0
1747649602924 nan 0
1747649602935 nan 0
1747649602945 nan 0
1747649602956 nan 0
1747649602966 nan 0
1747649602977 nan 0
1747649602996 nan 0
1747649603007 nan 0
1747649603019 nan 0
1747649603033 nan 0
1747649603044 nan 0
1747649603058 nan 0
1747649603085 nan 0
1747649603100 nan 0
1747649603115 nan 0
1747649603128 nan 0
1747649603143 nan 0
1747649603152 nan 0
1747649603167 nan 0
1747649603179 nan 0
1747649603191 nan 0
1747649603203 nan 0
1747649603214 nan 0
1747649603226 nan 0
1747649603246 nan 0
1747649603262 nan 0
1747649603273 nan 0
1747649603288 nan 0
1747649603299 nan 0
1747649603310 nan 0
1747649603319 nan 0
1747649603327 nan 0
1747649603338 nan 0
1747649603349 nan 0
1747649603361 nan 0
1747649603372 nan 0
1747649603384 nan 0
1747649603396 nan 0
1747649603418 nan 0
1747649603432 nan 0
1747649603443 nan 0
1747649603452 nan 0
1747649603463 nan 0
1747649603473 nan 0
1747649603484 nan 0
1747649603495 nan 0
1747649603506 nan 0
1747649603517 nan 0
1747649603528 nan 0
1747649603545 nan 0
1747649603567 nan 0
1747649603583 nan 0
1747649603598 nan 0
1747649603618 nan 0
1747649603633 nan 0
1747649603646 nan 0
1747649603664 nan 0
1747649603679 nan 0
1747649603691 nan 0
1747649603703 nan 0
1747649603715 nan 0
1747649603723 nan 0
1747649603736 nan 0
1747649603749 nan 0
1747649603759 nan 0
1747649603771 nan 0
1747649603782 nan 0
1747649603795 nan 0
1747649603807 nan 0
1747649603825 nan 0
1747649603843 nan 0
1747649603854 nan 0
1747649603871 nan 0
1747649603881 nan 0
1747649603902 nan 0
1747649603918 nan 0
1747649603932 nan 0
1747649603946 nan 0
1747649603955 nan 0
1747649603967 nan 0
1747649603978 nan 0
1747649603996 nan 0
1747649604008 nan 0
1747649604020 nan 0
1747649604031 nan 0
1747649604042 nan 0
1747649604051 nan 0
1747649604064 nan 0
1747649604077 nan 0
1747649604090 nan 0
1747649604102 nan 0
1747649604113 nan 0
1747649604124 nan 0
1747649604131 nan 0
1747649604143 nan 0
1747649604154 nan 0
1747649604166 nan 0
1747649604176 nan 0
1747649604191 nan 0
1747649604219 nan 0
1747649604231 nan 0
1747649604245 nan 0
1747649604257 nan 0
1747649604271 nan 0
1747649604288 nan 0
1747649604300 nan 0
1747649604311 nan 0
1747649604325 nan 0
1747649604336 nan 0
1747649604347 nan 0
1747649604365 nan 0
1747649604376 nan 0
1747649604391 nan 0
1747649604398 nan 0
1747649604409 nan 0
1747649604418 nan 0
1747649604436 nan 0
1747649604447 nan 0
1747649604462 nan 0
1747649604478 nan 0
1747649604494 nan 0
1747649604506 nan 0
1747649604517 nan 0
1747649604524 nan 0
1747649604531 nan 0
1747649604542 nan 0
1747649604553 nan 0
1747649604567 nan 0
1747649604579 nan 0
1747649604590 nan 0
1747649604601 nan 0
1747649604611 nan 0
1747649604623 nan 0
1747649604635 nan 0
1747649604647 nan 0
1747649604658 nan 0
1747649604667 nan 0
1747649604700 nan 0
1747649604711 nan 0
1747649604753 nan 0
1747649604780 nan 0
1747649604797 nan 0
1747649604812 nan 0
1747649604821 nan 0
1747649604833 nan 0
1747649604845 nan 0
1747649604855 nan 0
1747649604866 nan 0
1747649604878 nan 0
1747649604890 nan 0
1747649604901 nan 0
1747649604915 nan 0
1747649604927 nan 0
1747649604938 nan 0
1747649604946 nan 0
1747649604961 nan 0
1747649604979 nan 0
1747649604990 nan 0
1747649605004 nan 0
1747649605016 nan 0
1747649605039 nan 0
1747649605057 nan 0
1747649605079 nan 0
1747649605093 nan 0
1747649605105 nan 0
1747649605113 nan 0
1747649605130 nan 0
1747649605146 nan 0
1747649605158 nan 0
1747649605169 nan 0
1747649605183 nan 0
1747649605194 nan 0
1747649605203 nan 0
1747649605220 nan 0
1747649605234 nan 0
1747649605249 nan 0
1747649605278 nan 0
1747649605298 nan 0
1747649605310 nan 0
1747649605322 nan 0
1747649605329 nan 0
1747649605339 nan 0
1747649605347 nan 0
1747649605356 nan 0
1747649605366 nan 0
1747649605375 nan 0
1747649605384 nan 0
1747649605396 nan 0
1747649605407 nan 0
1747649605441 nan 0
1747649605449 nan 0
1747649605460 nan 0
1747649605471 nan 0
1747649605482 nan 0
1747649605490 nan 0
1747649605499 nan 0
1747649605507 nan 0
1747649605515 nan 0
1747649605526 nan 0
1747649605536 nan 0
1747649605545 nan 0
1747649605562 nan 0
1747649605579 nan 0
1747649605590 nan 0
1747649605606 nan 0
1747649605617 nan 0
1747649605626 nan 0
1747649605642 nan 0
1747649605652 nan 0
1747649605664 nan 0
1747649605674 nan 0
1747649605683 nan 0
1747649605694 nan 0
1747649605715 nan 0
1747649605738 nan 0
1747649605749 nan 0
1747649605761 nan 0
1747649605783 nan 0
1747649605799 nan 0
1747649605812 nan 0
1747649605824 nan 0
1747649605841 nan 0
1747649605854 nan 0
1747649605866 nan 0
1747649605877 nan 0
1747649605889 nan 0
1747649605917 nan 0
1747649605938 nan 0
1747649605951 nan 0
1747649605961 nan 0
1747649605973 nan 0
1747649605985 nan 0
1747649605996 nan 0
1747649606004 nan 0
1747649606015 nan 0
1747649606031 nan 0
1747649606039 nan 0
1747649606050 nan 0
1747649606066 nan 0
1747649606077 nan 0
1747649606089 nan 0
1747649606104 nan 0
1747649606126 nan 0
1747649606137 nan 0
1747649606154 nan 0
1747649606164 nan 0
1747649606175 nan 0
1747649606188 nan 0
1747649606201 nan 0
1747649606212 nan 0
1747649606240 nan 0
1747649606256 nan 0
1747649606267 nan 0
1747649606290 nan 0
1747649606304 nan 0
1747649606323 nan 0
1747649606334 nan 0
1747649606345 nan 0
1747649606361 nan 0
1747649606376 nan 0
1747649606388 nan 0
1747649606398 nan 0
1747649606419 nan 0
1747649606437 nan 0
1747649606451 nan 0
1747649606465 nan 0
1747649606485 nan 0
1747649606499 nan 0
1747649606520 nan 0
1747649606532 nan 0
1747649606559 nan 0
1747649606573 nan 0
1747649606588 nan 0
1747649606600 nan 0
1747649606615 nan 0
1747649606627 nan 0
1747649606639 nan 0
1747649606650 nan 0
1747649606663 nan 0
1747649606687 nan 0
1747649606704 nan 0
1747649606715 nan 0
1747649606727 nan 0
1747649606743 nan 0
1747649606754 nan 0
1747649606767 nan 0
1747649606779 nan 0
1747649606791 nan 0
1747649606802 nan 0
1747649606814 nan 0
1747649606824 nan 0
1747649606833 nan 0
1747649606846 nan 0
1747649606855 nan 0
1747649606865 nan 0
1747649606882 nan 0
1747649606896 nan 0
1747649606917 nan 0
1747649606930 nan 0
1747649606941 nan 0
1747649606961 nan 0
1747649606973 nan 0
1747649606986 nan 0
1747649606997 nan 0
1747649607008 nan 0
1747649607020 nan 0
1747649607036 nan 0
1747649607048 nan 0
1747649607055 nan 0
1747649607073 nan 0
1747649607115 nan 0
1747649607129 nan 0
1747649607141 nan 0
1747649607156 nan 0
1747649607171 nan 0
1747649607180 nan 0
1747649607190 nan 0
1747649607201 nan 0
1747649607209 nan 0
1747649607230 nan 0
1747649607249 nan 0
1747649607261 nan 0
1747649607275 nan 0
1747649607288 nan 0
1747649607299 nan 0
1747649607311 nan 0
1747649607329 nan 0
1747649607342 nan 0
1747649607357 nan 0
1747649607374 nan 0
1747649607384 nan 0
1747649607395 nan 0
1747649607413 nan 0
1747649607425 nan 0
1747649607434 nan 0
1747649607450 nan 0
1747649607473 nan 0
1747649607489 nan 0
1747649607501 nan 0
1747649607513 nan 0
1747649607525 nan 0
1747649607537 nan 0
1747649607550 nan 0
1747649607562 nan 0
1747649607571 nan 0
1747649607589 nan 0
1747649607600 nan 0
1747649607615 nan 0
1747649607625 nan 0
1747649607637 nan 0
1747649607649 nan 0
1747649607663 nan 0
1747649607675 nan 0
1747649607683 nan 0
1747649607694 nan 0
1747649607710 nan 0
1747649607729 nan 0
1747649607741 nan 0
1747649607754 nan 0
1747649607773 nan 0
1747649607789 nan 0
1747649607800 nan 0
1747649607812 nan 0
1747649607824 nan 0
1747649608797 nan 0
1747649608809 nan 0
1747649608831 nan 0
1747649608842 nan 0
1747649608872 nan 0
1747649608887 nan 0
1747649608908 nan 0
1747649608923 nan 0
1747649608942 nan 0
1747649608959 nan 0
1747649608970 nan 0
1747649608994 nan 0
1747649609024 nan 0
1747649609036 nan 0
1747649609049 nan 0
1747649609060 nan 0
1747649609080 nan 0
1747649609108 nan 0
1747649609118 nan 0
1747649609127 nan 0
1747649609138 nan 0
1747649609150 nan 0
1747649609166 nan 0
1747649609183 nan 0
1747649609226 nan 0
1747649609244 nan 0
1747649609255 nan 0
1747649609279 nan 0
1747649609291 nan 0
1747649609300 nan 0
1747649609313 nan 0
1747649609325 nan 0
1747649609332 nan 0
1747649609339 nan 0
1747649609356 nan 0
1747649609367 nan 0
1747649609379 nan 0
1747649609391 nan 0
1747649609415 nan 0
1747649609439 nan 0
1747649609451 nan 0
1747649609481 nan 0
1747649609493 nan 0
1747649609513 nan 0
1747649609524 nan 0
1747649609535 nan 0
1747649609557 nan 0
1747649609585 nan 0
1747649609596 nan 0
1747649609614 nan 0
1747649609628 nan 0
1747649609641 nan 0
1747649609653 nan 0
1747649609665 nan 0
1747649609692 nan 0
1747649609703 nan 0
1747649609719 nan 0
1747649609730 nan 0
1747649609746 nan 0
1747649609762 nan 0
1747649609784 nan 0
1747649609800 nan 0
1747649609816 nan 0
1747649609828 nan 0
1747649609841 nan 0
1747649609853 nan 0
1747649609865 nan 0
1747649609891 nan 0
1747649609899 nan 0
1747649609908 nan 0
1747649609919 nan 0
1747649609930 nan 0
1747649609940 nan 0
1747649609960 nan 0
1747649609975 nan 0
1747649609982 nan 0
1747649609996 nan 0
1747649610053 nan 0
1747649610066 nan 0
1747649610092 nan 0
1747649610106 nan 0
1747649610119 nan 0
1747649610132 nan 0
1747649610146 nan 0
1747649610159 nan 0
1747649610189 nan 0
1747649610213 nan 0
1747649610252 nan 0
1747649610266 nan 0
1747649610286 nan 0
1747649610305 nan 0
1747649610341 nan 0
1747649610359 nan 0
1747649610372 nan 0
1747649610392 nan 0
1747649610406 nan 0
1747649610419 nan 0
1747649610450 nan 0
1747649610463 nan 0
1747649610475 nan 0
1747649610489 nan 0
1747649610503 nan 0
1747649610515 nan 0
1747649610530 nan 0
1747649610541 nan 0
1747649610548 nan 0
1747649610561 nan 0
1747649610570 nan 0
1747649610581 nan 0
1747649610599 nan 0
1747649610610 nan 0
1747649610622 nan 0
1747649610671 nan 0
1747649610686 nan 0
1747649610703 nan 0
1747649610736 nan 0
1747649610748 nan 0
1747649610758 nan 0
1747649610770 nan 0
1747649610808 nan 0
1747649610833 nan 0
1747649610849 nan 0
1747649610867 nan 0
1747649610879 nan 0
1747649610891 nan 0
1747649610916 nan 0
1747649610934 nan 0
1747649610946 nan 0
1747649610982 nan 0
1747649610993 nan 0
1747649611024 nan 0
1747649611036 nan 0
1747649611053 nan 0
1747649611065 nan 0
1747649611088 nan 0
1747649611117 nan 0
1747649611130 nan 0
1747649611145 nan 0
1747649611162 nan 0
1747649611177 nan 0
1747649611203 nan 0
1747649611216 nan 0
1747649611233 nan 0
1747649611266 nan 0
1747649611278 nan 0
1747649611304 nan 0
1747649611322 nan 0
1747649611333 nan 0
1747649611349 nan 0
1747649611360 nan 0
1747649611382 nan 0
1747649611393 nan 0
1747649611443 nan 0
1747649611463 nan 0
1747649611492 nan 0
1747649611506 nan 0
1747649611517 nan 0
1747649611534 nan 0
1747649611545 nan 0
1747649611553 nan 0
1747649611583 nan 0
1747649611606 nan 0
1747649611626 nan 0
1747649611642 nan 0
1747649611654 nan 0
1747649611666 nan 0
1747649611678 nan 0
1747649611697 nan 0
1747649611708 nan 0
1747649611721 nan 0
1747649611742 nan 0
1747649611757 nan 0
1747649611771 nan 0
1747649611788 nan 0
1747649611799 nan 0
1747649611807 nan 0
1747649611820 nan 0
1747649611845 nan 0
1747649611896 nan 0
1747649611908 nan 0
1747649611920 nan 0
1747649611937 nan 0
1747649611947 nan 0
1747649611956 nan 0
1747649611965 nan 0
1747649611986 nan 0
1747649612002 nan 0
1747649612015 nan 0
1747649612029 nan 0
1747649612040 nan 0
1747649612049 nan 0
1747649612057 nan 0
1747649612071 nan 0
1747649612089 nan 0
1747649612106 nan 0
1747649612122 nan 0
1747649612183 nan 0
1747649612195 nan 0
1747649612229 nan 0
1747649612240 nan 0
1747649612276 nan 0
1747649612288 nan 0
1747649612318 nan 0
1747649612330 nan 0
1747649612341 nan 0
1747649612359 nan 0
1747649612370 nan 0
1747649612381 nan 0
1747649612390 nan 0
1747649612402 nan 0
1747649612412 nan 0
1747649612428 nan 0
1747649612437 nan 0
1747649612453 nan 0
1747649612462 nan 0
1747649612470 nan 0
1747649612478 nan 0
1747649612508 nan 0
1747649612531 nan 0
1747649612544 nan 0
1747649612554 nan 0
1747649612567 nan 0
1747649612575 nan 0
1747649612597 nan 0
1747649612608 nan 0
1747649612621 nan 0
1747649612636 nan 0
1747649612647 nan 0
1747649612659 nan 0
1747649612671 nan 0
1747649612694 nan 0
1747649612706 nan 0
1747649612724 nan 0
1747649612735 nan 0
1747649612749 nan 0
1747649612776 nan 0
1747649612787 nan 0
1747649612798 nan 0
1747649612810 nan 0
1747649612835 nan 0
1747649612850 nan 0
1747649612862 nan 0
1747649612870 nan 0
1747649612882 nan 0
1747649612895 nan 0
1747649612913 nan 0
1747649612930 nan 0
1747649612988 nan 0
1747649613007 nan 0
1747649613019 nan 0
1747649613031 nan 0
1747649613054 nan 0
1747649613071 nan 0
1747649613087 nan 0
1747649613109 nan 0
1747649613123 nan 0
1747649613136 nan 0
1747649613154 nan 0
1747649613168 nan 0
1747649613176 nan 0
1747649613187 nan 0
1747649613204 nan 0
1747649613215 nan 0
1747649613228 nan 0
1747649613241 nan 0
1747649613261 nan 0
1747649613279 nan 0
1747649613291 nan 0
1747649613314 nan 0
1747649613329 nan 0
1747649613340 nan 0
1747649613355 nan 0
1747649613365 nan 0
1747649613389 nan 0
1747649613413 nan 0
1747649613428 nan 0
1747649613442 nan 0
1747649613454 nan 0
1747649613471 nan 0
1747649613483 nan 0
1747649613496 nan 0
1747649613510 nan 0
1747649613523 nan 0
1747649613535 nan 0
1747649613544 nan 0
1747649613559 nan 0
1747649613587 nan 0
1747649613604 nan 0
1747649613613 nan 0
1747649613630 nan 0
1747649613645 nan 0
1747649613662 nan 0
1747649613670 nan 0
1747649613681 nan 0
1747649613710 nan 0
1747649613722 nan 0
1747649613734 nan 0
1747649613752 nan 0
1747649613761 nan 0
1747649613770 nan 0
1747649613781 nan 0
1747649613790 nan 0
1747649613812 nan 0
1747649613820 nan 0
1747649613836 nan 0
1747649613863 nan 0
1747649613879 nan 0
1747649613890 nan 0
1747649613898 nan 0
1747649613911 nan 0
1747649613935 nan 0
1747649613954 nan 0
1747649613989 nan 0
1747649614002 nan 0
1747649614047 nan 0
1747649614055 nan 0
1747649614069 nan 0
1747649614083 nan 0
1747649614095 nan 0
1747649614110 nan 0
1747649614122 nan 0
1747649614148 nan 0
1747649614160 nan 0
1747649614172 nan 0
1747649614184 nan 0
1747649614196 nan 0
1747649614208 nan 0
1747649614220 nan 0
1747649614228 nan 0
1747649614244 nan 0
1747649614256 nan 0
1747649614277 nan 0
1747649614288 nan 0
1747649614313 nan 0
1747649614340 nan 0
1747649614348 nan 0
1747649614392 nan 0
1747649614425 nan 0
1747649614440 nan 0
1747649614461 nan 0
1747649614476 nan 0
1747649614493 nan 0
1747649614507 nan 0
1747649614520 nan 0
1747649614546 nan 0
1747649614586 nan 0
1747649614605 nan 0
1747649614640 nan 0
1747649614647 nan 0
1747649614659 nan 0
1747649614698 nan 0
1747649614712 nan 0
1747649614730 nan 0
1747649614742 nan 0
1747649614755 nan 0
1747649614765 nan 0
1747649614773 nan 0
1747649614788 nan 0
1747649614799 nan 0
1747649614811 nan 0
1747649614825 nan 0
1747649614848 nan 0
1747649614859 nan 0
1747649614870 nan 0
1747649614898 nan 0
1747649614914 nan 0
1747649614943 nan 0
1747649614955 nan 0
1747649614965 nan 0
1747649614977 nan 0
1747649614991 nan 0
1747649615003 nan 0
1747649615011 nan 0
1747649615023 nan 0
1747649615036 nan 0
1747649615049 nan 0
1747649615057 nan 0
1747649615090 nan 0
1747649615112 nan 0
1747649615124 nan 0
1747649615151 nan 0
1747649615174 nan 0
1747649615204 nan 0
1747649615215 nan 0
1747649615227 nan 0
1747649615238 nan 0
1747649615246 nan 0
1747649615258 nan 0
1747649615290 nan 0
1747649615305 nan 0
1747649615312 nan 0
1747649615320 nan 0
1747649615333 nan 0
1747649615345 nan 0
1747649615357 nan 0
1747649615371 nan 0
1747649615383 nan 0
1747649615399 nan 0
1747649615411 nan 0
1747649615422 nan 0
1747649615434 nan 0
1747649615452 nan 0
1747649615463 nan 0
1747649615471 nan 0
1747649615486 nan 0
1747649615503 nan 0
1747649615515 nan 0
1747649615526 nan 0
1747649615538 nan 0
1747649615562 nan 0
1747649615586 nan 0
1747649615597 nan 0
1747649615625 nan 0
1747649615641 nan 0
1747649615649 nan 0
1747649615660 nan 0
1747649615671 nan 0
1747649615688 nan 0
1747649615701 nan 0
1747649615709 nan 0
1747649615730 nan 0
1747649615754 nan 0
1747649615772 nan 0
1747649615784 nan 0
1747649615795 nan 0
1747649615805 nan 0
1747649615822 nan 0
1747649615853 nan 0
1747649615864 nan 0
1747649615887 nan 0
1747649615901 nan 0
1747649615915 nan 0
1747649615928 nan 0
1747649615948 nan 0
1747649615960 nan 0
1747649615979 nan 0
1747649616004 nan 0
1747649616017 nan 0
1747649616034 nan 0
1747649616055 nan 0
1747649616076 nan 0
1747649616086 nan 0
1747649616103 nan 0
1747649616114 nan 0
1747649616133 nan 0
1747649616159 nan 0
1747649616182 nan 0
1747649616194 nan 0
1747649616207 nan 0
1747649616222 nan 0
1747649616251 nan 0
1747649616267 nan 0
1747649616278 nan 0
1747649616287 nan 0
1747649616298 nan 0
1747649616307 nan 0
1747649616323 nan 0
1747649616342 nan 0
1747649616374 nan 0
1747649616386 nan 0
1747649616407 nan 0
1747649616423 nan 0
1747649616438 nan 0
1747649616449 nan 0
1747649616461 nan 0
1747649616469 nan 0
1747649616479 nan 0
1747649616491 nan 0
1747649616500 nan 0
1747649616513 nan 0
1747649616523 nan 0
1747649616550 nan 0
1747649616562 nan 0
1747649616585 nan 0
1747649616597 nan 0
1747649616625 nan 0
1747649616646 nan 0
1747649616657 nan 0
1747649616668 nan 0
1747649616690 nan 0
1747649616720 nan 0
1747649616729 nan 0
1747649616740 nan 0
1747649616751 nan 0
1747649616761 nan 0
1747649616770 nan 0
1747649616783 nan 0
1747649616795 nan 0
1747649616811 nan 0
1747649616823 nan 0
1747649616831 nan 0
1747649616854 nan 0
1747649616876 nan 0
1747649616887 nan 0
1747649616925 nan 0
1747649616943 nan 0
1747649616966 nan 0
1747649616982 nan 0
1747649617023 nan 0
1747649617058 nan 0
1747649617070 nan 0
1747649617082 nan 0
1747649617096 nan 0
1747649617106 nan 0
1747649617115 nan 0
1747649617125 nan 0
1747649617137 nan 0
1747649617148 nan 0
1747649617155 nan 0
1747649617167 nan 0
1747649617179 nan 0
1747649617209 nan 0
1747649617220 nan 0
1747649617234 nan 0
1747649617247 nan 0
1747649617265 nan 0
1747649617273 nan 0
1747649617281 nan 0
1747649617292 nan 0
1747649617319 nan 0
1747649617331 nan 0
1747649617346 nan 0
1747649617375 nan 0
1747649617394 nan 0
1747649617414 nan 0
1747649617430 nan 0
1747649617454 nan 0
1747649617472 nan 0
1747649617483 nan 0
1747649617495 nan 0
1747649617507 nan 0
1747649617515 nan 0
1747649617528 nan 0
1747649617564 nan 0
1747649617589 nan 0
1747649617607 nan 0
1747649617651 nan 0
1747649617667 nan 0
1747649617718 nan 0
1747649617726 nan 0
1747649617737 nan 0
1747649617771 nan 0
1747649617786 nan 0
1747649617798 nan 0
1747649617829 nan 0
1747649617845 nan 0
1747649617856 nan 0
1747649617870 nan 0
1747649617889 nan 0
1747649617901 nan 0
1747649617913 nan 0
1747649617923 nan 0
1747649617931 nan 0
1747649617949 nan 0
1747649617970 nan 0
1747649617984 nan 0
1747649618019 nan 0
1747649618045 nan 0
1747649618057 nan 0
1747649618068 nan 0
1747649618080 nan 0
1747649618096 nan 0
1747649618118 nan 0
1747649618132 nan 0
1747649618149 nan 0
1747649618174 nan 0
1747649618189 nan 0
1747649618201 nan 0
1747649618241 nan 0
1747649618252 nan 0
1747649618280 nan 0
1747649618312 nan 0
1747649618322 nan 0
1747649618334 nan 0
1747649618355 nan 0
1747649618365 nan 0
1747649618383 nan 0
1747649618395 nan 0
1747649618408 nan 0
1747649618426 nan 0
1747649618445 nan 0
1747649618469 nan 0
1747649618480 nan 0
1747649618493 nan 0
1747649618504 nan 0
1747649618535 nan 0
1747649618551 nan 0
1747649618587 nan 0
1747649618619 nan 0
1747649618630 nan 0
1747649618662 nan 0
1747649618689 nan 0
1747649618719 nan 0
1747649618753 nan 0
1747649618788 nan 0
1747649618811 nan 0
1747649618823 nan 0
1747649618847 nan 0
1747649618859 nan 0
1747649618870 nan 0
1747649618886 nan 0
1747649618900 nan 0
1747649618922 nan 0
1747649618943 nan 0
1747649618962 nan 0
1747649618981 nan 0
1747649619005 nan 0
1747649619017 nan 0
1747649619047 nan 0
1747649619067 nan 0
1747649619085 nan 0
1747649619102 nan 0
1747649619123 nan 0
1747649619134 nan 0
1747649619146 nan 0
1747649619157 nan 0
1747649619179 nan 0
1747649619200 nan 0
1747649619218 nan 0
1747649619229 nan 0
1747649619247 nan 0
1747649619260 nan 0
1747649619285 nan 0
1747649619296 nan 0
1747649619317 nan 0
1747649619339 nan 0
1747649619348 nan 0
1747649619359 nan 0
1747649619370 nan 0
1747649619386 nan 0
1747649619398 nan 0
1747649619413 nan 0
1747649619431 nan 0
1747649619472 nan 0
1747649619484 nan 0
1747649619512 nan 0
1747649619523 nan 0
1747649619538 nan 0
1747649619549 nan 0
1747649619577 nan 0
1747649619591 nan 0
1747649619602 nan 0
1747649619624 nan 0
1747649619641 nan 0
1747649619665 nan 0
1747649619680 nan 0
1747649619696 nan 0
1747649619708 nan 0
1747649619719 nan 0
1747649619731 nan 0
1747649619746 nan 0
1747649619763 nan 0
1747649619778 nan 0
1747649619795 nan 0
1747649619815 nan 0
1747649619832 nan 0
1747649619844 nan 0
1747649619862 nan 0
1747649619883 nan 0
1747649619904 nan 0
1747649619915 nan 0
1747649619939 nan 0
1747649619948 nan 0
1747649619969 nan 0
1747649619977 nan 0
1747649619988 nan 0
1747649619997 nan 0
1747649620008 nan 0
1747649620020 nan 0
1747649620035 nan 0
1747649620056 nan 0
1747649620093 nan 0
1747649620104 nan 0
1747649620112 nan 0
1747649620124 nan 0
1747649620142 nan 0
1747649620149 nan 0
1747649620161 nan 0
1747649620193 nan 0
1747649620210 nan 0
1747649620232 nan 0
1747649620254 nan 0
1747649620266 nan 0
1747649620296 nan 0
1747649620306 nan 0
1747649620328 nan 0
1747649620340 nan 0
1747649620370 nan 0
1747649620411 nan 0
1747649620428 nan 0
1747649620441 nan 0
1747649620459 nan 0
1747649620567 nan 0
1747649620575 nan 0
1747649620589 nan 0
1747649620608 nan 0
1747649620616 nan 0
1747649620629 nan 0
1747649620638 nan 0
1747649620674 nan 0
1747649620686 nan 0
1747649620697 nan 0
1747649620713 nan 0
1747649620729 nan 0
1747649620750 nan 0
1747649620770 nan 0
1747649620781 nan 0
1747649620792 nan 0
1747649620806 nan 0
1747649620821 nan 0
1747649620848 nan 0
1747649620868 nan 0
1747649620885 nan 0
1747649620912 nan 0
1747649620927 nan 0
1747649620939 nan 0
1747649620950 nan 0
1747649620961 nan 0
1747649620991 nan 0
1747649621001 nan 0
1747649621008 nan 0
1747649621016 nan 0
1747649621027 nan 0
1747649621039 nan 0
1747649621084 nan 0
1747649621103 nan 0
1747649621124 nan 0
1747649621135 nan 0
1747649621150 nan 0
1747649621161 nan 0
1747649621173 nan 0
1747649621182 nan 0
1747649621190 nan 0
1747649621200 nan 0
1747649621223 nan 0
1747649621234 nan 0
1747649621247 nan 0
1747649621269 nan 0
1747649621282 nan 0
1747649621299 nan 0
1747649621321 nan 0
1747649621333 nan 0
1747649621345 nan 0
1747649621357 nan 0
1747649621372 nan 0
1747649621384 nan 0
1747649621391 nan 0
1747649621399 nan 0
1747649621426 nan 0
1747649621445 nan 0
1747649621465 nan 0
1747649621484 nan 0
1747649621496 nan 0
1747649621508 nan 0
1747649621525 nan 0
1747649621543 nan 0
1747649621554 nan 0
1747649621576 nan 0
1747649621584 nan 0
1747649621595 nan 0
1747649621606 nan 0
1747649621617 nan 0
1747649621642 nan 0
1747649621655 nan 0
1747649621668 nan 0
1747649621675 nan 0
1747649621713 nan 0
1747649621725 nan 0
1747649621735 nan 0
1747649621751 nan 0
1747649621766 nan 0
1747649621783 nan 0
1747649621794 nan 0
1747649621808 nan 0
1747649621834 nan 0
1747649621844 nan 0
1747649621855 nan 0
1747649621880 nan 0
1747649621892 nan 0
1747649621904 nan 0
1747649621916 nan 0
1747649621932 nan 0
1747649621947 nan 0
1747649621959 nan 0
1747649621977 nan 0
1747649621995 nan 0
1747649622008 nan 0
1747649622023 nan 0
1747649622034 nan 0
1747649622045 nan 0
1747649622073 nan 0
1747649622099 nan 0
1747649622117 nan 0
1747649622139 nan 0
1747649622151 nan 0
1747649622181 nan 0
1747649622201 nan 0
1747649622214 nan 0
1747649622252 nan 0
1747649622290 nan 0
1747649622302 nan 0
1747649622331 nan 0
1747649622358 nan 0
1747649622370 nan 0
1747649622378 nan 0
1747649622389 nan 0
1747649622396 nan 0
1747649622413 nan 0
1747649622424 nan 0
1747649622433 nan 0
1747649622477 nan 0
1747649622488 nan 0
1747649622511 nan 0
1747649622523 nan 0
1747649622545 nan 0
1747649622559 nan 0
1747649622573 nan 0
1747649622595 nan 0
1747649622631 nan 0
1747649622670 nan 0
1747649622684 nan 0
1747649622695 nan 0
1747649622720 nan 0
1747649622737 nan 0
1747649622755 nan 0
1747649622770 nan 0
1747649622782 nan 0
1747649622796 nan 0
1747649622814 nan 0
1747649622825 nan 0
1747649622840 nan 0
1747649622851 nan 0
1747649622864 nan 0
1747649622878 nan 0
1747649622899 nan 0
1747649622914 nan 0
1747649622924 nan 0
1747649622935 nan 0
1747649622989 nan 0
1747649623010 nan 0
1747649623045 nan 0
1747649623058 nan 0
1747649623080 nan 0
1747649623092 nan 0
1747649623108 nan 0
1747649623126 nan 0
1747649623145 nan 0
1747649623156 nan 0
1747649623167 nan 0
1747649623196 nan 0
1747649623212 nan 0
1747649623226 nan 0
1747649623237 nan 0
1747649623249 nan 0
1747649623277 nan 0
1747649623288 nan 0
1747649623299 nan 0
1747649623314 nan 0
1747649623330 nan 0
1747649623338 nan 0
1747649623356 nan 0
1747649623390 nan 0
1747649623414 nan 0
1747649623426 nan 0
1747649623437 nan 0
1747649623448 nan 0
1747649623459 nan 0
1747649623474 nan 0
1747649623492 nan 0
1747649623509 nan 0
1747649623520 nan 0
1747649623535 nan 0
1747649623551 nan 0
1747649623583 nan 0
1747649623619 nan 0
1747649623631 nan 0
1747649623647 nan 0
1747649623655 nan 0
1747649623674 nan 0
1747649623684 nan 0
1747649623695 nan 0
1747649623706 nan 0
1747649623736 nan 0
1747649623748 nan 0
1747649623820 nan 0
1747649623828 nan 0
1747649623841 nan 0
1747649623854 nan 0
1747649623866 nan 0
1747649623874 nan 0
1747649623892 nan 0
1747649623904 nan 0
1747649623930 nan 0
1747649623949 nan 0
1747649623969 nan 0
1747649623981 nan 0
1747649623992 nan 0
1747649624020 nan 0
1747649624031 nan 0
1747649624038 nan 0
1747649624050 nan 0
1747649624067 nan 0
1747649624075 nan 0
1747649624086 nan 0
1747649624095 nan 0
1747649624107 nan 0
1747649624121 nan 0
1747649624130 nan 0
1747649624143 nan 0
1747649624156 nan 0
1747649624174 nan 0
1747649624187 nan 0
1747649624204 nan 0
1747649625136 nan 0
1747649625145 nan 0
1747649625211 nan 0
1747649625229 nan 0
1747649625256 nan 0
1747649625270 nan 0
1747649625326 nan 0
1747649625366 nan 0
1747649625377 nan 0
1747649625422 nan 0
1747649625456 nan 0
1747649625491 nan 0
1747649625503 nan 0
1747649625515 nan 0
1747649625529 nan 0
1747649625587 nan 0
1747649625648 nan 0
1747649625659 nan 0
1747649625680 nan 0
1747649625697 nan 0
1747649625738 nan 0
1747649625763 nan 0
1747649625803 nan 0
1747649625851 nan 0
1747649625873 nan 0
1747649625894 nan 0
1747649625905 nan 0
1747649625928 nan 0
1747649625953 nan 0
1747649625972 nan 0
1747649625987 nan 0
1747649626021 nan 0
1747649626035 nan 0
1747649626051 nan 0
1747649626082 nan 0
1747649626109 nan 0
1747649626124 nan 0
1747649626146 nan 0
1747649626187 nan 0
1747649626204 nan 0
1747649626221 nan 0
1747649626254 nan 0
1747649626307 nan 0
1747649626324 nan 0
1747649626347 nan 0
1747649626359 nan 0
1747649626402 nan 0
1747649626432 nan 0
1747649626454 nan 0
1747649626476 nan 0
1747649626492 nan 0
1747649626547 nan 0
1747649626567 nan 0
1747649626602 nan 0
1747649626616 nan 0
1747649626631 nan 0
1747649626646 nan 0
1747649626674 nan 0
1747649626686 nan 0
1747649626708 nan 0
1747649626722 nan 0
1747649626738 nan 0
1747649626750 nan 0
1747649626798 nan 0
1747649626857 nan 0
1747649626891 nan 0
1747649626905 nan 0
1747649626917 nan 0
1747649626942 nan 0
1747649626956 nan 0
1747649626992 nan 0
1747649627005 nan 0
1747649627019 nan 0
1747649627043 nan 0
1747649627051 nan 0
1747649627110 nan 0
1747649627128 nan 0
1747649627139 nan 0
1747649627182 nan 0
1747649627248 nan 0
1747649627278 nan 0
1747649627298 nan 0
1747649627319 nan 0
1747649627342 nan 0
1747649627370 nan 0
1747649627405 nan 0
1747649627431 nan 0
1747649627445 nan 0
1747649627459 nan 0
1747649627487 nan 0
1747649627498 nan 0
1747649627509 nan 0
1747649627540 nan 0
1747649627596 nan 0
1747649627625 nan 0
1747649627637 nan 0
1747649627661 nan 0
1747649627682 nan 0
1747649627689 nan 0
1747649627698 nan 0
1747649627710 nan 0
1747649627722 nan 0
1747649627739 nan 0
1747649627764 nan 0
1747649627809 nan 0
1747649627821 nan 0
1747649627838 nan 0
1747649627856 nan 0
1747649627893 nan 0
1747649627901 nan 0
1747649627924 nan 0
1747649627935 nan 0
1747649627968 nan 0
1747649627984 nan 0
1747649628003 nan 0
1747649628015 nan 0
1747649628038 nan 0
1747649628049 nan 0
1747649628064 nan 0
1747649628077 nan 0
1747649628102 nan 0
1747649628119 nan 0
1747649628131 nan 0
1747649628171 nan 0
1747649628182 nan 0
1747649628206 nan 0
1747649628244 nan 0
1747649628280 nan 0
1747649628288 nan 0
1747649628299 nan 0
1747649628318 nan 0
1747649628344 nan 0
1747649628374 nan 0
1747649628412 nan 0
1747649628453 nan 0
1747649628463 nan 0
1747649628471 nan 0
1747649628487 nan 0
1747649628507 nan 0
1747649628524 nan 0
1747649628552 nan 0
1747649628623 nan 0
1747649628636 nan 0
1747649628665 nan 0
1747649628686 nan 0
1747649628701 nan 0
1747649628724 nan 0
1747649628835 nan 0
1747649628870 nan 0
1747649628899 nan 0
1747649628913 nan 0
1747649628924 nan 0
1747649628942 nan 0
1747649628958 nan 0
1747649628970 nan 0
1747649628997 nan 0
1747649629029 nan 0
1747649629041 nan 0
1747649629077 nan 0
1747649629091 nan 0
1747649629128 nan 0
1747649629166 nan 0
1747649629181 nan 0
1747649629209 nan 0
1747649629221 nan 0
1747649629238 nan 0
1747649629257 nan 0
1747649629279 nan 0
1747649629288 nan 0
1747649629306 nan 0
1747649629318 nan 0
1747649629348 nan 0
1747649629383 nan 0
1747649629405 nan 0
1747649629419 nan 0
1747649629430 nan 0
1747649629480 nan 0
1747649629490 nan 0
1747649629506 nan 0
1747649629548 nan 0
1747649629580 nan 0
1747649629590 nan 0
1747649629645 nan 0
1747649629657 nan 0
1747649629678 nan 0
1747649629707 nan 0
1747649629720 nan 0
1747649629734 nan 0
1747649629746 nan 0
1747649629758 nan 0
1747649629787 nan 0
1747649629798 nan 0
1747649629817 nan 0
1747649629847 nan 0
1747649629858 nan 0
1747649629886 nan 0
1747649629895 nan 0
1747649629910 nan 0
1747649629918 nan 0
1747649629929 nan 0
1747649629965 nan 0
1747649629991 nan 0
1747649630008 nan 0
1747649630023 nan 0
1747649630035 nan 0
1747649630047 nan 0
1747649630074 nan 0
1747649630099 nan 0
1747649630131 nan 0
1747649630141 nan 0
1747649630153 nan 0
1747649630183 nan 0
1747649630203 nan 0
1747649630260 nan 0
1747649630338 nan 0
1747649630372 nan 0
1747649630393 nan 0
1747649630437 nan 0
1747649630468 nan 0
1747649630516 nan 0
1747649630609 nan 0
1747649630628 nan 0
1747649630639 nan 0
1747649630701 nan 0
1747649630729 nan 0
1747649630760 nan 0
1747649630777 nan 0
1747649630789 nan 0
1747649630848 nan 0
1747649630867 nan 0
1747649630885 nan 0
1747649630897 nan 0
1747649630967 nan 0
1747649630979 nan 0
1747649630994 nan 0
1747649631008 nan 0
1747649631048 nan 0
1747649631097 nan 0
1747649631112 nan 0
1747649631139 nan 0
1747649631167 nan 0
1747649631178 nan 0
1747649631199 nan 0
1747649631234 nan 0
1747649631246 nan 0
1747649631269 nan 0
1747649631299 nan 0
1747649631323 nan 0
1747649631366 nan 0
1747649631382 nan 0
1747649631421 nan 0
1747649631456 nan 0
1747649631468 nan 0
1747649631498 nan 0
1747649631516 nan 0
1747649631547 nan 0
1747649631575 nan 0
1747649631586 nan 0
1747649631621 nan 0
1747649631689 nan 0
1747649631724 nan 0
1747649631735 nan 0
1747649631765 nan 0
1747649631777 nan 0
1747649631815 nan 0
1747649631872 nan 0
1747649631904 nan 0
1747649631929 nan 0
1747649631963 nan 0
1747649631993 nan 0
1747649632024 nan 0
1747649632048 nan 0
1747649632062 nan 0
1747649632074 nan 0
1747649632098 nan 0
1747649632110 nan 0
1747649632135 nan 0
1747649632178 nan 0
1747649632229 nan 0
1747649632245 nan 0
1747649632252 nan 0
1747649632288 nan 0
1747649632330 nan 0
1747649632345 nan 0
1747649632370 nan 0
1747649632379 nan 0
1747649632397 nan 0
1747649632418 nan 0
1747649632454 nan 0
1747649632461 nan 0
1747649632478 nan 0
1747649632547 nan 0
1747649632576 nan 0
1747649632598 nan 0
1747649632613 nan 0
1747649632638 nan 0
1747649632698 nan 0
1747649632709 nan 0
1747649632728 nan 0
1747649632752 nan 0
1747649632776 nan 0
1747649632808 nan 0
1747649632823 nan 0
1747649632834 nan 0
1747649632846 nan 0
1747649632871 nan 0
1747649632887 nan 0
1747649632986 nan 0
1747649633042 nan 0
1747649633054 nan 0
1747649633071 nan 0
1747649633090 nan 0
1747649633112 nan 0
1747649633146 nan 0
1747649633157 nan 0
1747649633174 nan 0
1747649633201 nan 0
1747649633235 nan 0
1747649633260 nan 0
1747649633282 nan 0
1747649633312 nan 0
1747649633329 nan 0
1747649633346 nan 0
1747649633356 nan 0
1747649633394 nan 0
1747649633424 nan 0
1747649633441 nan 0
1747649633464 nan 0
1747649633484 nan 0
1747649633554 nan 0
1747649633598 nan 0
1747649633614 nan 0
1747649633633 nan 0
1747649633701 nan 0
1747649633724 nan 0
1747649633794 nan 0
1747649633811 nan 0
1747649633823 nan 0
1747649633844 nan 0
1747649633883 nan 0
1747649633892 nan 0
1747649633900 nan 0
1747649633941 nan 0
1747649633958 nan 0
1747649633976 nan 0
1747649634010 nan 0
1747649634031 nan 0
1747649634042 nan 0
1747649634053 nan 0
1747649634080 nan 0
1747649634104 nan 0
1747649634119 nan 0
1747649634207 nan 0
1747649634219 nan 0
1747649634233 nan 0
1747649634251 nan 0
1747649634272 nan 0
1747649634295 nan 0
1747649634325 nan 0
1747649634360 nan 0
1747649634429 nan 0
1747649634447 nan 0
1747649634458 nan 0
1747649634497 nan 0
1747649634551 nan 0
1747649634626 nan 0
1747649634637 nan 0
1747649634648 nan 0
1747649634665 nan 0
1747649634678 nan 0
1747649634701 nan 0
1747649634733 nan 0
1747649634745 nan 0
1747649634785 nan 0
1747649634826 nan 0
1747649634841 nan 0
1747649634853 nan 0
1747649634882 nan 0
1747649634896 nan 0
1747649634907 nan 0
1747649634930 nan 0
1747649634941 nan 0
1747649634957 nan 0
1747649635022 nan 0
1747649635036 nan 0
1747649635076 nan 0
1747649635087 nan 0
1747649635116 nan 0
1747649635152 nan 0
1747649635170 nan 0
1747649635187 nan 0
1747649635229 nan 0
1747649635238 nan 0
1747649635249 nan 0
1747649635267 nan 0
1747649635291 nan 0
1747649635312 nan 0
1747649635350 nan 0
1747649635394 nan 0
1747649635403 nan 0
1747649635425 nan 0
1747649635449 nan 0
1747649635460 nan 0
1747649635474 nan 0
1747649635505 nan 0
1747649635569 nan 0
1747649635631 nan 0
1747649635658 nan 0
1747649635681 nan 0
1747649635715 nan 0
1747649635728 nan 0
1747649635762 nan 0
1747649635775 nan 0
1747649635799 nan 0
1747649635817 nan 0
1747649635828 nan 0
1747649635847 nan 0
1747649635860 nan 0
1747649635924 nan 0
1747649635935 nan 0
1747649635946 nan 0
1747649635957 nan 0
1747649635969 nan 0
1747649636029 nan 0
1747649636041 nan 0
1747649636103 nan 0
1747649636143 nan 0
1747649636184 nan 0
1747649636234 nan 0
1747649636255 nan 0
1747649636273 nan 0
1747649636308 nan 0
1747649636351 nan 0
1747649636380 nan 0
1747649636392 nan 0
1747649636432 nan 0
1747649636459 nan 0
1747649636525 nan 0
1747649636559 nan 0
1747649636577 nan 0
1747649636603 nan 0
1747649636616 nan 0
1747649636634 nan 0
1747649636706 nan 0
1747649636718 nan 0
1747649636729 nan 0
1747649636743 nan 0
1747649636756 nan 0
1747649636797 nan 0
1747649636840 nan 0
1747649636864 nan 0
1747649636881 nan 0
1747649636906 nan 0
1747649636926 nan 0
1747649636936 nan 0
1747649636953 nan 0
1747649637048 nan 0
1747649637065 nan 0
1747649637078 nan 0
1747649637089 nan 0
1747649637103 nan 0
1747649637114 nan 0
1747649637157 nan 0
1747649637219 nan 0
1747649637249 nan 0
1747649637264 nan 0
1747649637305 nan 0
1747649637322 nan 0
1747649637352 nan 0
1747649637367 nan 0
1747649637422 nan 0
1747649637510 nan 0
1747649637528 nan 0
1747649637545 nan 0
1747649637607 nan 0
1747649637652 nan 0
1747649637743 nan 0
1747649637788 nan 0
1747649637826 nan 0
1747649637894 nan 0
1747649637905 nan 0
1747649637947 nan 0
1747649637958 nan 0
1747649637980 nan 0
1747649637991 nan 0
1747649638935 nan 0
1747649638950 nan 0
1747649639051 nan 0
1747649639091 nan 0
1747649639122 nan 0
1747649639198 nan 0
1747649639217 nan 0
1747649639251 nan 0
1747649639295 nan 0
1747649639341 nan 0
1747649639411 nan 0
1747649639424 nan 0
1747649639480 nan 0
1747649639572 nan 0
1747649639737 nan 0
1747649639787 nan 0
1747649640013 nan 0
1747649640077 nan 0
1747649640261 nan 0
1747649640384 nan 0
1747649640480 nan 0
1747649640537 nan 0
1747649640551 nan 0
1747649640614 nan 0
1747649640637 nan 0
1747649640842 nan 0
1747649640871 nan 0
1747649640932 nan 0
1747649640974 nan 0
1747649640992 nan 0
1747649641060 nan 0
1747649641134 nan 0
1747649641178 nan 0
1747649641292 nan 0
1747649641384 nan 0
1747649641406 nan 0
1747649641459 nan 0
1747649641484 nan 0
1747649641495 nan 0
1747649641664 nan 0
1747649641864 nan 0
1747649641885 nan 0
1747649641910 nan 0
1747649641973 nan 0
1747649642053 nan 0
1747649642082 nan 0
1747649642189 nan 0
1747649642315 nan 0
1747649642441 nan 0
1747649642453 nan 0
1747649642465 nan 0
1747649642682 nan 0
1747649642741 nan 0
1747649642759 nan 0
1747649642827 nan 0
1747649642851 nan 0
1747649642957 nan 0
1747649643008 nan 0
1747649643027 nan 0
1747649643075 nan 0
1747649643102 nan 0
1747649643236 nan 0
1747649643296 nan 0
1747649643336 nan 0
1747649643371 nan 0
1747649643464 nan 0
1747649643512 nan 0
1747649643594 nan 0
1747649643630 nan 0
1747649643712 nan 0
1747649643765 nan 0
1747649643875 nan 0
1747649643884 nan 0
1747649643991 nan 0
1747649644132 nan 0
1747649644155 nan 0
1747649644252 nan 0
1747649644273 nan 0
1747649644521 nan 0
1747649644568 nan 0
1747649644614 nan 0
1747649644688 nan 0
1747649644742 nan 0
1747649644905 nan 0
1747649645097 nan 0
1747649645289 nan 0
1747649645381 nan 0
1747649645453 nan 0
1747649645581 nan 0
1747649645691 nan 0
1747649645714 nan 0
1747649645910 nan 0
1747649645989 nan 0
1747649646117 nan 0
1747649646134 nan 0
1747649646196 nan 0
1747649646444 nan 0
1747649646494 nan 0
1747649646602 nan 0
1747649646718 nan 0
1747649646771 nan 0
1747649646821 nan 0
1747649646840 nan 0
1747649646849 nan 0
1747649646935 nan 0
1747649646949 nan 0
1747649647003 nan 0
1747649647052 nan 0
1747649647095 nan 0
1747649647138 nan 0
1747649647167 nan 0
1747649647178 nan 0
1747649647206 nan 0
1747649647433 nan 0
1747649647466 nan 0
1747649647575 nan 0
1747649647587 nan 0
1747649647616 nan 0
1747649647625 nan 0
1747649647659 nan 0
1747649647681 nan 0
1747649647765 nan 0
1747649647798 nan 0
1747649647816 nan 0
1747649647838 nan 0
1747649647879 nan 0
1747649647920 nan 0
1747649647992 nan 0
1747649648241 nan 0
1747649648324 nan 0
1747649648345 nan 0
1747649648414 nan 0
