1747649596623 0.0 0
1747649596637 100.0 0
1747649596649 0.0 0
1747649596679 0.0 0
1747649596689 0.0 0
1747649596704 100.0 0
1747649596713 100.0 0
1747649596726 0.0 0
1747649596737 0.0 0
1747649596748 0.0 0
1747649596769 0.0 0
1747649596781 0.0 0
1747649596792 100.0 0
1747649596806 100.0 0
1747649596817 0.0 0
1747649596829 0.0 0
1747649596860 0.0 0
1747649596881 0.0 0
1747649596907 100.0 0
1747649596918 0.0 0
1747649596927 100.0 0
1747649596938 0.0 0
1747649596953 0.0 0
1747649596966 0.0 0
1747649596981 0.0 0
1747649596991 100.0 0
1747649597000 100.0 0
1747649597011 100.0 0
1747649597031 0.0 0
1747649597045 100.0 0
1747649597057 100.0 0
1747649597069 100.0 0
1747649597081 100.0 0
1747649597093 100.0 0
1747649597105 0.0 0
1747649597113 0.0 0
1747649597125 100.0 0
1747649597142 0.0 0
1747649597150 0.0 0
1747649597158 0.0 0
1747649597168 100.0 0
1747649597176 100.0 0
1747649597198 0.0 0
1747649597210 0.0 0
1747649597221 0.0 0
1747649597232 100.0 0
1747649597243 0.0 0
1747649597260 100.0 0
1747649597271 0.0 0
1747649597282 100.0 0
1747649597293 100.0 0
1747649597314 0.0 0
1747649597325 0.0 0
1747649597341 0.0 0
1747649597351 0.0 0
1747649597359 100.0 0
1747649597377 0.0 0
1747649597391 0.0 0
1747649597409 100.0 0
1747649597419 100.0 0
1747649597430 0.0 0
1747649597441 100.0 0
1747649597456 100.0 0
1747649597468 0.0 0
1747649597480 0.0 0
1747649597493 0.0 0
1747649597507 0.0 0
1747649597519 100.0 0
1747649597546 0.0 0
1747649597560 0.0 0
1747649597573 100.0 0
1747649597586 0.0 0
1747649597610 0.0 0
1747649597636 100.0 0
1747649597649 0.0 0
1747649597665 0.0 0
1747649597681 0.0 0
1747649597701 0.0 0
1747649597722 100.0 0
1747649597735 100.0 0
1747649597760 0.0 0
1747649597794 0.0 0
1747649597808 0.0 0
1747649597823 100.0 0
1747649597836 0.0 0
1747649597846 0.0 0
1747649597879 100.0 0
1747649597890 100.0 0
1747649597908 0.0 0
1747649597919 0.0 0
1747649597932 100.0 0
1747649597946 100.0 0
1747649597958 100.0 0
1747649597970 100.0 0
1747649597982 100.0 0
1747649597995 100.0 0
1747649598010 100.0 0
1747649598022 100.0 0
1747649598035 0.0 0
1747649598046 100.0 0
1747649598055 0.0 0
1747649598068 100.0 0
1747649598082 0.0 0
1747649598095 100.0 0
1747649598108 0.0 0
1747649598120 0.0 0
1747649598144 0.0 0
1747649598157 0.0 0
1747649598173 0.0 0
1747649598185 100.0 0
1747649598205 100.0 0
1747649598226 100.0 0
1747649598238 100.0 0
1747649598248 100.0 0
1747649598260 0.0 0
1747649598273 100.0 0
1747649598286 100.0 0
1747649598303 100.0 0
1747649598318 100.0 0
1747649598329 0.0 0
1747649598341 100.0 0
1747649598350 100.0 0
1747649598361 100.0 0
1747649598378 0.0 0
1747649598387 0.0 0
1747649598398 100.0 0
1747649598406 100.0 0
1747649598417 100.0 0
1747649598426 100.0 0
1747649598434 100.0 0
1747649598454 0.0 0
1747649598466 0.0 0
1747649598478 0.0 0
1747649598490 0.0 0
1747649598504 100.0 0
1747649598515 0.0 0
1747649598523 100.0 0
1747649598549 0.0 0
1747649598560 100.0 0
1747649598567 100.0 0
1747649598582 100.0 0
1747649598592 100.0 0
1747649598609 0.0 0
1747649598621 0.0 0
1747649598632 0.0 0
1747649598642 0.0 0
1747649598656 0.0 0
1747649598667 0.0 0
1747649598701 0.0 0
1747649598713 100.0 0
1747649598720 100.0 0
1747649598731 0.0 0
1747649598742 0.0 0
1747649598777 100.0 0
1747649598794 100.0 0
1747649598804 0.0 0
1747649598815 0.0 0
1747649598827 0.0 0
1747649598834 100.0 0
1747649598846 100.0 0
1747649598856 0.0 0
1747649598871 0.0 0
1747649598880 100.0 0
1747649598892 0.0 0
1747649598906 100.0 0
1747649598913 0.0 0
1747649598925 0.0 0
1747649598934 100.0 0
1747649598944 0.0 0
1747649598956 0.0 0
1747649598973 100.0 0
1747649598984 0.0 0
1747649599001 0.0 0
1747649599017 100.0 0
1747649599028 100.0 0
1747649599041 100.0 0
1747649599075 100.0 0
1747649599091 100.0 0
1747649599114 0.0 0
1747649599162 100.0 0
1747649599205 0.0 0
1747649599226 100.0 0
1747649599248 0.0 0
1747649599260 0.0 0
1747649599274 100.0 0
1747649599287 0.0 0
1747649599300 0.0 0
1747649599312 100.0 0
1747649599326 0.0 0
1747649599343 100.0 0
1747649599354 0.0 0
1747649599365 0.0 0
1747649599379 0.0 0
1747649599388 100.0 0
1747649599406 100.0 0
1747649599416 100.0 0
1747649599427 100.0 0
1747649599439 100.0 0
1747649599453 0.0 0
1747649599461 0.0 0
1747649599473 100.0 0
1747649599487 100.0 0
1747649599499 100.0 0
1747649599513 0.0 0
1747649599526 0.0 0
1747649599535 0.0 0
1747649599544 100.0 0
1747649599556 100.0 0
1747649599563 0.0 0
1747649599572 0.0 0
1747649599583 100.0 0
1747649599592 100.0 0
1747649599602 0.0 0
1747649599614 100.0 0
1747649599632 0.0 0
1747649599643 0.0 0
1747649599654 100.0 0
1747649599668 0.0 0
1747649599678 0.0 0
1747649599692 0.0 0
1747649599705 100.0 0
1747649599717 100.0 0
1747649599728 100.0 0
1747649599736 100.0 0
1747649599748 0.0 0
1747649599768 100.0 0
1747649599785 0.0 0
1747649599796 0.0 0
1747649599804 0.0 0
1747649599815 0.0 0
1747649599827 100.0 0
1747649599847 100.0 0
1747649599859 0.0 0
1747649599871 100.0 0
1747649599883 0.0 0
1747649599894 100.0 0
1747649599912 0.0 0
1747649599929 100.0 0
1747649599939 100.0 0
1747649599948 0.0 0
1747649599960 100.0 0
1747649599969 0.0 0
1747649599980 100.0 0
1747649599991 100.0 0
1747649600002 0.0 0
1747649600019 0.0 0
1747649600035 0.0 0
1747649600044 100.0 0
1747649600056 100.0 0
1747649600069 0.0 0
1747649600080 100.0 0
1747649600092 100.0 0
1747649600105 100.0 0
1747649600121 0.0 0
1747649600135 100.0 0
1747649600152 100.0 0
1747649600165 0.0 0
1747649600181 0.0 0
1747649600193 0.0 0
1747649600207 100.0 0
1747649600221 0.0 0
1747649600231 0.0 0
1747649600240 0.0 0
1747649600253 100.0 0
1747649600261 100.0 0
1747649600291 0.0 0
1747649600304 100.0 0
1747649600343 100.0 0
1747649600355 100.0 0
1747649600369 0.0 0
1747649600382 100.0 0
1747649600400 100.0 0
1747649600411 100.0 0
1747649600423 0.0 0
1747649600439 100.0 0
1747649600447 100.0 0
1747649600466 100.0 0
1747649600486 0.0 0
1747649600497 0.0 0
1747649600508 100.0 0
1747649600522 100.0 0
1747649600563 0.0 0
1747649600575 0.0 0
1747649600587 0.0 0
1747649600599 0.0 0
1747649600627 0.0 0
1747649600642 0.0 0
1747649600659 100.0 0
1747649600671 100.0 0
1747649600692 0.0 0
1747649600703 0.0 0
1747649600715 100.0 0
1747649600735 100.0 0
1747649600748 100.0 0
1747649600761 100.0 0
1747649600772 100.0 0
1747649600787 0.0 0
1747649600802 100.0 0
1747649600816 0.0 0
1747649600826 0.0 0
1747649600838 100.0 0
1747649600850 0.0 0
1747649600861 100.0 0
1747649600872 0.0 0
1747649600887 0.0 0
1747649600901 0.0 0
1747649600909 100.0 0
1747649600917 100.0 0
1747649600925 100.0 0
1747649600937 100.0 0
1747649600949 0.0 0
1747649600967 100.0 0
1747649600978 0.0 0
1747649600993 0.0 0
1747649601002 0.0 0
1747649601011 100.0 0
1747649601029 100.0 0
1747649601041 100.0 0
1747649601060 100.0 0
1747649601071 100.0 0
1747649601090 100.0 0
1747649601101 0.0 0
1747649601112 100.0 0
1747649601123 100.0 0
1747649601138 0.0 0
1747649601149 0.0 0
1747649601161 0.0 0
1747649601173 100.0 0
1747649601183 0.0 0
1747649601202 100.0 0
1747649601213 100.0 0
1747649601225 0.0 0
1747649601236 0.0 0
1747649601253 0.0 0
1747649601264 0.0 0
1747649601275 100.0 0
1747649601317 0.0 0
1747649601331 100.0 0
1747649601343 100.0 0
1747649601355 100.0 0
1747649601371 0.0 0
1747649601385 0.0 0
1747649601401 0.0 0
1747649601412 0.0 0
1747649601421 0.0 0
1747649601432 100.0 0
1747649601444 0.0 0
1747649601456 0.0 0
1747649601464 0.0 0
1747649601471 0.0 0
1747649601480 0.0 0
1747649601488 0.0 0
1747649601497 100.0 0
1747649601509 100.0 0
1747649601520 0.0 0
1747649601529 100.0 0
1747649601552 100.0 0
1747649601565 0.0 0
1747649601577 0.0 0
1747649601586 0.0 0
1747649601597 100.0 0
1747649601608 100.0 0
1747649601624 0.0 0
1747649601635 100.0 0
1747649601646 100.0 0
1747649601657 0.0 0
1747649601669 0.0 0
1747649601684 0.0 0
1747649601700 0.0 0
1747649601712 100.0 0
1747649601735 100.0 0
1747649601748 0.0 0
1747649601760 100.0 0
1747649601776 0.0 0
1747649601793 0.0 0
1747649601803 100.0 0
1747649601813 100.0 0
1747649601825 100.0 0
1747649601836 100.0 0
1747649601848 100.0 0
1747649601861 0.0 0
1747649601872 100.0 0
1747649601883 0.0 0
1747649601896 100.0 0
1747649601913 0.0 0
1747649601924 0.0 0
1747649601941 0.0 0
1747649601956 100.0 0
1747649601973 100.0 0
1747649601988 100.0 0
1747649601999 100.0 0
1747649602007 0.0 0
1747649602022 100.0 0
1747649602033 0.0 0
1747649602045 100.0 0
1747649602059 100.0 0
1747649602077 0.0 0
1747649602094 0.0 0
1747649602105 100.0 0
1747649602122 0.0 0
1747649602143 100.0 0
1747649602168 100.0 0
1747649602179 0.0 0
1747649602191 100.0 0
1747649602203 0.0 0
1747649602220 0.0 0
1747649602247 0.0 0
1747649602259 100.0 0
1747649602267 0.0 0
1747649602278 100.0 0
1747649602290 100.0 0
1747649602297 100.0 0
1747649602308 0.0 0
1747649602319 0.0 0
1747649602335 0.0 0
1747649602346 0.0 0
1747649602356 0.0 0
1747649602368 100.0 0
1747649602377 100.0 0
1747649602394 100.0 0
1747649602405 100.0 0
1747649602419 100.0 0
1747649602430 0.0 0
1747649602442 0.0 0
1747649602452 0.0 0
1747649602476 100.0 0
1747649602486 100.0 0
1747649602506 100.0 0
1747649602516 100.0 0
1747649602525 0.0 0
1747649602536 100.0 0
1747649602547 100.0 0
1747649602559 100.0 0
1747649602568 100.0 0
1747649602580 100.0 0
1747649602588 0.0 0
1747649602603 0.0 0
1747649602611 100.0 0
1747649602620 0.0 0
1747649602631 100.0 0
1747649602642 0.0 0
1747649602653 0.0 0
1747649602667 0.0 0
1747649602675 100.0 0
1747649602684 0.0 0
1747649602695 0.0 0
1747649602707 0.0 0
1747649602714 0.0 0
1747649602726 0.0 0
1747649602738 100.0 0
1747649602749 100.0 0
1747649602760 100.0 0
1747649602772 0.0 0
1747649602784 100.0 0
1747649602796 100.0 0
1747649602812 0.0 0
1747649602826 100.0 0
1747649602841 100.0 0
1747649602852 100.0 0
1747649602869 100.0 0
1747649602880 0.0 0
1747649602895 0.0 0
1747649602902 0.0 0
1747649602909 0.0 0
1747649602921 100.0 0
1747649602932 100.0 0
1747649602942 100.0 0
1747649602953 100.0 0
1747649602963 100.0 0
1747649602973 0.0 0
1747649602991 100.0 0
1747649603004 100.0 0
1747649603015 100.0 0
1747649603030 100.0 0
1747649603041 0.0 0
1747649603054 0.0 0
1747649603081 100.0 0
1747649603097 100.0 0
1747649603111 0.0 0
1747649603124 0.0 0
1747649603139 0.0 0
1747649603149 0.0 0
1747649603164 100.0 0
1747649603176 0.0 0
1747649603188 0.0 0
1747649603199 100.0 0
1747649603211 100.0 0
1747649603222 0.0 0
1747649603242 0.0 0
1747649603259 0.0 0
1747649603270 0.0 0
1747649603285 100.0 0
1747649603296 100.0 0
1747649603307 0.0 0
1747649603316 0.0 0
1747649603324 0.0 0
1747649603335 100.0 0
1747649603346 0.0 0
1747649603357 0.0 0
1747649603368 100.0 0
1747649603380 0.0 0
1747649603392 100.0 0
1747649603414 0.0 0
1747649603428 100.0 0
1747649603440 0.0 0
1747649603449 100.0 0
1747649603460 0.0 0
1747649603470 100.0 0
1747649603481 0.0 0
1747649603492 100.0 0
1747649603503 100.0 0
1747649603514 0.0 0
1747649603525 0.0 0
1747649603541 0.0 0
1747649603563 100.0 0
1747649603579 0.0 0
1747649603595 0.0 0
1747649603614 100.0 0
1747649603630 0.0 0
1747649603642 100.0 0
1747649603660 100.0 0
1747649603676 100.0 0
1747649603687 100.0 0
1747649603700 0.0 0
1747649603711 100.0 0
1747649603720 0.0 0
1747649603733 0.0 0
1747649603746 0.0 0
1747649603756 0.0 0
1747649603767 0.0 0
1747649603779 0.0 0
1747649603791 0.0 0
1747649603803 0.0 0
1747649603821 0.0 0
1747649603840 100.0 0
1747649603850 0.0 0
1747649603867 100.0 0
1747649603877 0.0 0
1747649603898 0.0 0
1747649603915 100.0 0
1747649603929 0.0 0
1747649603943 0.0 0
1747649603952 0.0 0
1747649603964 0.0 0
1747649603974 0.0 0
1747649603992 100.0 0
1747649604004 100.0 0
1747649604016 100.0 0
1747649604028 100.0 0
1747649604039 0.0 0
1747649604048 0.0 0
1747649604061 100.0 0
1747649604074 100.0 0
1747649604087 0.0 0
1747649604098 100.0 0
1747649604110 0.0 0
1747649604120 0.0 0
1747649604128 100.0 0
1747649604140 0.0 0
1747649604151 0.0 0
1747649604163 0.0 0
1747649604173 100.0 0
1747649604188 0.0 0
1747649604214 0.0 0
1747649604228 0.0 0
1747649604242 0.0 0
1747649604253 0.0 0
1747649604268 0.0 0
1747649604285 100.0 0
1747649604296 0.0 0
1747649604307 100.0 0
1747649604321 100.0 0
1747649604333 0.0 0
1747649604344 100.0 0
1747649604361 100.0 0
1747649604373 100.0 0
1747649604387 100.0 0
1747649604395 0.0 0
1747649604406 100.0 0
1747649604415 0.0 0
1747649604432 0.0 0
1747649604444 0.0 0
1747649604459 0.0 0
1747649604475 100.0 0
1747649604491 100.0 0
1747649604502 100.0 0
1747649604514 100.0 0
1747649604521 100.0 0
1747649604528 100.0 0
1747649604539 100.0 0
1747649604550 100.0 0
1747649604564 0.0 0
1747649604575 0.0 0
1747649604587 0.0 0
1747649604598 0.0 0
1747649604607 100.0 0
1747649604620 0.0 0
1747649604632 0.0 0
1747649604643 0.0 0
1747649604655 100.0 0
1747649604664 100.0 0
1747649604696 100.0 0
1747649604708 100.0 0
1747649604749 100.0 0
1747649604776 100.0 0
1747649604793 100.0 0
1747649604809 0.0 0
1747649604817 100.0 0
1747649604830 0.0 0
1747649604842 100.0 0
1747649604852 0.0 0
1747649604863 0.0 0
1747649604874 100.0 0
1747649604887 100.0 0
1747649604898 0.0 0
1747649604912 0.0 0
1747649604923 100.0 0
1747649604934 100.0 0
1747649604943 0.0 0
1747649604958 0.0 0
1747649604975 100.0 0
1747649604987 0.0 0
1747649605001 0.0 0
1747649605013 100.0 0
1747649605035 100.0 0
1747649605052 100.0 0
1747649605075 0.0 0
1747649605089 0.0 0
1747649605101 0.0 0
1747649605109 0.0 0
1747649605126 0.0 0
1747649605143 100.0 0
1747649605154 0.0 0
1747649605165 100.0 0
1747649605179 0.0 0
1747649605191 0.0 0
1747649605200 0.0 0
1747649605217 100.0 0
1747649605230 100.0 0
1747649605245 0.0 0
1747649605272 0.0 0
1747649605294 0.0 0
1747649605306 0.0 0
1747649605318 100.0 0
1747649605326 0.0 0
1747649605336 100.0 0
1747649605344 100.0 0
1747649605353 0.0 0
1747649605363 100.0 0
1747649605372 0.0 0
1747649605381 0.0 0
1747649605392 0.0 0
1747649605404 100.0 0
1747649605437 0.0 0
1747649605445 100.0 0
1747649605457 100.0 0
1747649605468 0.0 0
1747649605479 100.0 0
1747649605487 0.0 0
1747649605496 0.0 0
1747649605504 100.0 0
1747649605512 0.0 0
1747649605523 100.0 0
1747649605533 100.0 0
1747649605542 100.0 0
1747649605558 0.0 0
1747649605576 0.0 0
1747649605586 100.0 0
1747649605602 100.0 0
1747649605614 0.0 0
1747649605623 0.0 0
1747649605639 100.0 0
1747649605648 100.0 0
1747649605660 0.0 0
1747649605671 100.0 0
1747649605679 0.0 0
1747649605691 100.0 0
1747649605711 0.0 0
1747649605734 100.0 0
1747649605746 100.0 0
1747649605757 100.0 0
1747649605779 100.0 0
1747649605796 0.0 0
1747649605809 100.0 0
1747649605821 100.0 0
1747649605838 100.0 0
1747649605851 0.0 0
1747649605862 0.0 0
1747649605874 0.0 0
1747649605885 100.0 0
1747649605913 0.0 0
1747649605934 0.0 0
1747649605948 0.0 0
1747649605958 100.0 0
1747649605970 100.0 0
1747649605981 100.0 0
1747649605993 100.0 0
1747649606001 0.0 0
1747649606012 100.0 0
1747649606028 0.0 0
1747649606036 0.0 0
1747649606047 0.0 0
1747649606062 100.0 0
1747649606074 100.0 0
1747649606085 0.0 0
1747649606101 0.0 0
1747649606123 100.0 0
1747649606133 100.0 0
1747649606150 0.0 0
1747649606160 0.0 0
1747649606172 0.0 0
1747649606185 100.0 0
1747649606197 100.0 0
1747649606209 0.0 0
1747649606235 0.0 0
1747649606252 100.0 0
1747649606263 0.0 0
1747649606285 0.0 0
1747649606299 100.0 0
1747649606319 0.0 0
1747649606330 100.0 0
1747649606341 100.0 0
1747649606358 0.0 0
1747649606372 100.0 0
1747649606385 100.0 0
1747649606394 100.0 0
1747649606414 100.0 0
1747649606433 100.0 0
1747649606447 100.0 0
1747649606460 0.0 0
1747649606480 100.0 0
1747649606496 100.0 0
1747649606515 100.0 0
1747649606528 0.0 0
1747649606555 100.0 0
1747649606569 100.0 0
1747649606585 0.0 0
1747649606597 0.0 0
1747649606611 0.0 0
1747649606623 100.0 0
1747649606635 0.0 0
1747649606647 0.0 0
1747649606659 100.0 0
1747649606682 100.0 0
1747649606700 0.0 0
1747649606711 0.0 0
1747649606723 100.0 0
1747649606739 0.0 0
1747649606751 100.0 0
1747649606763 100.0 0
1747649606775 0.0 0
1747649606787 100.0 0
1747649606798 0.0 0
1747649606810 0.0 0
1747649606820 0.0 0
1747649606830 0.0 0
1747649606842 100.0 0
1747649606852 0.0 0
1747649606861 100.0 0
1747649606878 0.0 0
1747649606890 100.0 0
1747649606913 0.0 0
1747649606926 100.0 0
1747649606937 100.0 0
1747649606956 100.0 0
1747649606969 100.0 0
1747649606982 0.0 0
1747649606993 0.0 0
1747649607005 100.0 0
1747649607017 0.0 0
1747649607033 100.0 0
1747649607044 100.0 0
1747649607052 0.0 0
1747649607070 0.0 0
1747649607104 100.0 0
1747649607125 100.0 0
1747649607138 0.0 0
1747649607153 0.0 0
1747649607167 0.0 0
1747649607177 100.0 0
1747649607187 100.0 0
1747649607198 100.0 0
1747649607206 0.0 0
1747649607226 100.0 0
1747649607244 100.0 0
1747649607257 0.0 0
1747649607272 0.0 0
1747649607284 0.0 0
1747649607296 100.0 0
1747649607308 100.0 0
1747649607325 100.0 0
1747649607338 0.0 0
1747649607353 100.0 0
1747649607370 0.0 0
1747649607380 0.0 0
1747649607392 0.0 0
1747649607409 0.0 0
1747649607421 100.0 0
1747649607431 100.0 0
1747649607447 100.0 0
1747649607468 0.0 0
1747649607486 100.0 0
1747649607498 0.0 0
1747649607509 0.0 0
1747649607522 0.0 0
1747649607534 0.0 0
1747649607546 0.0 0
1747649607559 0.0 0
1747649607568 100.0 0
1747649607586 100.0 0
1747649607597 100.0 0
1747649607612 0.0 0
1747649607621 0.0 0
1747649607633 100.0 0
1747649607645 100.0 0
1747649607660 0.0 0
1747649607671 0.0 0
1747649607680 100.0 0
1747649607691 100.0 0
1747649607706 0.0 0
1747649607725 100.0 0
1747649607738 100.0 0
1747649607750 100.0 0
1747649607769 0.0 0
1747649607785 100.0 0
1747649607797 0.0 0
1747649607809 0.0 0
1747649607821 0.0 0
1747649608792 0.0 0
1747649608805 0.0 0
1747649608827 100.0 0
1747649608839 100.0 0
1747649608869 100.0 0
1747649608883 0.0 0
1747649608904 100.0 0
1747649608920 0.0 0
1747649608938 0.0 0
1747649608956 100.0 0
1747649608966 100.0 0
1747649608990 0.0 0
1747649609020 0.0 0
1747649609033 100.0 0
1747649609045 0.0 0
1747649609056 0.0 0
1747649609076 100.0 0
1747649609104 100.0 0
1747649609114 100.0 0
1747649609123 100.0 0
1747649609135 0.0 0
1747649609146 100.0 0
1747649609163 100.0 0
1747649609180 100.0 0
1747649609213 0.0 0
1747649609240 0.0 0
1747649609251 0.0 0
1747649609275 0.0 0
1747649609287 100.0 0
1747649609297 0.0 0
1747649609309 0.0 0
1747649609321 100.0 0
1747649609329 100.0 0
1747649609336 0.0 0
1747649609353 0.0 0
1747649609364 100.0 0
1747649609375 0.0 0
1747649609388 100.0 0
1747649609411 100.0 0
1747649609435 0.0 0
1747649609447 100.0 0
1747649609477 100.0 0
1747649609489 0.0 0
1747649609508 0.0 0
1747649609520 0.0 0
1747649609532 0.0 0
1747649609553 0.0 0
1747649609581 100.0 0
1747649609592 0.0 0
1747649609610 0.0 0
1747649609624 100.0 0
1747649609637 0.0 0
1747649609649 0.0 0
1747649609661 0.0 0
1747649609688 0.0 0
1747649609699 0.0 0
1747649609716 0.0 0
1747649609727 0.0 0
1747649609743 0.0 0
1747649609759 100.0 0
1747649609780 100.0 0
1747649609797 100.0 0
1747649609813 100.0 0
1747649609825 100.0 0
1747649609838 0.0 0
1747649609850 100.0 0
1747649609861 100.0 0
1747649609886 0.0 0
1747649609896 100.0 0
1747649609905 0.0 0
1747649609916 0.0 0
1747649609927 100.0 0
1747649609937 100.0 0
1747649609956 0.0 0
1747649609972 0.0 0
1747649609979 0.0 0
1747649609992 100.0 0
1747649610048 100.0 0
1747649610062 0.0 0
1747649610088 0.0 0
1747649610102 0.0 0
1747649610115 0.0 0
1747649610128 0.0 0
1747649610142 100.0 0
1747649610155 100.0 0
1747649610184 100.0 0
1747649610208 100.0 0
1747649610247 100.0 0
1747649610262 0.0 0
1747649610281 0.0 0
1747649610302 100.0 0
1747649610337 100.0 0
1747649610355 100.0 0
1747649610368 100.0 0
1747649610387 0.0 0
1747649610402 0.0 0
1747649610415 100.0 0
1747649610444 100.0 0
1747649610459 0.0 0
1747649610471 100.0 0
1747649610485 0.0 0
1747649610498 0.0 0
1747649610512 100.0 0
1747649610527 100.0 0
1747649610538 100.0 0
1747649610545 0.0 0
1747649610558 100.0 0
1747649610567 100.0 0
1747649610578 100.0 0
1747649610595 0.0 0
1747649610607 0.0 0
1747649610618 0.0 0
1747649610666 0.0 0
1747649610683 0.0 0
1747649610700 0.0 0
1747649610732 100.0 0
1747649610744 100.0 0
1747649610755 0.0 0
1747649610766 100.0 0
1747649610804 0.0 0
1747649610830 0.0 0
1747649610845 100.0 0
1747649610863 0.0 0
1747649610875 0.0 0
1747649610887 0.0 0
1747649610912 0.0 0
1747649610930 100.0 0
1747649610942 100.0 0
1747649610978 100.0 0
1747649610990 0.0 0
1747649611020 0.0 0
1747649611032 100.0 0
1747649611050 0.0 0
1747649611062 100.0 0
1747649611084 0.0 0
1747649611113 100.0 0
1747649611127 100.0 0
1747649611142 100.0 0
1747649611159 0.0 0
1747649611174 100.0 0
1747649611199 0.0 0
1747649611213 0.0 0
1747649611230 100.0 0
1747649611262 0.0 0
1747649611274 0.0 0
1747649611299 100.0 0
1747649611318 100.0 0
1747649611329 0.0 0
1747649611346 100.0 0
1747649611357 100.0 0
1747649611378 100.0 0
1747649611389 0.0 0
1747649611439 0.0 0
1747649611458 0.0 0
1747649611488 100.0 0
1747649611503 0.0 0
1747649611514 0.0 0
1747649611530 0.0 0
1747649611541 100.0 0
1747649611550 100.0 0
1747649611579 100.0 0
1747649611602 0.0 0
1747649611622 100.0 0
1747649611638 0.0 0
1747649611650 100.0 0
1747649611662 100.0 0
1747649611674 0.0 0
1747649611692 0.0 0
1747649611704 0.0 0
1747649611718 0.0 0
1747649611738 100.0 0
1747649611754 0.0 0
1747649611768 0.0 0
1747649611785 100.0 0
1747649611795 100.0 0
1747649611804 0.0 0
1747649611816 0.0 0
1747649611841 0.0 0
1747649611884 100.0 0
1747649611904 0.0 0
1747649611917 100.0 0
1747649611934 0.0 0
1747649611944 0.0 0
1747649611953 0.0 0
1747649611961 0.0 0
1747649611981 100.0 0
1747649611999 100.0 0
1747649612012 0.0 0
1747649612025 0.0 0
1747649612037 0.0 0
1747649612046 100.0 0
1747649612054 100.0 0
1747649612068 0.0 0
1747649612086 0.0 0
1747649612102 100.0 0
1747649612119 0.0 0
1747649612179 100.0 0
1747649612191 0.0 0
1747649612225 100.0 0
1747649612237 0.0 0
1747649612272 0.0 0
1747649612285 0.0 0
1747649612314 100.0 0
1747649612326 100.0 0
1747649612337 100.0 0
1747649612355 0.0 0
1747649612367 0.0 0
1747649612378 0.0 0
1747649612387 100.0 0
1747649612399 0.0 0
1747649612409 0.0 0
1747649612424 0.0 0
1747649612434 100.0 0
1747649612450 0.0 0
1747649612459 100.0 0
1747649612467 100.0 0
1747649612475 0.0 0
1747649612504 100.0 0
1747649612527 100.0 0
1747649612540 0.0 0
1747649612551 100.0 0
1747649612563 100.0 0
1747649612572 0.0 0
1747649612593 100.0 0
1747649612605 0.0 0
1747649612618 0.0 0
1747649612633 0.0 0
1747649612644 100.0 0
1747649612655 100.0 0
1747649612667 100.0 0
1747649612691 100.0 0
1747649612703 100.0 0
1747649612720 0.0 0
1747649612731 100.0 0
1747649612745 0.0 0
1747649612773 100.0 0
1747649612783 0.0 0
1747649612795 0.0 0
1747649612806 100.0 0
1747649612831 100.0 0
1747649612847 100.0 0
1747649612858 0.0 0
1747649612867 100.0 0
1747649612879 100.0 0
1747649612891 0.0 0
1747649612910 0.0 0
1747649612927 100.0 0
1747649612984 100.0 0
1747649613003 0.0 0
1747649613015 0.0 0
1747649613027 0.0 0
1747649613050 0.0 0
1747649613067 0.0 0
1747649613082 0.0 0
1747649613095 0.0 0
1747649613120 0.0 0
1747649613133 100.0 0
1747649613150 100.0 0
1747649613164 100.0 0
1747649613173 100.0 0
1747649613184 0.0 0
1747649613201 100.0 0
1747649613212 100.0 0
1747649613225 0.0 0
1747649613238 0.0 0
1747649613257 0.0 0
1747649613275 100.0 0
1747649613287 100.0 0
1747649613310 0.0 0
1747649613325 0.0 0
1747649613336 100.0 0
1747649613351 100.0 0
1747649613361 100.0 0
1747649613384 0.0 0
1747649613408 0.0 0
1747649613425 0.0 0
1747649613438 0.0 0
1747649613451 0.0 0
1747649613467 100.0 0
1747649613479 100.0 0
1747649613492 0.0 0
1747649613507 100.0 0
1747649613518 0.0 0
1747649613532 100.0 0
1747649613541 0.0 0
1747649613556 0.0 0
1747649613583 0.0 0
1747649613601 0.0 0
1747649613610 100.0 0
1747649613627 100.0 0
1747649613642 100.0 0
1747649613658 0.0 0
1747649613667 100.0 0
1747649613677 100.0 0
1747649613706 0.0 0
1747649613719 0.0 0
1747649613731 0.0 0
1747649613748 0.0 0
1747649613758 0.0 0
1747649613767 0.0 0
1747649613778 100.0 0
1747649613787 0.0 0
1747649613808 100.0 0
1747649613817 100.0 0
1747649613833 0.0 0
1747649613859 100.0 0
1747649613876 0.0 0
1747649613887 100.0 0
1747649613895 100.0 0
1747649613907 100.0 0
1747649613931 100.0 0
1747649613950 100.0 0
1747649613985 0.0 0
1747649613998 0.0 0
1747649614043 100.0 0
1747649614052 100.0 0
1747649614066 100.0 0
1747649614080 100.0 0
1747649614091 100.0 0
1747649614107 100.0 0
1747649614118 0.0 0
1747649614142 0.0 0
1747649614156 0.0 0
1747649614169 0.0 0
1747649614181 100.0 0
1747649614192 100.0 0
1747649614205 100.0 0
1747649614216 0.0 0
1747649614225 0.0 0
1747649614241 100.0 0
1747649614252 0.0 0
1747649614272 100.0 0
1747649614285 100.0 0
1747649614309 0.0 0
1747649614335 100.0 0
1747649614345 0.0 0
1747649614388 0.0 0
1747649614421 0.0 0
1747649614437 0.0 0
1747649614457 0.0 0
1747649614473 100.0 0
1747649614490 100.0 0
1747649614504 100.0 0
1747649614516 0.0 0
1747649614541 100.0 0
1747649614582 0.0 0
1747649614601 0.0 0
1747649614636 100.0 0
1747649614644 0.0 0
1747649614656 100.0 0
1747649614694 0.0 0
1747649614709 100.0 0
1747649614726 100.0 0
1747649614738 100.0 0
1747649614750 0.0 0
1747649614762 0.0 0
1747649614770 0.0 0
1747649614784 0.0 0
1747649614796 0.0 0
1747649614807 0.0 0
1747649614822 0.0 0
1747649614843 100.0 0
1747649614856 100.0 0
1747649614867 0.0 0
1747649614894 0.0 0
1747649614911 0.0 0
1747649614940 0.0 0
1747649614951 0.0 0
1747649614962 0.0 0
1747649614974 0.0 0
1747649614987 0.0 0
1747649614999 0.0 0
1747649615008 0.0 0
1747649615020 0.0 0
1747649615033 100.0 0
1747649615046 100.0 0
1747649615054 0.0 0
1747649615086 100.0 0
1747649615109 100.0 0
1747649615120 100.0 0
1747649615147 0.0 0
1747649615169 100.0 0
1747649615200 100.0 0
1747649615212 100.0 0
1747649615223 0.0 0
1747649615235 0.0 0
1747649615243 0.0 0
1747649615255 0.0 0
1747649615287 0.0 0
1747649615302 0.0 0
1747649615309 100.0 0
1747649615317 0.0 0
1747649615329 0.0 0
1747649615341 100.0 0
1747649615353 0.0 0
1747649615368 0.0 0
1747649615380 100.0 0
1747649615395 100.0 0
1747649615407 0.0 0
1747649615418 100.0 0
1747649615431 0.0 0
1747649615449 0.0 0
1747649615460 100.0 0
1747649615467 100.0 0
1747649615483 100.0 0
1747649615500 0.0 0
1747649615511 0.0 0
1747649615522 0.0 0
1747649615534 0.0 0
1747649615558 100.0 0
1747649615582 0.0 0
1747649615594 100.0 0
1747649615622 100.0 0
1747649615638 0.0 0
1747649615646 0.0 0
1747649615657 0.0 0
1747649615668 0.0 0
1747649615685 100.0 0
1747649615698 100.0 0
1747649615706 0.0 0
1747649615726 0.0 0
1747649615750 0.0 0
1747649615767 100.0 0
1747649615780 0.0 0
1747649615792 0.0 0
1747649615802 0.0 0
1747649615819 100.0 0
1747649615849 0.0 0
1747649615861 0.0 0
1747649615882 0.0 0
1747649615898 0.0 0
1747649615912 100.0 0
1747649615925 0.0 0
1747649615944 100.0 0
1747649615956 0.0 0
1747649615974 100.0 0
1747649616000 100.0 0
1747649616013 0.0 0
1747649616031 0.0 0
1747649616051 0.0 0
1747649616072 0.0 0
1747649616083 100.0 0
1747649616099 100.0 0
1747649616110 0.0 0
1747649616129 100.0 0
1747649616155 0.0 0
1747649616176 100.0 0
1747649616190 100.0 0
1747649616203 0.0 0
1747649616218 100.0 0
1747649616247 0.0 0
1747649616264 0.0 0
1747649616275 0.0 0
1747649616283 0.0 0
1747649616295 100.0 0
1747649616304 100.0 0
1747649616320 0.0 0
1747649616338 100.0 0
1747649616370 0.0 0
1747649616382 100.0 0
1747649616403 100.0 0
1747649616420 0.0 0
1747649616434 100.0 0
1747649616446 100.0 0
1747649616458 100.0 0
1747649616466 0.0 0
1747649616476 0.0 0
1747649616488 100.0 0
1747649616497 100.0 0
1747649616510 100.0 0
1747649616520 100.0 0
1747649616545 0.0 0
1747649616559 0.0 0
1747649616581 0.0 0
1747649616593 100.0 0
1747649616622 0.0 0
1747649616642 0.0 0
1747649616654 100.0 0
1747649616665 100.0 0
1747649616686 100.0 0
1747649616716 100.0 0
1747649616726 0.0 0
1747649616737 100.0 0
1747649616748 100.0 0
1747649616757 100.0 0
1747649616767 100.0 0
1747649616779 0.0 0
1747649616791 100.0 0
1747649616808 0.0 0
1747649616819 100.0 0
1747649616828 0.0 0
1747649616851 100.0 0
1747649616872 100.0 0
1747649616883 0.0 0
1747649616921 0.0 0
1747649616939 100.0 0
1747649616962 0.0 0
1747649616979 100.0 0
1747649617006 100.0 0
1747649617053 100.0 0
1747649617066 100.0 0
1747649617078 100.0 0
1747649617092 100.0 0
1747649617103 0.0 0
1747649617112 0.0 0
1747649617122 0.0 0
1747649617133 100.0 0
1747649617145 100.0 0
1747649617152 0.0 0
1747649617164 0.0 0
1747649617176 0.0 0
1747649617203 100.0 0
1747649617216 100.0 0
1747649617230 100.0 0
1747649617244 100.0 0
1747649617262 100.0 0
1747649617269 0.0 0
1747649617278 0.0 0
1747649617289 100.0 0
1747649617315 0.0 0
1747649617327 0.0 0
1747649617343 0.0 0
1747649617370 100.0 0
1747649617390 100.0 0
1747649617409 0.0 0
1747649617427 0.0 0
1747649617450 100.0 0
1747649617468 100.0 0
1747649617480 100.0 0
1747649617491 0.0 0
1747649617503 0.0 0
1747649617512 0.0 0
1747649617525 100.0 0
1747649617560 100.0 0
1747649617585 100.0 0
1747649617604 100.0 0
1747649617647 0.0 0
1747649617664 100.0 0
1747649617714 100.0 0
1747649617723 100.0 0
1747649617734 100.0 0
1747649617766 100.0 0
1747649617783 100.0 0
1747649617795 100.0 0
1747649617824 100.0 0
1747649617841 0.0 0
1747649617853 100.0 0
1747649617867 100.0 0
1747649617885 100.0 0
1747649617898 0.0 0
1747649617910 100.0 0
1747649617920 0.0 0
1747649617928 100.0 0
1747649617946 100.0 0
1747649617966 100.0 0
1747649617980 0.0 0
1747649618014 0.0 0
1747649618041 0.0 0
1747649618053 0.0 0
1747649618065 0.0 0
1747649618076 0.0 0
1747649618093 0.0 0
1747649618114 100.0 0
1747649618129 100.0 0
1747649618145 100.0 0
1747649618170 100.0 0
1747649618186 100.0 0
1747649618197 0.0 0
1747649618236 0.0 0
1747649618249 100.0 0
1747649618276 100.0 0
1747649618308 0.0 0
1747649618319 0.0 0
1747649618330 0.0 0
1747649618351 100.0 0
1747649618361 0.0 0
1747649618380 0.0 0
1747649618391 0.0 0
1747649618405 100.0 0
1747649618423 100.0 0
1747649618441 0.0 0
1747649618465 100.0 0
1747649618476 100.0 0
1747649618489 0.0 0
1747649618500 100.0 0
1747649618531 0.0 0
1747649618548 0.0 0
1747649618583 100.0 0
1747649618615 0.0 0
1747649618627 100.0 0
1747649618657 0.0 0
1747649618685 0.0 0
1747649618715 100.0 0
1747649618750 100.0 0
1747649618785 0.0 0
1747649618807 100.0 0
1747649618819 100.0 0
1747649618843 100.0 0
1747649618855 100.0 0
1747649618866 0.0 0
1747649618883 0.0 0
1747649618896 100.0 0
1747649618918 0.0 0
1747649618939 0.0 0
1747649618959 100.0 0
1747649618978 100.0 0
1747649619001 100.0 0
1747649619013 100.0 0
1747649619035 0.0 0
1747649619063 0.0 0
1747649619081 100.0 0
1747649619098 0.0 0
1747649619119 100.0 0
1747649619131 0.0 0
1747649619142 0.0 0
1747649619154 0.0 0
1747649619175 100.0 0
1747649619196 100.0 0
1747649619214 100.0 0
1747649619226 100.0 0
1747649619243 100.0 0
1747649619256 100.0 0
1747649619281 100.0 0
1747649619292 100.0 0
1747649619313 0.0 0
1747649619335 0.0 0
1747649619345 0.0 0
1747649619356 100.0 0
1747649619367 100.0 0
1747649619383 0.0 0
1747649619394 0.0 0
1747649619410 100.0 0
1747649619428 100.0 0
1747649619468 100.0 0
1747649619480 0.0 0
1747649619507 0.0 0
1747649619519 100.0 0
1747649619535 0.0 0
1747649619546 100.0 0
1747649619573 0.0 0
1747649619588 0.0 0
1747649619598 100.0 0
1747649619620 100.0 0
1747649619637 0.0 0
1747649619660 0.0 0
1747649619676 0.0 0
1747649619693 0.0 0
1747649619704 0.0 0
1747649619716 100.0 0
1747649619728 100.0 0
1747649619743 100.0 0
1747649619760 0.0 0
1747649619775 0.0 0
1747649619792 0.0 0
1747649619811 100.0 0
1747649619828 100.0 0
1747649619840 100.0 0
1747649619859 0.0 0
1747649619870 0.0 0
1747649619900 100.0 0
1747649619912 100.0 0
1747649619935 0.0 0
1747649619944 100.0 0
1747649619965 100.0 0
1747649619974 0.0 0
1747649619985 100.0 0
1747649619994 0.0 0
1747649620005 0.0 0
1747649620016 100.0 0
1747649620032 100.0 0
1747649620051 100.0 0
1747649620089 0.0 0
1747649620100 0.0 0
1747649620109 0.0 0
1747649620121 100.0 0
1747649620137 100.0 0
1747649620146 0.0 0
1747649620157 100.0 0
1747649620189 0.0 0
1747649620207 0.0 0
1747649620228 0.0 0
1747649620251 0.0 0
1747649620263 100.0 0
1747649620292 0.0 0
1747649620303 100.0 0
1747649620324 0.0 0
1747649620336 100.0 0
1747649620366 100.0 0
1747649620407 100.0 0
1747649620424 100.0 0
1747649620437 100.0 0
1747649620455 100.0 0
1747649620563 100.0 0
1747649620572 100.0 0
1747649620586 100.0 0
1747649620604 0.0 0
1747649620612 0.0 0
1747649620626 100.0 0
1747649620635 0.0 0
1747649620669 100.0 0
1747649620682 0.0 0
1747649620694 0.0 0
1747649620710 0.0 0
1747649620726 100.0 0
1747649620746 100.0 0
1747649620766 100.0 0
1747649620777 0.0 0
1747649620789 0.0 0
1747649620803 0.0 0
1747649620818 100.0 0
1747649620845 0.0 0
1747649620863 100.0 0
1747649620882 0.0 0
1747649620908 0.0 0
1747649620924 0.0 0
1747649620935 0.0 0
1747649620947 100.0 0
1747649620958 0.0 0
1747649620987 0.0 0
1747649620997 100.0 0
1747649621005 100.0 0
1747649621013 0.0 0
1747649621024 100.0 0
1747649621035 0.0 0
1747649621080 100.0 0
1747649621098 0.0 0
1747649621120 0.0 0
1747649621132 100.0 0
1747649621147 100.0 0
1747649621158 0.0 0
1747649621170 0.0 0
1747649621179 0.0 0
1747649621187 100.0 0
1747649621197 100.0 0
1747649621219 0.0 0
1747649621231 100.0 0
1747649621243 0.0 0
1747649621265 0.0 0
1747649621278 100.0 0
1747649621296 0.0 0
1747649621316 0.0 0
1747649621329 0.0 0
1747649621341 100.0 0
1747649621353 100.0 0
1747649621368 0.0 0
1747649621380 100.0 0
1747649621388 0.0 0
1747649621396 0.0 0
1747649621422 0.0 0
1747649621441 100.0 0
1747649621461 100.0 0
1747649621480 0.0 0
1747649621493 100.0 0
1747649621504 0.0 0
1747649621522 100.0 0
1747649621539 0.0 0
1747649621550 0.0 0
1747649621572 100.0 0
1747649621581 100.0 0
1747649621592 100.0 0
1747649621603 100.0 0
1747649621614 100.0 0
1747649621638 0.0 0
1747649621652 100.0 0
1747649621664 0.0 0
1747649621672 0.0 0
1747649621708 0.0 0
1747649621721 0.0 0
1747649621732 100.0 0
1747649621747 0.0 0
1747649621763 0.0 0
1747649621779 100.0 0
1747649621791 100.0 0
1747649621805 100.0 0
1747649621829 0.0 0
1747649621841 100.0 0
1747649621852 0.0 0
1747649621876 0.0 0
1747649621888 100.0 0
1747649621900 100.0 0
1747649621912 0.0 0
1747649621928 0.0 0
1747649621943 100.0 0
1747649621956 100.0 0
1747649621974 100.0 0
1747649621991 0.0 0
1747649622004 0.0 0
1747649622020 100.0 0
1747649622031 0.0 0
1747649622042 100.0 0
1747649622069 0.0 0
1747649622094 100.0 0
1747649622113 0.0 0
1747649622135 100.0 0
1747649622148 100.0 0
1747649622176 0.0 0
1747649622197 100.0 0
1747649622211 0.0 0
1747649622248 0.0 0
1747649622286 100.0 0
1747649622299 0.0 0
1747649622327 100.0 0
1747649622354 0.0 0
1747649622366 100.0 0
1747649622375 0.0 0
1747649622386 100.0 0
1747649622393 0.0 0
1747649622409 0.0 0
1747649622420 100.0 0
1747649622429 0.0 0
1747649622473 100.0 0
1747649622485 0.0 0
1747649622506 100.0 0
1747649622520 0.0 0
1747649622541 100.0 0
1747649622556 100.0 0
1747649622570 0.0 0
1747649622591 100.0 0
1747649622627 0.0 0
1747649622666 100.0 0
1747649622680 100.0 0
1747649622692 0.0 0
1747649622715 100.0 0
1747649622734 0.0 0
1747649622751 0.0 0
1747649622767 100.0 0
1747649622779 100.0 0
1747649622793 0.0 0
1747649622810 0.0 0
1747649622821 100.0 0
1747649622837 0.0 0
1747649622848 100.0 0
1747649622860 100.0 0
1747649622875 0.0 0
1747649622896 100.0 0
1747649622907 0.0 0
1747649622920 0.0 0
1747649622932 0.0 0
1747649622985 0.0 0
1747649623006 100.0 0
1747649623042 0.0 0
1747649623054 100.0 0
1747649623076 100.0 0
1747649623088 0.0 0
1747649623105 0.0 0
1747649623123 0.0 0
1747649623141 0.0 0
1747649623152 0.0 0
1747649623164 100.0 0
1747649623192 0.0 0
1747649623208 100.0 0
1747649623223 100.0 0
1747649623234 0.0 0
1747649623245 100.0 0
1747649623274 0.0 0
1747649623285 100.0 0
1747649623296 100.0 0
1747649623311 0.0 0
1747649623326 100.0 0
1747649623335 100.0 0
1747649623353 100.0 0
1747649623385 100.0 0
1747649623410 100.0 0
1747649623422 100.0 0
1747649623434 0.0 0
1747649623445 100.0 0
1747649623456 100.0 0
1747649623471 100.0 0
1747649623488 0.0 0
1747649623506 0.0 0
1747649623517 0.0 0
1747649623532 100.0 0
1747649623548 0.0 0
1747649623579 0.0 0
1747649623615 0.0 0
1747649623628 0.0 0
1747649623644 100.0 0
1747649623652 0.0 0
1747649623670 0.0 0
1747649623681 0.0 0
1747649623692 0.0 0
1747649623703 100.0 0
1747649623731 0.0 0
1747649623744 0.0 0
1747649623815 100.0 0
1747649623825 100.0 0
1747649623838 0.0 0
1747649623851 0.0 0
1747649623862 100.0 0
1747649623871 100.0 0
1747649623889 100.0 0
1747649623900 0.0 0
1747649623926 0.0 0
1747649623945 0.0 0
1747649623965 0.0 0
1747649623978 100.0 0
1747649623989 100.0 0
1747649624016 100.0 0
1747649624027 0.0 0
1747649624035 0.0 0
1747649624047 0.0 0
1747649624064 100.0 0
1747649624072 0.0 0
1747649624083 100.0 0
1747649624092 0.0 0
1747649624104 100.0 0
1747649624117 100.0 0
1747649624127 0.0 0
1747649624140 0.0 0
1747649624153 100.0 0
1747649624171 100.0 0
1747649624183 0.0 0
1747649624201 100.0 0
1747649625130 0.0 0
1747649625142 0.0 0
1747649625207 0.0 0
1747649625226 0.0 0
1747649625252 100.0 0
1747649625267 100.0 0
1747649625321 0.0 0
1747649625360 0.0 0
1747649625374 0.0 0
1747649625418 0.0 0
1747649625451 100.0 0
1747649625486 0.0 0
1747649625500 100.0 0
1747649625511 0.0 0
1747649625526 100.0 0
1747649625583 0.0 0
1747649625644 100.0 0
1747649625655 100.0 0
1747649625676 0.0 0
1747649625694 0.0 0
1747649625734 0.0 0
1747649625759 0.0 0
1747649625799 0.0 0
1747649625846 0.0 0
1747649625869 0.0 0
1747649625889 0.0 0
1747649625901 0.0 0
1747649625924 100.0 0
1747649625949 100.0 0
1747649625968 0.0 0
1747649625984 0.0 0
1747649626017 0.0 0
1747649626031 100.0 0
1747649626047 100.0 0
1747649626078 0.0 0
1747649626104 0.0 0
1747649626121 100.0 0
1747649626141 100.0 0
1747649626176 0.0 0
1747649626201 100.0 0
1747649626218 100.0 0
1747649626250 0.0 0
1747649626303 100.0 0
1747649626321 100.0 0
1747649626342 100.0 0
1747649626356 0.0 0
1747649626398 0.0 0
1747649626428 100.0 0
1747649626450 0.0 0
1747649626472 0.0 0
1747649626489 0.0 0
1747649626543 0.0 0
1747649626563 0.0 0
1747649626597 100.0 0
1747649626612 100.0 0
1747649626628 0.0 0
1747649626643 0.0 0
1747649626671 100.0 0
1747649626682 0.0 0
1747649626704 100.0 0
1747649626719 0.0 0
1747649626734 0.0 0
1747649626747 0.0 0
1747649626790 100.0 0
1747649626853 100.0 0
1747649626887 0.0 0
1747649626901 0.0 0
1747649626913 0.0 0
1747649626938 100.0 0
1747649626953 0.0 0
1747649626989 0.0 0
1747649627001 0.0 0
1747649627015 100.0 0
1747649627038 100.0 0
1747649627048 0.0 0
1747649627106 100.0 0
1747649627124 0.0 0
1747649627136 100.0 0
1747649627178 100.0 0
1747649627244 100.0 0
1747649627274 0.0 0
1747649627294 100.0 0
1747649627316 0.0 0
1747649627338 0.0 0
1747649627366 0.0 0
1747649627400 100.0 0
1747649627426 0.0 0
1747649627442 0.0 0
1747649627456 0.0 0
1747649627483 100.0 0
1747649627495 100.0 0
1747649627506 0.0 0
1747649627525 100.0 0
1747649627591 100.0 0
1747649627621 100.0 0
1747649627634 0.0 0
1747649627657 0.0 0
1747649627678 100.0 0
1747649627686 100.0 0
1747649627695 0.0 0
1747649627707 0.0 0
1747649627718 0.0 0
1747649627736 0.0 0
1747649627760 0.0 0
1747649627805 0.0 0
1747649627817 0.0 0
1747649627834 0.0 0
1747649627852 100.0 0
1747649627889 0.0 0
1747649627898 100.0 0
1747649627919 100.0 0
1747649627932 0.0 0
1747649627964 100.0 0
1747649627981 0.0 0
1747649628000 100.0 0
1747649628012 0.0 0
1747649628034 0.0 0
1747649628046 100.0 0
1747649628060 0.0 0
1747649628073 100.0 0
1747649628097 100.0 0
1747649628116 100.0 0
1747649628128 100.0 0
1747649628167 100.0 0
1747649628179 100.0 0
1747649628202 0.0 0
1747649628238 100.0 0
1747649628276 100.0 0
1747649628285 100.0 0
1747649628296 100.0 0
1747649628314 0.0 0
1747649628340 100.0 0
1747649628370 100.0 0
1747649628407 0.0 0
1747649628448 0.0 0
1747649628460 100.0 0
1747649628468 100.0 0
1747649628484 0.0 0
1747649628503 100.0 0
1747649628521 0.0 0
1747649628549 0.0 0
1747649628618 100.0 0
1747649628632 100.0 0
1747649628661 100.0 0
1747649628682 0.0 0
1747649628698 100.0 0
1747649628720 100.0 0
1747649628831 100.0 0
1747649628864 100.0 0
1747649628895 100.0 0
1747649628909 100.0 0
1747649628921 0.0 0
1747649628938 0.0 0
1747649628955 0.0 0
1747649628966 0.0 0
1747649628993 0.0 0
1747649629024 0.0 0
1747649629037 100.0 0
1747649629073 0.0 0
1747649629088 0.0 0
1747649629124 100.0 0
1747649629162 0.0 0
1747649629178 100.0 0
1747649629205 100.0 0
1747649629217 100.0 0
1747649629235 0.0 0
1747649629252 0.0 0
1747649629274 100.0 0
1747649629285 0.0 0
1747649629302 100.0 0
1747649629315 100.0 0
1747649629345 100.0 0
1747649629378 100.0 0
1747649629401 100.0 0
1747649629415 0.0 0
1747649629427 0.0 0
1747649629474 100.0 0
1747649629486 0.0 0
1747649629503 0.0 0
1747649629543 0.0 0
1747649629576 100.0 0
1747649629587 100.0 0
1747649629640 100.0 0
1747649629653 100.0 0
1747649629674 0.0 0
1747649629703 0.0 0
1747649629717 100.0 0
1747649629730 100.0 0
1747649629743 0.0 0
1747649629754 100.0 0
1747649629783 100.0 0
1747649629795 100.0 0
1747649629814 100.0 0
1747649629842 0.0 0
1747649629854 0.0 0
1747649629881 0.0 0
1747649629892 100.0 0
1747649629906 100.0 0
1747649629915 100.0 0
1747649629926 0.0 0
1747649629961 100.0 0
1747649629987 0.0 0
1747649630005 100.0 0
1747649630020 100.0 0
1747649630031 100.0 0
1747649630044 0.0 0
1747649630069 100.0 0
1747649630095 0.0 0
1747649630126 100.0 0
1747649630137 100.0 0
1747649630149 0.0 0
1747649630179 0.0 0
1747649630199 0.0 0
1747649630255 0.0 0
1747649630333 0.0 0
1747649630368 100.0 0
1747649630389 100.0 0
1747649630433 100.0 0
1747649630463 100.0 0
1747649630512 0.0 0
1747649630604 100.0 0
1747649630624 0.0 0
1747649630635 100.0 0
1747649630696 0.0 0
1747649630725 100.0 0
1747649630755 0.0 0
1747649630774 0.0 0
1747649630786 0.0 0
1747649630844 0.0 0
1747649630863 100.0 0
1747649630881 100.0 0
1747649630894 0.0 0
1747649630963 0.0 0
1747649630976 0.0 0
1747649630991 100.0 0
1747649631005 0.0 0
1747649631044 0.0 0
1747649631093 0.0 0
1747649631109 0.0 0
1747649631135 100.0 0
1747649631163 0.0 0
1747649631175 100.0 0
1747649631195 0.0 0
1747649631230 0.0 0
1747649631242 0.0 0
1747649631264 0.0 0
1747649631288 0.0 0
1747649631319 0.0 0
1747649631361 100.0 0
1747649631378 0.0 0
1747649631417 0.0 0
1747649631452 0.0 0
1747649631464 100.0 0
1747649631494 0.0 0
1747649631513 0.0 0
1747649631542 0.0 0
1747649631571 0.0 0
1747649631583 100.0 0
1747649631616 0.0 0
1747649631685 0.0 0
1747649631719 100.0 0
1747649631731 0.0 0
1747649631760 0.0 0
1747649631774 0.0 0
1747649631811 100.0 0
1747649631868 100.0 0
1747649631894 100.0 0
1747649631924 0.0 0
1747649631959 100.0 0
1747649631989 0.0 0
1747649632019 100.0 0
1747649632044 0.0 0
1747649632059 0.0 0
1747649632070 100.0 0
1747649632093 0.0 0
1747649632106 0.0 0
1747649632131 0.0 0
1747649632173 0.0 0
1747649632224 0.0 0
1747649632242 0.0 0
1747649632249 100.0 0
1747649632284 100.0 0
1747649632325 100.0 0
1747649632341 0.0 0
1747649632366 100.0 0
1747649632376 100.0 0
1747649632393 0.0 0
1747649632414 100.0 0
1747649632450 0.0 0
1747649632458 100.0 0
1747649632474 100.0 0
1747649632542 100.0 0
1747649632572 0.0 0
1747649632593 100.0 0
1747649632610 100.0 0
1747649632633 100.0 0
1747649632693 0.0 0
1747649632706 100.0 0
1747649632723 100.0 0
1747649632748 0.0 0
1747649632772 100.0 0
1747649632804 0.0 0
1747649632820 0.0 0
1747649632831 100.0 0
1747649632842 0.0 0
1747649632867 0.0 0
1747649632884 100.0 0
1747649632981 0.0 0
1747649633037 0.0 0
1747649633050 0.0 0
1747649633067 0.0 0
1747649633086 100.0 0
1747649633108 0.0 0
1747649633141 0.0 0
1747649633153 100.0 0
1747649633171 0.0 0
1747649633198 0.0 0
1747649633230 0.0 0
1747649633256 100.0 0
1747649633278 100.0 0
1747649633308 0.0 0
1747649633326 0.0 0
1747649633343 100.0 0
1747649633352 0.0 0
1747649633389 0.0 0
1747649633419 100.0 0
1747649633438 0.0 0
1747649633459 0.0 0
1747649633481 0.0 0
1747649633550 100.0 0
1747649633594 100.0 0
1747649633611 0.0 0
1747649633628 100.0 0
1747649633697 100.0 0
1747649633720 0.0 0
1747649633787 100.0 0
1747649633808 0.0 0
1747649633819 100.0 0
1747649633840 0.0 0
1747649633879 100.0 0
1747649633889 0.0 0
1747649633896 0.0 0
1747649633936 0.0 0
1747649633954 0.0 0
1747649633972 0.0 0
1747649634006 100.0 0
1747649634026 0.0 0
1747649634038 0.0 0
1747649634049 100.0 0
1747649634077 100.0 0
1747649634100 0.0 0
1747649634116 0.0 0
1747649634202 0.0 0
1747649634215 100.0 0
1747649634229 0.0 0
1747649634247 0.0 0
1747649634267 0.0 0
1747649634291 0.0 0
1747649634321 100.0 0
1747649634347 0.0 0
1747649634424 100.0 0
1747649634443 0.0 0
1747649634455 100.0 0
1747649634493 100.0 0
1747649634546 100.0 0
1747649634621 100.0 0
1747649634634 0.0 0
1747649634645 0.0 0
1747649634662 100.0 0
1747649634674 0.0 0
1747649634697 100.0 0
1747649634728 0.0 0
1747649634741 0.0 0
1747649634780 100.0 0
1747649634821 0.0 0
1747649634838 0.0 0
1747649634849 0.0 0
1747649634878 0.0 0
1747649634893 0.0 0
1747649634904 100.0 0
1747649634926 100.0 0
1747649634938 0.0 0
1747649634953 100.0 0
1747649635017 0.0 0
1747649635032 0.0 0
1747649635071 100.0 0
1747649635084 0.0 0
1747649635111 100.0 0
1747649635148 0.0 0
1747649635166 0.0 0
1747649635183 100.0 0
1747649635224 100.0 0
1747649635234 0.0 0
1747649635246 100.0 0
1747649635263 0.0 0
1747649635286 0.0 0
1747649635308 0.0 0
1747649635346 100.0 0
1747649635389 100.0 0
1747649635399 100.0 0
1747649635420 100.0 0
1747649635444 100.0 0
1747649635457 100.0 0
1747649635471 100.0 0
1747649635500 100.0 0
1747649635565 100.0 0
1747649635627 0.0 0
1747649635653 100.0 0
1747649635677 0.0 0
1747649635711 0.0 0
1747649635725 0.0 0
1747649635758 100.0 0
1747649635772 0.0 0
1747649635795 100.0 0
1747649635813 0.0 0
1747649635825 100.0 0
1747649635843 0.0 0
1747649635856 100.0 0
1747649635920 0.0 0
1747649635932 100.0 0
1747649635942 0.0 0
1747649635954 0.0 0
1747649635965 0.0 0
1747649636025 0.0 0
1747649636037 0.0 0
1747649636099 0.0 0
1747649636139 0.0 0
1747649636180 100.0 0
1747649636230 0.0 0
1747649636250 100.0 0
1747649636268 100.0 0
1747649636304 100.0 0
1747649636347 0.0 0
1747649636375 100.0 0
1747649636388 100.0 0
1747649636428 0.0 0
1747649636454 0.0 0
1747649636520 100.0 0
1747649636555 0.0 0
1747649636574 100.0 0
1747649636598 0.0 0
1747649636612 100.0 0
1747649636629 0.0 0
1747649636702 100.0 0
1747649636714 0.0 0
1747649636726 0.0 0
1747649636739 0.0 0
1747649636752 100.0 0
1747649636792 0.0 0
1747649636835 100.0 0
1747649636859 0.0 0
1747649636878 0.0 0
1747649636902 0.0 0
1747649636922 0.0 0
1747649636933 0.0 0
1747649636949 0.0 0
1747649637043 0.0 0
1747649637061 0.0 0
1747649637075 100.0 0
1747649637086 100.0 0
1747649637099 0.0 0
1747649637111 100.0 0
1747649637153 100.0 0
1747649637215 0.0 0
1747649637244 0.0 0
1747649637261 0.0 0
1747649637301 100.0 0
1747649637318 0.0 0
1747649637347 100.0 0
1747649637364 0.0 0
1747649637418 100.0 0
1747649637505 100.0 0
1747649637524 100.0 0
1747649637542 100.0 0
1747649637603 0.0 0
1747649637648 0.0 0
1747649637738 0.0 0
1747649637784 0.0 0
1747649637822 100.0 0
1747649637890 0.0 0
1747649637902 100.0 0
1747649637942 100.0 0
1747649637955 100.0 0
1747649637976 100.0 0
1747649637988 100.0 0
1747649638930 0.0 0
1747649638946 0.0 0
1747649639046 100.0 0
1747649639087 100.0 0
1747649639118 100.0 0
1747649639193 0.0 0
1747649639213 0.0 0
1747649639247 100.0 0
1747649639290 0.0 0
1747649639337 0.0 0
1747649639404 100.0 0
1747649639421 100.0 0
1747649639475 0.0 0
1747649639567 0.0 0
1747649639732 0.0 0
1747649639783 0.0 0
1747649640008 100.0 0
1747649640072 100.0 0
1747649640256 100.0 0
1747649640379 0.0 0
1747649640475 100.0 0
1747649640533 0.0 0
1747649640548 100.0 0
1747649640609 100.0 0
1747649640632 100.0 0
1747649640837 100.0 0
1747649640866 0.0 0
1747649640928 0.0 0
1747649640969 100.0 0
1747649640988 0.0 0
1747649641055 0.0 0
1747649641130 0.0 0
1747649641173 0.0 0
1747649641287 100.0 0
1747649641378 100.0 0
1747649641402 0.0 0
1747649641454 100.0 0
1747649641479 100.0 0
1747649641492 0.0 0
1747649641660 100.0 0
1747649641859 0.0 0
1747649641881 100.0 0
1747649641906 100.0 0
1747649641969 100.0 0
1747649642048 100.0 0
1747649642077 100.0 0
1747649642184 100.0 0
1747649642310 100.0 0
1747649642436 100.0 0
1747649642450 0.0 0
1747649642462 0.0 0
1747649642678 0.0 0
1747649642737 0.0 0
1747649642755 100.0 0
1747649642822 0.0 0
1747649642847 100.0 0
1747649642952 0.0 0
1747649643004 0.0 0
1747649643017 0.0 0
1747649643070 0.0 0
1747649643097 100.0 0
1747649643230 100.0 0
1747649643292 100.0 0
1747649643332 100.0 0
1747649643366 0.0 0
1747649643459 0.0 0
1747649643507 100.0 0
1747649643589 0.0 0
1747649643626 0.0 0
1747649643707 100.0 0
1747649643760 0.0 0
1747649643870 100.0 0
1747649643880 100.0 0
1747649643986 0.0 0
1747649644127 0.0 0
1747649644150 0.0 0
1747649644245 0.0 0
1747649644269 0.0 0
1747649644516 0.0 0
1747649644564 0.0 0
1747649644609 100.0 0
1747649644683 100.0 0
1747649644737 0.0 0
1747649644899 0.0 0
1747649645093 0.0 0
1747649645283 100.0 0
1747649645377 0.0 0
1747649645449 100.0 0
1747649645576 100.0 0
1747649645686 0.0 0
1747649645710 0.0 0
1747649645905 100.0 0
1747649645984 0.0 0
1747649646112 0.0 0
1747649646130 0.0 0
1747649646191 100.0 0
1747649646438 0.0 0
1747649646489 100.0 0
1747649646597 100.0 0
1747649646713 0.0 0
1747649646766 100.0 0
1747649646817 0.0 0
1747649646835 0.0 0
1747649646846 0.0 0
1747649646930 100.0 0
1747649646946 100.0 0
1747649646998 100.0 0
1747649647047 100.0 0
1747649647091 100.0 0
1747649647132 0.0 0
1747649647162 0.0 0
1747649647174 0.0 0
1747649647202 100.0 0
1747649647428 0.0 0
1747649647461 100.0 0
1747649647570 100.0 0
1747649647584 100.0 0
1747649647611 0.0 0
1747649647622 0.0 0
1747649647655 100.0 0
1747649647676 100.0 0
1747649647760 100.0 0
1747649647794 0.0 0
1747649647812 100.0 0
1747649647834 100.0 0
1747649647875 100.0 0
1747649647915 0.0 0
1747649647987 100.0 0
1747649648236 100.0 0
1747649648319 0.0 0
1747649648333 0.0 0
1747649648409 100.0 0
