1747647904010 3.6905547785547785 0
1747647904032 0.0 0
1747647904075 0.0 0
1747647904089 0.0 0
1747647904120 0.0 0
1747647904146 0.0 0
1747647904169 0.0 0
1747647904181 0.0 0
1747647904194 0.0 0
1747647904225 0.0 0
1747647904298 0.0 0
1747647904314 0.0 0
1747647904334 0.0 0
1747647904351 0.0 0
1747647904363 0.0 0
1747647904378 0.0 0
1747647904391 0.0 0
1747647904407 0.0 0
1747647904431 0.0 0
1747647904439 0.0 0
1747647904448 0.0 0
1747647904458 0.0 0
1747647904472 0.0 0
1747647904507 0.0 0
1747647904528 0.0 0
1747647904551 0.0 0
1747647904558 0.0 0
1747647904579 0.0 0
1747647904598 0.0 0
1747647904612 0.0 0
1747647904623 0.0 0
1747647904643 0.0 0
1747647904654 0.0 0
1747647904668 0.0 0
1747647904679 0.0 0
1747647904691 0.0 0
1747647904714 0.0 0
1747647904738 0.0 0
1747647904756 0.0 0
1747647904770 0.0 0
1747647904787 0.0 0
1747647904798 0.0 0
1747647904846 0.0 0
1747647904882 0.0 0
1747647904893 0.0 0
1747647904904 0.0 0
1747647904928 0.0 0
1747647904943 0.0 0
1747647904961 0.0 0
1747647904984 0.0 0
1747647904995 0.0 0
1747647905008 0.0 0
1747647905052 0.0 0
1747647905074 0.0 0
1747647905091 0.0 0
1747647905100 0.0 0
1747647905123 0.0 0
1747647905134 0.0 0
1747647905146 0.0 0
1747647905160 0.0 0
1747647905171 0.0 0
1747647905182 0.0 0
1747647905204 0.0 0
1747647905215 0.0 0
1747647905232 0.0 0
1747647905255 0.0 0
1747647905266 0.0 0
1747647905277 0.0 0
1747647905309 0.0 0
1747647905347 0.0 0
1747647905367 0.0 0
1747647905378 0.0 0
1747647905402 0.0 0
1747647905418 0.0 0
1747647905438 0.0 0
1747647905452 0.0 0
1747647905463 0.0 0
1747647905489 0.0 0
1747647905521 0.0 0
1747647905548 0.0 0
1747647905563 0.0 0
1747647905578 0.0 0
1747647905603 0.0 0
1747647905618 0.0 0
1747647905630 0.0 0
1747647905686 0.0 0
1747647905697 0.0 0
1747647905714 0.0 0
1747647905726 0.0 0
1747647905749 0.0 0
1747647905761 0.0 0
1747647905772 0.0 0
1747647905795 0.0 0
1747647905806 0.0 0
1747647905820 0.0 0
1747647905836 0.0 0
1747647905851 0.0 0
1747647905902 0.0 0
1747647905968 0.0 0
1747647905993 0.0 0
1747647906004 0.0 0
1747647906015 0.0 0
1747647906041 0.0 0
1747647906065 0.0 0
1747647906128 0.0 0
1747647906147 0.0 0
1747647906159 0.0 0
1747647906171 0.0 0
1747647906186 0.0 0
1747647906195 0.0 0
1747647906202 0.0 0
1747647906213 0.0 0
1747647906221 0.0 0
1747647906228 0.0 0
1747647906243 0.0 0
1747647906260 0.0 0
1747647906309 0.0 0
1747647906322 0.0 0
1747647906366 0.0 0
1747647906377 0.0 0
1747647906393 0.0 0
1747647906407 0.0 0
1747647906429 0.0 0
1747647906443 0.0 0
1747647906462 0.0 0
1747647906494 0.0 0
1747647906504 0.0 0
1747647906516 0.0 0
1747647906526 0.0 0
1747647906538 0.0 0
1747647906550 0.0 0
1747647906590 0.0 0
1747647906599 0.0 0
1747647906607 0.0 0
1747647906621 0.0 0
1747647906632 0.0 0
1747647906653 0.0 0
1747647906664 0.0 0
1747647906689 0.0 0
1747647906710 0.0 0
1747647906721 0.0 0
1747647906838 0.0 0
1747647906855 0.0 0
1747647906867 0.0 0
1747647906891 0.0 0
1747647906899 0.0 0
1747647906929 0.0 0
1747647906941 0.0 0
1747647906951 0.0 0
1747647907000 0.0 0
1747647907037 0.0 0
1747647907064 0.0 0
1747647907083 0.0 0
1747647907099 0.0 0
1747647907158 0.0 0
1747647907170 0.0 0
1747647907182 0.0 0
1747647907195 0.0 0
1747647907207 0.0 0
1747647907221 0.0 0
1747647907237 0.0 0
1747647907253 0.0 0
1747647907266 0.0 0
1747647907275 0.0 0
1747647907287 0.0 0
1747647907298 0.0 0
1747647907314 0.0 0
1747647907325 0.0 0
1747647907350 0.0 0
1747647907378 0.0 0
1747647907390 0.0 0
1747647907422 0.0 0
1747647907438 0.0 0
1747647907449 0.0 0
1747647907462 0.0 0
1747647907477 0.0 0
1747647907507 0.0 0
1747647907521 0.0 0
1747647907534 0.0 0
1747647907551 0.0 0
1747647907562 0.0 0
1747647907602 0.0 0
1747647907626 0.0 0
1747647907636 0.0 0
1747647907650 0.0 0
1747647907665 0.0 0
1747647907725 0.0 0
1747647907742 0.0 0
1747647907763 0.0 0
1747647907790 0.0 0
1747647907804 0.0 0
1747647907817 0.0 0
1747647907835 0.0 0
1747647907875 0.0 0
1747647907886 0.0 0
1747647907902 0.0 0
1747647907914 0.0 0
1747647907926 0.0 0
1747647907940 0.0 0
1747647907956 0.0 0
1747647907980 0.0 0
1747647908007 0.0 0
1747647908023 0.0 0
1747647908034 0.0 0
1747647908051 0.0 0
1747647908072 0.0 0
1747647908089 0.0 0
1747647908115 0.0 0
1747647908147 0.0 0
1747647908155 0.0 0
1747647908189 0.0 0
1747647908204 0.0 0
1747647908226 0.0 0
1747647908263 0.0 0
1747647908279 0.0 0
1747647908300 0.0 0
1747647908330 0.0 0
1747647908351 0.0 0
1747647908362 0.0 0
1747647908374 0.0 0
1747647908398 0.0 0
1747647908409 0.0 0
1747647908420 0.0 0
1747647908431 0.0 0
1747647908442 0.0 0
1747647908456 0.0 0
1747647908467 0.0 0
1747647908495 0.0 0
1747647908543 0.0 0
1747647908560 0.0 0
1747647908569 0.0 0
1747647908580 0.0 0
1747647908593 0.0 0
1747647908626 0.0 0
1747647908637 0.0 0
1747647908662 0.0 0
1747647908674 0.0 0
1747647908690 0.0 0
1747647908700 0.0 0
1747647908717 0.0 0
1747647908724 0.0 0
1747647908736 0.0 0
1747647908756 0.0 0
1747647908765 0.0 0
1747647908804 0.0 0
1747647908824 0.0 0
1747647908851 0.0 0
1747647908862 0.0 0
1747647908878 0.0 0
1747647908897 0.0 0
1747647908919 0.0 0
1747647908931 0.0 0
1747647908946 0.0 0
1747647908965 0.0 0
1747647909010 0.0 0
1747647909037 0.0 0
1747647909047 0.0 0
1747647909068 0.0 0
1747647909079 0.0 0
1747647909086 0.0 0
1747647909115 0.0 0
1747647909141 0.0 0
1747647909157 0.0 0
1747647909168 0.0 0
1747647909190 0.0 0
1747647909212 0.0 0
1747647909239 0.0 0
1747647909269 0.0 0
1747647909286 0.0 0
1747647909298 0.0 0
1747647909310 0.0 0
1747647909318 0.0 0
1747647909342 0.0 0
1747647909358 0.0 0
1747647909379 0.0 0
1747647909398 0.0 0
1747647909411 0.0 0
1747647909438 0.0 0
1747647909456 0.0 0
1747647909477 0.0 0
1747647909488 0.0 0
1747647909511 0.0 0
1747647909523 0.0 0
1747647909534 0.0 0
1747647909554 0.0 0
1747647909576 0.0 0
1747647909586 0.0 0
1747647909598 0.0 0
1747647909611 0.0 0
1747647909623 0.0 0
1747647909648 0.0 0
1747647909669 0.0 0
1747647909700 0.0 0
1747647909711 0.0 0
1747647909747 0.0 0
1747647909758 0.0 0
1747647909786 0.0 0
1747647909802 0.0 0
1747647909812 0.0 0
1747647909851 0.0 0
1747647909863 0.0 0
1747647909874 0.0 0
1747647909886 0.0 0
1747647909905 0.0 0
1747647909954 0.0 0
1747647909965 0.0 0
1747647909978 0.0 0
1747647910003 0.0 0
1747647910019 0.0 0
1747647910052 0.0 0
1747647910067 0.0 0
1747647910079 0.0 0
1747647910105 0.0 0
1747647910115 0.0 0
1747647910134 0.0 0
1747647910168 0.0 0
1747647910186 0.0 0
1747647910202 0.0 0
1747647910214 0.0 0
1747647910222 0.0 0
1747647910243 0.0 0
1747647910256 0.0 0
1747647910268 0.0 0
1747647910279 0.0 0
1747647910315 0.0 0
1747647910347 0.0 0
1747647910361 0.0 0
1747647910370 0.0 0
1747647910387 0.0 0
1747647910405 0.0 0
1747647910428 0.0 0
1747647910458 0.0 0
1747647910470 0.0 0
1747647910491 0.0 0
1747647910508 0.0 0
1747647910519 0.0 0
1747647910550 0.0 0
1747647910587 0.0 0
1747647910602 0.0 0
1747647910613 0.0 0
1747647910624 0.0 0
1747647910640 0.0 0
1747647910686 0.0 0
1747647910711 0.0 0
1747647910732 0.0 0
1747647910744 0.0 0
1747647910758 0.0 0
1747647910770 0.0 0
1747647910804 0.0 0
1747647910832 0.0 0
1747647910849 0.0 0
1747647910862 0.0 0
1747647910923 0.0 0
1747647910955 0.0 0
1747647910966 0.0 0
1747647910978 0.0 0
1747647910990 0.0 0
1747647911022 0.0 0
1747647911054 0.0 0
1747647911069 0.0 0
1747647911097 0.0 0
1747647911111 0.0 0
1747647911123 0.0 0
1747647911150 0.0 0
1747647911178 0.0 0
1747647911221 0.0 0
1747647911230 0.0 0
1747647911246 0.0 0
1747647911257 0.0 0
1747647911269 0.0 0
1747647911282 0.0 0
1747647911305 0.0 0
1747647911324 0.0 0
1747647911342 0.0 0
1747647911362 0.0 0
1747647911373 0.0 0
1747647911393 0.0 0
1747647911405 0.0 0
1747647911416 0.0 0
1747647911431 0.0 0
1747647911441 0.0 0
1747647911453 0.0 0
1747647911469 0.0 0
1747647911492 0.0 0
1747647911529 0.0 0
1747647911544 0.0 0
1747647911566 0.0 0
1747647911587 0.0 0
1747647911634 0.0 0
1747647911645 0.0 0
1747647911662 0.0 0
1747647911678 0.0 0
1747647911690 0.0 0
1747647911702 0.0 0
1747647911729 0.0 0
1747647911762 0.0 0
1747647911774 0.0 0
1747647911799 0.0 0
1747647911816 0.0 0
1747647911882 0.0 0
1747647911953 0.0 0
1747647911969 0.0 0
1747647911983 0.0 0
1747647911998 0.0 0
1747647912012 0.0 0
1747647912024 0.0 0
1747647912048 0.0 0
1747647912059 0.0 0
1747647912071 0.0 0
1747647912089 0.0 0
1747647912101 0.0 0
1747647912117 0.0 0
1747647912193 0.0 0
1747647912221 0.0 0
1747647912238 0.0 0
1747647912274 0.0 0
1747647912289 0.0 0
1747647912326 0.0 0
1747647912347 0.0 0
1747647912388 0.0 0
1747647912403 0.0 0
1747647912414 0.0 0
1747647912425 0.0 0
1747647912432 0.0 0
1747647912444 0.0 0
1747647912464 0.0 0
1747647912473 0.0 0
1747647912488 0.0 0
1747647912520 0.0 0
1747647912542 0.0 0
1747647912556 0.0 0
1747647912572 0.0 0
1747647912597 0.0 0
1747647912621 0.0 0
1747647913976 0.0 0
1747647913987 0.0 0
1747647914017 0.0 0
1747647914097 0.0 0
1747647914114 0.0 0
1747647914155 0.0 0
1747647914166 0.0 0
1747647914185 0.0 0
1747647914197 0.0 0
1747647914223 0.0 0
1747647914261 0.0 0
1747647914291 0.0 0
1747647914327 0.0 0
1747647914336 0.0 0
1747647914358 0.0 0
1747647914370 0.0 0
1747647914406 0.0 0
1747647914434 0.0 0
1747647914450 0.0 0
1747647914469 0.0 0
1747647914485 0.0 0
1747647914504 0.0 0
1747647914549 0.0 0
1747647914587 0.0 0
1747647914599 0.0 0
1747647914619 0.0 0
1747647914630 0.0 0
1747647914653 0.0 0
1747647914670 0.0 0
1747647914724 0.0 0
1747647914749 0.0 0
1747647914779 0.0 0
1747647914808 0.0 0
1747647914819 0.0 0
1747647914830 0.0 0
1747647914842 0.0 0
1747647914850 0.0 0
1747647914881 0.0 0
1747647914891 0.0 0
1747647914901 0.0 0
1747647914912 0.0 0
1747647914944 0.0 0
1747647914954 0.0 0
1747647914993 0.0 0
1747647915023 0.0 0
1747647915034 0.0 0
1747647915066 0.0 0
1747647915093 0.0 0
1747647915104 0.0 0
1747647915136 0.0 0
1747647915165 0.0 0
1747647915176 0.0 0
1747647915194 0.0 0
1747647915208 0.0 0
1747647915231 0.0 0
1747647915248 0.0 0
1747647915259 0.0 0
1747647915274 0.0 0
1747647915290 0.0 0
1747647915318 0.0 0
1747647915338 0.0 0
1747647915366 0.0 0
1747647915377 0.0 0
1747647915406 0.0 0
1747647915430 0.0 0
1747647915448 0.0 0
1747647915458 0.0 0
1747647915481 0.0 0
1747647915498 0.0 0
1747647915550 0.0 0
1747647915582 0.0 0
1747647915594 0.0 0
1747647915666 0.0 0
1747647915700 0.0 0
1747647915723 0.0 0
1747647915735 0.0 0
1747647915813 0.0 0
1747647915847 0.0 0
1747647915858 0.0 0
1747647915870 0.0 0
1747647915882 0.0 0
1747647915920 0.0 0
1747647915932 0.0 0
1747647915960 0.0 0
1747647915976 0.0 0
1747647915988 0.0 0
1747647915996 0.0 0
1747647916031 0.0 0
1747647916054 0.0 0
1747647916076 0.0 0
1747647916110 0.0 0
1747647916121 0.0 0
1747647916192 0.0 0
1747647916214 0.0 0
1747647916225 0.0 0
1747647916271 0.0 0
1747647916304 0.0 0
1747647916327 0.0 0
1747647916338 0.0 0
1747647916361 0.0 0
1747647916405 0.0 0
1747647916432 0.0 0
1747647916461 0.0 0
1747647916484 0.0 0
1747647916498 0.0 0
1747647916516 0.0 0
1747647916544 0.0 0
1747647916577 0.0 0
1747647916599 0.0 0
1747647916614 0.0 0
1747647916642 0.0 0
1747647916676 0.0 0
1747647916688 0.0 0
1747647916699 0.0 0
1747647916716 0.0 0
1747647916729 0.0 0
1747647916747 0.0 0
1747647916759 0.0 0
1747647916780 0.0 0
1747647916800 0.0 0
1747647916816 0.0 0
1747647916842 0.0 0
1747647916890 0.0 0
1747647916900 0.0 0
1747647916930 0.0 0
1747647916948 0.0 0
1747647916959 0.0 0
1747647916984 0.0 0
1747647917035 0.0 0
1747647917046 0.0 0
1747647917057 0.0 0
1747647917069 0.0 0
1747647917085 0.0 0
1747647917106 0.0 0
1747647917123 0.0 0
1747647917137 0.0 0
1747647917152 0.0 0
1747647917163 0.0 0
1747647917174 0.0 0
1747647917185 0.0 0
1747647917213 0.0 0
1747647917245 0.0 0
1747647917257 0.0 0
1747647917279 0.0 0
1747647917314 0.0 0
1747647917323 0.0 0
1747647917336 0.0 0
1747647917358 0.0 0
1747647917375 0.0 0
1747647917398 0.0 0
1747647917410 0.0 0
1747647917426 0.0 0
1747647917449 0.0 0
1747647917464 0.0 0
1747647917476 0.0 0
1747647917488 0.0 0
1747647917499 0.0 0
1747647917539 0.0 0
1747647917550 0.0 0
1747647917562 0.0 0
1747647917579 0.0 0
1747647917595 0.0 0
1747647917624 0.0 0
1747647917652 0.0 0
1747647917669 0.0 0
1747647917686 0.0 0
1747647917705 0.0 0
1747647917725 0.0 0
1747647917741 0.0 0
1747647917777 0.0 0
1747647917791 0.0 0
1747647917801 0.0 0
1747647917846 0.0 0
1747647917864 0.0 0
1747647917880 0.0 0
1747647917907 0.0 0
1747647917927 0.0 0
1747647917968 0.0 0
1747647918002 0.0 0
1747647918013 0.0 0
1747647918040 0.0 0
1747647918061 0.0 0
1747647918091 0.0 0
1747647918108 0.0 0
1747647918122 0.0 0
1747647918133 0.0 0
1747647918158 0.0 0
1747647918173 0.0 0
1747647918233 0.0 0
1747647918260 0.0 0
1747647918280 0.0 0
1747647918308 0.0 0
1747647918347 0.0 0
1747647918361 0.0 0
1747647918371 0.0 0
1747647918383 0.0 0
1747647918394 0.0 0
1747647918406 0.0 0
1747647918415 0.0 0
1747647918427 0.0 0
1747647918450 0.0 0
1747647918461 0.0 0
1747647918475 0.0 0
1747647918488 0.0 0
1747647918524 0.0 0
1747647918539 0.0 0
1747647918553 0.0 0
1747647918566 0.0 0
1747647918616 0.0 0
1747647918632 0.0 0
1747647918690 0.0 0
1747647918702 0.0 0
1747647918719 0.0 0
1747647918730 0.0 0
1747647918750 0.0 0
1747647918781 0.0 0
1747647918794 0.0 0
1747647918812 0.0 0
1747647918821 0.0 0
1747647918871 0.0 0
1747647918898 0.0 0
1747647918914 0.0 0
1747647918948 0.0 0
1747647918966 0.0 0
1747647918980 0.0 0
1747647919008 0.0 0
1747647919027 0.0 0
1747647919037 0.0 0
1747647919071 0.0 0
1747647919095 0.0 0
1747647919119 0.0 0
1747647919183 0.0 0
1747647919194 0.0 0
1747647919206 0.0 0
1747647919221 0.0 0
1747647919248 0.0 0
1747647919320 0.0 0
1747647919331 0.0 0
1747647919343 0.0 0
1747647919356 0.0 0
1747647919375 0.0 0
1747647919395 0.0 0
1747647919407 0.0 0
1747647919422 0.0 0
1747647919443 0.0 0
1747647919456 0.0 0
1747647919469 0.0 0
1747647919529 0.0 0
1747647919539 0.0 0
1747647919560 0.0 0
1747647919580 0.0 0
1747647919663 0.0 0
1747647919686 0.0 0
1747647919705 0.0 0
1747647919734 0.0 0
1747647919775 0.0 0
1747647919787 0.0 0
1747647919804 0.0 0
1747647919813 0.0 0
1747647919839 0.0 0
1747647919855 0.0 0
1747647919875 0.0 0
1747647919900 0.0 0
1747647919913 0.0 0
1747647919951 0.0 0
1747647919977 0.0 0
1747647919997 0.0 0
1747647920015 0.0 0
1747647920037 0.0 0
1747647920050 0.0 0
1747647920069 0.0 0
1747647920096 0.0 0
1747647920108 0.0 0
1747647920123 0.0 0
1747647920150 0.0 0
1747647920167 0.0 0
1747647920180 0.0 0
1747647920230 0.0 0
1747647920250 0.0 0
1747647920269 0.0 0
1747647920284 0.0 0
1747647920296 0.0 0
1747647920339 0.0 0
1747647920364 0.0 0
1747647920404 0.0 0
1747647920417 0.0 0
1747647920502 0.0 0
1747647920514 0.0 0
1747647920558 0.0 0
1747647920572 0.0 0
1747647920584 0.0 0
1747647920597 0.0 0
1747647920623 0.0 0
1747647920638 0.0 0
1747647920683 0.0 0
1747647920706 0.0 0
1747647920720 0.0 0
1747647920752 0.0 0
1747647920785 0.0 0
1747647920809 0.0 0
1747647920822 0.0 0
1747647920840 0.0 0
1747647920910 0.0 0
1747647920956 0.0 0
1747647920985 0.0 0
1747647920999 0.0 0
1747647921029 0.0 0
1747647921042 0.0 0
1747647921065 0.0 0
1747647921101 0.0 0
1747647921113 0.0 0
1747647921135 0.0 0
1747647921148 0.0 0
1747647921178 0.0 0
1747647921216 0.0 0
1747647921238 0.0 0
1747647921272 0.0 0
1747647921288 0.0 0
1747647921300 0.0 0
1747647921313 0.0 0
1747647921325 0.0 0
1747647921334 0.0 0
1747647921345 0.0 0
1747647921364 0.0 0
1747647921379 0.0 0
1747647921400 0.0 0
1747647921419 0.0 0
1747647921432 0.0 0
1747647921480 0.0 0
1747647921504 0.0 0
1747647921531 0.0 0
1747647921604 0.0 0
1747647921615 0.0 0
1747647921628 0.0 0
1747647921651 0.0 0
1747647921663 0.0 0
1747647921681 0.0 0
1747647921700 0.0 0
1747647921726 0.0 0
1747647921738 0.0 0
1747647921782 0.0 0
1747647921796 0.0 0
1747647921808 0.0 0
1747647921866 0.0 0
1747647921893 0.0 0
1747647921907 0.0 0
1747647921931 0.0 0
1747647921944 0.0 0
1747647921956 0.0 0
1747647921991 0.0 0
1747647922006 0.0 0
1747647922017 0.0 0
1747647922034 0.0 0
1747647922074 0.0 0
1747647922112 0.0 0
1747647922144 0.0 0
1747647922192 0.0 0
1747647922220 0.0 0
1747647922297 0.0 0
1747647922336 0.0 0
1747647922355 0.0 0
1747647922369 0.0 0
1747647922389 0.0 0
1747647922410 0.0 0
1747647922429 0.0 0
1747647922457 0.0 0
1747647922480 0.0 0
1747647922501 0.0 0
1747647922551 0.0 0
1747647922587 0.0 0
1747647922637 0.0 0
1747647922686 0.0 0
1747647922713 0.0 0
1747647922735 0.0 0
1747647922775 0.0 0
1747647922809 0.0 0
1747647922823 0.0 0
1747647922841 0.0 0
1747647922853 0.0 0
1747647922865 0.0 0
1747647922881 0.0 0
1747647922895 0.0 0
1747647922935 0.0 0
1747647922988 0.0 0
1747647923096 0.0 0
1747647923133 0.0 0
1747647923162 0.0 0
1747647923174 0.0 0
1747647923192 0.0 0
1747647923204 0.0 0
1747647923227 0.0 0
1747647923240 0.0 0
1747647923263 0.0 0
1747647923283 0.0 0
1747647923299 0.0 0
1747647923337 0.0 0
1747647923367 0.0 0
1747647923402 0.0 0
1747647923426 0.0 0
1747647923440 0.0 0
1747647923482 0.0 0
1747647923494 0.0 0
1747647923504 0.0 0
1747647923531 0.0 0
1747647923553 0.0 0
1747647923566 0.0 0
1747647923580 0.0 0
1747647923607 0.0 0
1747647923666 0.0 0
1747647923697 0.0 0
1747647923716 0.0 0
1747647923733 0.0 0
1747647923773 0.0 0
1747647923815 0.0 0
1747647923825 0.0 0
1747647923850 0.0 0
1747647923862 0.0 0
1747647923886 0.0 0
1747647923899 0.0 0
1747647923946 0.0 0
1747647923963 0.0 0
1747647923985 0.0 0
1747647924017 0.0 0
1747647924032 0.0 0
1747647924071 0.0 0
1747647924096 0.0 0
1747647924118 0.0 0
1747647924131 0.0 0
1747647924139 0.0 0
1747647924151 0.0 0
1747647924174 0.0 0
1747647924209 0.0 0
1747647924222 0.0 0
1747647924255 0.0 0
1747647924267 0.0 0
1747647924279 0.0 0
1747647924308 0.0 0
1747647924350 0.0 0
1747647924362 0.0 0
1747647924378 0.0 0
1747647924392 0.0 0
1747647924439 0.0 0
1747647924451 0.0 0
1747647924473 0.0 0
1747647924492 0.0 0
1747647924500 0.0 0
1747647924520 0.0 0
1747647924547 0.0 0
1747647924558 0.0 0
1747647924591 0.0 0
1747647924654 0.0 0
1747647924715 0.0 0
1747647924731 0.0 0
1747647924770 0.0 0
1747647924780 0.0 0
1747647924794 0.0 0
1747647924847 0.0 0
1747647924872 0.0 0
1747647924887 0.0 0
1747647924914 0.0 0
1747647924926 0.0 0
1747647924942 0.0 0
1747647924960 0.0 0
1747647924976 0.0 0
1747647925029 0.0 0
1747647925081 0.0 0
1747647925096 0.0 0
1747647925108 0.0 0
1747647925120 0.0 0
1747647925143 0.0 0
1747647925155 0.0 0
1747647925211 0.0 0
1747647925225 0.0 0
1747647925249 0.0 0
1747647925263 0.0 0
1747647925305 0.0 0
1747647925338 0.0 0
1747647925351 0.0 0
1747647925377 0.0 0
1747647925406 0.0 0
1747647925419 0.0 0
1747647925434 0.0 0
1747647925476 0.0 0
1747647925496 0.0 0
1747647925523 0.0 0
1747647925542 0.0 0
1747647925554 0.0 0
1747647925571 0.0 0
1747647925602 0.0 0
1747647925613 0.0 0
1747647925624 0.0 0
1747647925665 0.0 0
1747647925689 0.0 0
1747647925700 0.0 0
1747647925708 0.0 0
1747647925720 0.0 0
1747647925741 0.0 0
1747647925760 0.0 0
1747647925773 0.0 0
1747647925791 0.0 0
1747647925811 0.0 0
1747647925842 0.0 0
1747647925854 0.0 0
1747647925863 0.0 0
1747647925879 0.0 0
1747647925890 0.0 0
1747647925922 0.0 0
1747647925931 0.0 0
1747647925948 0.0 0
1747647926004 0.0 0
1747647926019 0.0 0
1747647926027 0.0 0
1747647926039 0.0 0
1747647926080 0.0 0
1747647926111 0.0 0
1747647926134 0.0 0
1747647926148 0.0 0
1747647926178 0.0 0
1747647926202 0.0 0
1747647926216 0.0 0
1747647926260 0.0 0
1747647926277 0.0 0
1747647926289 0.0 0
1747647926302 0.0 0
1747647926323 0.0 0
1747647926343 0.0 0
1747647926357 0.0 0
1747647926413 0.0 0
1747647926424 0.0 0
1747647926453 0.0 0
1747647926479 0.0 0
1747647926495 0.0 0
1747647926510 0.0 0
1747647926536 0.0 0
1747647926587 0.0 0
1747647926610 0.0 0
1747647926626 0.0 0
1747647926636 0.0 0
1747647926687 0.0 0
1747647926700 0.0 0
1747647926733 0.0 0
1747647926776 0.0 0
1747647926795 0.0 0
1747647926847 0.0 0
1747647926868 0.0 0
1747647926895 0.0 0
1747647926908 0.0 0
1747647926917 0.0 0
1747647926930 0.0 0
1747647926954 0.0 0
1747647926984 0.0 0
1747647927020 0.0 0
1747647927035 0.0 0
1747647927047 0.0 0
1747647927078 0.0 0
1747647927091 0.0 0
1747647927107 0.0 0
1747647927122 0.0 0
1747647927138 0.0 0
1747647927158 0.0 0
1747647927168 0.0 0
1747647927188 0.0 0
1747647927200 0.0 0
1747647927211 0.0 0
1747647927226 0.0 0
1747647927244 0.0 0
1747647927259 0.0 0
1747647927270 0.0 0
1747647927325 0.0 0
1747647927340 0.0 0
1747647927369 0.0 0
1747647927388 0.0 0
1747647927399 0.0 0
1747647927410 0.0 0
1747647927426 0.0 0
1747647927449 0.0 0
1747647927461 0.0 0
1747647927475 0.0 0
1747647927487 0.0 0
1747647927515 0.0 0
1747647927547 0.0 0
1747647927579 0.0 0
1747647927590 0.0 0
1747647927629 0.0 0
1747647927646 0.0 0
1747647927657 0.0 0
1747647927695 0.0 0
1747647927745 0.0 0
1747647927758 0.0 0
1747647927789 0.0 0
1747647927818 0.0 0
1747647927848 0.0 0
1747647927881 0.0 0
1747647927895 0.0 0
1747647927910 0.0 0
1747647927941 0.0 0
1747647927967 0.0 0
1747647927977 0.0 0
1747647927986 0.0 0
1747647927995 0.0 0
1747647928009 0.0 0
1747647928021 0.0 0
1747647928036 0.0 0
1747647928051 0.0 0
1747647929103 0.0 0
1747647929121 0.0 0
1747647929185 0.0 0
1747647929203 0.0 0
1747647929231 0.0 0
1747647929310 0.0 0
1747647929322 0.0 0
1747647929350 0.0 0
1747647929378 0.0 0
1747647929409 0.0 0
1747647929435 0.0 0
1747647929457 0.0 0
1747647929477 0.0 0
1747647929527 0.0 0
1747647929558 0.0 0
1747647929616 0.0 0
1747647929641 0.0 0
1747647929710 0.0 0
1747647929769 0.0 0
1747647929795 0.0 0
1747647929838 0.0 0
1747647929875 0.0 0
1747647929896 0.0 0
1747647929918 0.0 0
1747647929937 0.0 0
1747647929956 0.0 0
1747647929990 0.0 0
1747647930034 0.0 0
1747647930060 0.0 0
1747647930071 0.0 0
1747647930105 0.0 0
1747647930134 0.0 0
1747647930174 0.0 0
1747647930189 0.0 0
1747647930203 0.0 0
1747647930243 0.0 0
1747647930254 0.0 0
1747647930269 0.0 0
1747647930311 0.0 0
1747647930330 0.0 0
1747647930380 0.0 0
1747647930403 0.0 0
1747647930417 0.0 0
1747647930428 0.0 0
1747647930438 0.0 0
1747647930480 0.0 0
1747647930510 0.0 0
1747647930534 0.0 0
1747647930567 0.0 0
1747647930590 0.0 0
1747647930613 0.0 0
1747647930664 0.0 0
1747647930693 0.0 0
1747647930709 0.0 0
1747647930722 0.0 0
1747647930735 0.0 0
1747647930758 0.0 0
1747647930771 0.0 0
1747647930780 0.0 0
1747647930803 0.0 0
1747647930815 0.0 0
1747647930825 0.0 0
1747647930835 0.0 0
1747647930901 0.0 0
1747647930949 0.0 0
1747647930983 0.0 0
1747647931019 0.0 0
1747647931043 0.0 0
1747647931061 0.0 0
1747647931100 0.0 0
1747647931113 0.0 0
1747647931149 0.0 0
1747647931171 0.0 0
1747647931185 0.0 0
1747647931239 0.0 0
1747647931271 0.0 0
1747647931287 0.0 0
1747647931319 0.0 0
1747647931397 0.0 0
1747647931438 0.0 0
1747647931466 0.0 0
1747647931483 0.0 0
1747647931518 0.0 0
1747647931582 0.0 0
1747647931614 0.0 0
1747647931645 0.0 0
1747647931663 0.0 0
1747647931688 0.0 0
1747647931701 0.0 0
1747647931715 0.0 0
1747647931762 0.0 0
1747647931783 0.0 0
1747647931800 0.0 0
1747647931817 0.0 0
1747647931843 0.0 0
1747647931857 0.0 0
1747647931873 0.0 0
1747647931894 0.0 0
1747647931924 0.0 0
1747647931958 0.0 0
1747647931976 0.0 0
1747647931990 0.0 0
1747647932030 0.0 0
1747647932046 0.0 0
1747647932069 0.0 0
1747647932080 0.0 0
1747647932094 0.0 0
1747647932106 0.0 0
1747647932144 0.0 0
1747647932161 0.0 0
1747647932197 0.0 0
1747647932214 0.0 0
1747647932243 0.0 0
1747647932263 0.0 0
1747647932283 0.0 0
1747647932305 0.0 0
1747647932337 0.0 0
1747647932351 0.0 0
1747647932412 0.0 0
1747647932445 0.0 0
1747647932457 0.0 0
1747647932484 0.0 0
1747647932518 0.0 0
1747647932538 0.0 0
1747647932558 0.0 0
1747647932578 0.0 0
1747647932617 0.0 0
1747647932718 0.0 0
1747647932746 0.0 0
1747647932767 0.0 0
1747647932815 0.0 0
1747647932827 0.0 0
1747647932845 0.0 0
1747647932892 0.0 0
1747647932901 0.0 0
1747647932929 0.0 0
1747647932958 0.0 0
1747647932968 0.0 0
1747647933048 0.0 0
1747647933063 0.0 0
1747647933108 0.0 0
1747647933144 0.0 0
1747647933159 0.0 0
1747647933176 0.0 0
1747647933190 0.0 0
1747647933201 0.0 0
1747647933213 0.0 0
1747647933239 0.0 0
1747647933251 0.0 0
1747647933272 0.0 0
1747647933395 0.0 0
1747647933449 0.0 0
1747647933469 0.0 0
1747647933496 0.0 0
1747647933514 0.0 0
1747647933523 0.0 0
1747647933547 0.0 0
1747647933566 0.0 0
1747647933635 0.0 0
1747647933672 0.0 0
1747647933704 0.0 0
1747647933810 0.0 0
1747647933874 0.0 0
1747647933888 0.0 0
1747647933919 0.0 0
1747647933937 0.0 0
1747647933949 0.0 0
1747647933977 0.0 0
1747647933990 0.0 0
1747647934004 0.0 0
1747647934017 0.0 0
1747647934030 0.0 0
1747647934069 0.0 0
1747647934078 0.0 0
1747647934100 0.0 0
1747647934124 0.0 0
1747647934159 0.0 0
1747647934177 0.0 0
1747647934189 0.0 0
1747647934211 0.0 0
1747647934222 0.0 0
1747647934271 0.0 0
1747647934300 0.0 0
1747647934331 0.0 0
1747647934345 0.0 0
1747647934359 0.0 0
1747647934370 0.0 0
1747647934381 0.0 0
1747647934403 0.0 0
1747647934472 0.0 0
1747647934504 0.0 0
1747647934530 0.0 0
1747647934544 0.0 0
1747647934594 0.0 0
1747647934607 0.0 0
1747647934626 0.0 0
1747647934685 0.0 0
1747647934713 0.0 0
1747647934755 0.0 0
1747647934771 0.0 0
1747647934801 0.0 0
1747647934835 0.0 0
1747647934848 0.0 0
1747647934866 0.0 0
1747647934877 0.0 0
1747647934889 0.0 0
1747647934925 0.0 0
1747647934983 0.0 0
1747647934995 0.0 0
1747647935010 0.0 0
1747647935042 0.0 0
1747647935063 0.0 0
1747647935087 0.0 0
1747647935102 0.0 0
1747647935111 0.0 0
1747647935168 0.0 0
1747647935179 0.0 0
1747647935201 0.0 0
1747647935240 0.0 0
1747647935289 0.0 0
1747647935305 0.0 0
1747647935339 0.0 0
1747647935355 0.0 0
1747647935367 0.0 0
1747647935425 0.0 0
1747647935448 0.0 0
1747647935465 0.0 0
1747647935484 0.0 0
1747647935585 0.0 0
1747647935601 0.0 0
1747647935635 0.0 0
1747647935645 0.0 0
1747647935670 0.0 0
1747647935720 0.0 0
1747647935776 0.0 0
1747647935806 0.0 0
1747647935843 0.0 0
1747647935870 0.0 0
1747647935891 0.0 0
1747647935904 0.0 0
1747647935926 0.0 0
1747647935940 0.0 0
1747647935951 0.0 0
1747647935959 0.0 0
1747647935992 0.0 0
1747647936003 0.0 0
1747647936049 0.0 0
1747647936067 0.0 0
1747647936086 0.0 0
1747647936110 0.0 0
1747647936141 0.0 0
1747647936201 0.0 0
1747647936218 0.0 0
1747647936240 0.0 0
1747647936251 0.0 0
1747647936268 0.0 0
1747647936280 0.0 0
1747647936318 0.0 0
1747647936331 0.0 0
1747647936359 0.0 0
1747647936370 0.0 0
1747647936382 0.0 0
1747647936420 0.0 0
1747647936427 0.0 0
1747647936444 0.0 0
1747647936468 0.0 0
1747647936480 0.0 0
1747647936509 0.0 0
1747647936592 0.0 0
1747647936604 0.0 0
1747647936624 0.0 0
1747647936671 0.0 0
1747647936696 0.0 0
1747647936737 0.0 0
1747647936757 0.0 0
1747647936777 0.0 0
1747647936809 0.0 0
1747647936848 0.0 0
1747647936864 0.0 0
1747647936891 0.0 0
1747647936928 0.0 0
1747647936972 0.0 0
1747647936984 0.0 0
1747647937014 0.0 0
1747647937028 0.0 0
1747647937049 0.0 0
1747647937129 0.0 0
1747647937203 0.0 0
1747647937215 0.0 0
1747647937241 0.0 0
1747647937267 0.0 0
1747647937284 0.0 0
1747647937296 0.0 0
1747647937311 0.0 0
1747647937323 0.0 0
1747647937346 0.0 0
1747647937366 0.0 0
1747647937399 0.0 0
1747647937434 0.0 0
1747647937443 0.0 0
1747647937463 0.0 0
1747647937490 0.0 0
1747647937538 0.0 0
1747647937619 0.0 0
1747647937650 0.0 0
1747647937682 0.0 0
1747647937698 0.0 0
1747647937740 0.0 0
1747647937754 0.0 0
1747647937819 0.0 0
1747647937838 0.0 0
1747647937856 0.0 0
1747647937871 0.0 0
1747647937949 0.0 0
1747647937977 0.0 0
1747647937999 0.0 0
1747647938017 0.0 0
1747647938048 0.0 0
1747647938062 0.0 0
1747647938074 0.0 0
1747647938087 0.0 0
1747647938112 0.0 0
1747647938145 0.0 0
1747647938263 0.0 0
1747647938280 0.0 0
1747647938308 0.0 0
1747647938341 0.0 0
1747647938442 0.0 0
1747647938453 0.0 0
1747647938472 0.0 0
1747647938484 0.0 0
1747647938529 0.0 0
1747647938615 0.0 0
1747647938630 0.0 0
1747647938647 0.0 0
1747647938679 0.0 0
1747647938713 0.0 0
1747647938727 0.0 0
1747647938739 0.0 0
1747647938764 0.0 0
1747647938856 0.0 0
1747647938894 0.0 0
1747647938906 0.0 0
1747647938920 0.0 0
1747647938969 0.0 0
1747647938987 0.0 0
1747647939052 0.0 0
1747647939085 0.0 0
1747647939120 0.0 0
1747647939131 0.0 0
1747647939142 0.0 0
1747647939154 0.0 0
1747647939167 0.0 0
1747647939215 0.0 0
1747647939227 0.0 0
1747647939249 0.0 0
1747647939261 0.0 0
1747647939315 0.0 0
1747647939335 0.0 0
1747647939347 0.0 0
1747647939396 0.0 0
1747647939407 0.0 0
1747647939447 0.0 0
1747647939460 0.0 0
1747647939478 0.0 0
1747647939497 0.0 0
1747647939506 0.0 0
1747647939577 0.0 0
1747647939627 0.0 0
1747647939639 0.0 0
1747647939709 0.0 0
1747647939721 0.0 0
1747647939732 0.0 0
1747647939747 0.0 0
1747647939805 0.0 0
1747647939817 0.0 0
1747647939860 0.0 0
1747647939903 0.0 0
1747647939915 0.0 0
1747647939940 0.0 0
1747647939958 0.0 0
1747647939969 0.0 0
1747647939981 0.0 0
1747647940041 0.0 0
1747647940055 0.0 0
1747647940070 0.0 0
1747647940136 0.0 0
1747647940234 0.0 0
1747647940278 0.0 0
1747647940313 0.0 0
1747647940337 0.0 0
1747647940358 0.0 0
1747647940376 0.0 0
1747647940427 0.0 0
1747647940455 0.0 0
1747647940464 0.0 0
1747647940472 0.0 0
1747647940506 0.0 0
1747647940537 0.0 0
1747647940548 0.0 0
1747647940604 0.0 0
1747647940630 0.0 0
1747647940660 0.0 0
1747647940680 0.0 0
1747647940715 0.0 0
1747647940727 0.0 0
1747647940752 0.0 0
1747647940794 0.0 0
1747647940807 0.0 0
1747647940828 0.0 0
1747647940845 0.0 0
1747647940903 0.0 0
1747647940923 0.0 0
1747647940934 0.0 0
1747647940946 0.0 0
1747647940985 0.0 0
1747647940997 0.0 0
1747647941065 0.0 0
1747647941099 0.0 0
1747647941110 0.0 0
1747647941121 0.0 0
1747647941133 0.0 0
1747647941148 0.0 0
1747647941159 0.0 0
1747647941196 0.0 0
1747647941209 0.0 0
1747647941221 0.0 0
1747647941257 0.0 0
1747647941267 0.0 0
1747647941279 0.0 0
1747647941293 0.0 0
1747647941307 0.0 0
1747647941341 0.0 0
1747647941380 0.0 0
1747647941456 0.0 0
1747647941489 0.0 0
1747647941533 0.0 0
1747647941545 0.0 0
1747647941582 0.0 0
1747647941613 0.0 0
1747647941655 0.0 0
1747647941673 0.0 0
1747647941725 0.0 0
1747647941737 0.0 0
1747647941785 0.0 0
1747647941858 0.0 0
1747647941869 0.0 0
1747647941911 0.0 0
1747647941943 0.0 0
1747647941978 0.0 0
1747647942001 0.0 0
1747647942013 0.0 0
1747647943139 0.0 0
1747647943198 0.0 0
1747647943213 0.0 0
1747647943224 0.0 0
1747647943325 0.0 0
1747647943337 0.0 0
1747647943428 0.0 0
1747647943457 0.0 0
1747647943475 0.0 0
1747647943500 0.0 0
1747647943514 0.0 0
1747647943561 0.0 0
1747647943608 0.0 0
1747647943649 0.0 0
1747647943660 0.0 0
1747647943713 0.0 0
1747647943724 0.0 0
1747647943768 0.0 0
1747647943779 0.0 0
1747647943791 0.0 0
1747647943815 0.0 0
1747647943857 0.0 0
1747647943903 0.0 0
1747647943954 0.0 0
1747647943982 0.0 0
1747647944056 0.0 0
1747647944107 0.0 0
1747647944206 0.0 0
1747647944250 0.0 0
1747647944266 0.0 0
1747647944289 0.0 0
1747647944345 0.0 0
1747647944492 0.0 0
1747647944503 0.0 0
1747647944531 0.0 0
1747647944586 0.0 0
1747647944605 0.0 0
1747647944655 0.0 0
1747647944681 0.0 0
1747647944724 0.0 0
1747647944735 0.0 0
1747647944796 0.0 0
1747647944871 0.0 0
1747647944884 0.0 0
1747647944899 0.0 0
1747647944915 0.0 0
1747647944926 0.0 0
1747647944941 0.0 0
1747647944963 0.0 0
1747647945115 0.0 0
1747647945180 0.0 0
1747647945266 0.0 0
1747647945303 0.0 0
1747647945327 0.0 0
1747647945358 0.0 0
1747647945369 0.0 0
1747647945377 0.0 0
1747647945410 0.0 0
1747647945428 0.0 0
1747647945500 0.0 0
1747647945538 0.0 0
1747647945552 0.0 0
1747647945563 0.0 0
1747647945596 0.0 0
1747647945642 0.0 0
1747647945689 0.0 0
1747647945717 0.0 0
1747647945760 0.0 0
1747647945810 0.0 0
1747647945855 0.0 0
1747647945868 0.0 0
1747647945913 0.0 0
1747647945937 0.0 0
1747647945999 0.0 0
1747647946028 0.0 0
1747647946052 0.0 0
1747647946072 0.0 0
1747647946102 0.0 0
1747647946167 0.0 0
1747647946268 0.0 0
1747647946289 0.0 0
1747647946300 0.0 0
1747647946307 0.0 0
1747647946373 0.0 0
1747647946459 0.0 0
1747647946471 0.0 0
1747647946512 0.0 0
1747647946533 0.0 0
1747647946557 0.0 0
1747647946612 0.0 0
1747647946687 0.0 0
1747647946704 0.0 0
1747647946758 0.0 0
1747647946802 0.0 0
1747647946857 0.0 0
1747647946888 0.0 0
1747647946915 0.0 0
1747647946948 0.0 0
1747647946983 0.0 0
1747647946994 0.0 0
1747647947003 0.0 0
1747647947064 0.0 0
1747647947174 0.0 0
1747647947186 0.0 0
1747647947212 0.0 0
1747647947224 0.0 0
1747647947318 0.0 0
1747647947331 0.0 0
1747647947343 0.0 0
1747647947369 0.0 0
1747647947380 0.0 0
1747647947407 0.0 0
1747647947419 0.0 0
1747647947441 0.0 0
1747647947480 0.0 0
1747647947573 0.0 0
1747647947595 0.0 0
1747647947606 0.0 0
1747647947641 0.0 0
1747647947666 0.0 0
1747647947712 0.0 0
1747647947804 0.0 0
1747647947816 0.0 0
1747647947827 0.0 0
1747647947849 0.0 0
1747647947899 0.0 0
1747647947911 0.0 0
1747647947968 0.0 0
1747647947987 0.0 0
1747647948002 0.0 0
1747647948034 0.0 0
1747647948088 0.0 0
1747647948100 0.0 0
1747647948136 0.0 0
1747647948148 0.0 0
1747647948157 0.0 0
1747647948180 0.0 0
1747647948191 0.0 0
1747647948221 0.0 0
1747647948235 0.0 0
1747647948338 0.0 0
1747647948440 0.0 0
1747647948452 0.0 0
1747647948501 0.0 0
1747647948521 0.0 0
1747647948539 0.0 0
1747647948594 0.0 0
1747647948611 0.0 0
1747647948649 0.0 0
1747647948678 0.0 0
1747647948729 0.0 0
1747647948756 0.0 0
1747647948766 0.0 0
1747647948803 0.0 0
1747647948810 0.0 0
1747647948871 0.0 0
1747647948905 0.0 0
1747647948947 0.0 0
1747647948991 0.0 0
1747647949087 0.0 0
1747647949110 0.0 0
1747647949147 0.0 0
1747647949176 0.0 0
1747647949206 0.0 0
1747647949222 0.0 0
1747647949238 0.0 0
1747647949250 0.0 0
1747647949261 0.0 0
1747647949316 0.0 0
1747647949428 0.0 0
1747647949452 0.0 0
1747647949483 0.0 0
1747647949493 0.0 0
1747647949555 0.0 0
1747647949624 0.0 0
1747647949636 0.0 0
1747647949723 0.0 0
1747647949753 0.0 0
1747647949768 0.0 0
1747647949805 0.0 0
1747647949828 0.0 0
1747647949840 0.0 0
1747647949870 0.0 0
1747647949882 0.0 0
1747647950094 0.0 0
1747647950160 0.0 0
1747647950192 0.0 0
1747647950208 0.0 0
1747647950254 0.0 0
1747647950289 0.0 0
1747647950329 0.0 0
1747647950360 0.0 0
1747647950383 0.0 0
1747647950404 0.0 0
1747647950436 0.0 0
1747647950529 0.0 0
1747647950553 0.0 0
1747647950647 0.0 0
1747647950664 0.0 0
1747647950744 0.0 0
1747647950818 0.0 0
1747647950861 0.0 0
1747647950900 0.0 0
1747647950977 0.0 0
1747647951014 0.0 0
1747647951069 0.0 0
1747647951080 0.0 0
1747647951089 0.0 0
