1747647904007 -0.001872445261210183 0
1747647904030 0.0 0
1747647904072 -0.23467660860200965 0
1747647904087 -0.0001945819517964823 0
1747647904117 -0.0091436056762728 0
1747647904144 0.0 0
1747647904166 0.0009742367411872409 0
1747647904179 -0.0035516951506482934 0
1747647904192 -0.003372364541144089 0
1747647904223 -0.0309299291337563 0
1747647904295 -0.02664895500259031 0
1747647904312 -0.003135886292514683 0
1747647904331 -0.04006328988909539 0
1747647904349 -0.002875092864807608 0
1747647904361 0.005856125460812509 0
1747647904376 0.003127307131828284 0
1747647904389 0.019093650835172594 0
1747647904405 -0.0047443315773878034 0
1747647904429 0.008668659694116728 0
1747647904437 0.0021810620720234208 0
1747647904446 0.013256315754287706 0
1747647904456 0.0019250419533079028 0
1747647904470 -0.000994419920082607 0
1747647904504 -0.011267835993953928 0
1747647904525 0.001737158086689907 0
1747647904548 -0.004216301612068865 0
1747647904556 -0.008311340103959218 0
1747647904576 -0.00213118610531151 0
1747647904596 0.003452338070229919 0
1747647904610 0.005143443479313867 0
1747647904621 0.005761839128549569 0
1747647904641 -0.0035540333049324884 0
1747647904652 -0.011331650327431966 0
1747647904666 -0.0032255166963403798 0
1747647904677 -0.019791066509204966 0
1747647904688 0.011352666411630595 0
1747647904712 -0.010808641449628686 0
1747647904736 0.07355571766548315 0
1747647904753 -0.011057637361121114 0
1747647904768 -0.007468023756066722 0
1747647904785 -0.006942296344991679 0
1747647904796 -0.01180611726989136 0
1747647904843 -0.03242093142965377 0
1747647904880 0.0018284422292918073 0
1747647904891 -0.006569340641856673 0
1747647904902 -0.002486187498146083 0
1747647904926 -0.008254781835765524 0
1747647904941 0.011207963056810067 0
1747647904959 -0.018622143538040387 0
1747647904981 -0.011070726532842459 0
1747647904993 -0.009766681404744283 0
1747647905006 -0.0016228325801476463 0
1747647905050 -0.015560596936862995 0
1747647905072 0.1256016025075538 0
1747647905089 0.010119936195348265 0
1747647905097 0.018922117392740936 0
1747647905121 0.006855036003668754 0
1747647905133 -0.0019835922608883966 0
1747647905144 0.0015006667522916332 0
1747647905158 0.0 0
1747647905169 0.00213118610531151 0
1747647905180 -0.017730087173347397 0
1747647905201 -0.2394983042420447 0
1747647905213 -0.002349613578227309 0
1747647905230 0.004815803717406227 0
1747647905252 0.026310813561356474 0
1747647905264 0.047286655426903655 0
1747647905275 0.009753447669798326 0
1747647905306 0.01538266267291388 0
1747647905345 0.00888285454932458 0
1747647905365 -0.021320036941013292 0
1747647905376 -0.04518224765111228 0
1747647905400 0.0020361988833288566 0
1747647905416 0.00018655940999533365 0
1747647905435 0.0 0
1747647905450 -0.04235688740497058 0
1747647905461 -0.05465750513450112 0
1747647905486 0.0016312472643616063 0
1747647905519 0.0 0
1747647905545 0.004630471975666925 0
1747647905561 -0.0034125368269955704 0
1747647905576 -0.001097560637320826 0
1747647905600 0.0 0
1747647905616 -0.015340032211316475 0
1747647905628 -0.04891657023968757 0
1747647905684 -0.6440352039188808 0
1747647905695 -0.036930077000497 0
1747647905712 0.0001945819517964823 0
1747647905724 -0.044839776991013214 0
1747647905747 -0.009384772003052015 0
1747647905759 0.007833382679761445 0
1747647905770 -0.00478914138511638 0
1747647905793 -0.03536344179724559 0
1747647905804 0.00255077879576628 0
1747647905818 -0.02770977499536352 0
1747647905833 -0.011698435083793745 0
1747647905849 -0.018108633493925146 0
1747647905899 0.11803270863875445 0
1747647905965 0.01632708867850408 0
1747647905991 -0.011230910821252693 0
1747647906002 -0.006532776912229672 0
1747647906013 -0.0370544586724455 0
1747647906039 -0.015761793459747462 0
1747647906063 0.023659503070005257 0
1747647906126 0.03156414319619956 0
1747647906145 -0.039392366174062436 0
1747647906157 -0.015308712811327363 0
1747647906169 0.006651063331709843 0
1747647906184 0.03875915510941143 0
1747647906193 0.1496233512191833 0
1747647906200 -0.010042898873404121 0
1747647906211 -0.024133787746861566 0
1747647906219 -0.019439632403962372 0
1747647906226 0.0005201259101020357 0
1747647906241 0.006017334931199598 0
1747647906258 0.0017049488842494555 0
1747647906307 0.023407171916768055 0
1747647906320 -0.008558641922835543 0
1747647906364 0.005227583354932075 0
1747647906375 -0.008446557543342097 0
1747647906391 0.01996302209716336 0
1747647906405 -0.005878044061458307 0
1747647906426 0.06322804453465397 0
1747647906441 0.001167264582156782 0
1747647906460 -0.013005776546741918 0
1747647906492 0.00651125137355746 0
1747647906502 0.006655707999741847 0
1747647906513 -0.004605933404891483 0
1747647906524 0.05676497589679202 0
1747647906535 -0.08364359184590255 0
1747647906548 0.0028450970745327138 0
1747647906587 -0.030710885759546468 0
1747647906597 0.0012223274359223631 0
1747647906605 0.006537299854124757 0
1747647906619 0.0028213157203065267 0
1747647906630 0.029720782012605616 0
1747647906651 -0.008425648105024249 0
1747647906661 5.095813259772928 0
1747647906687 0.0 0
1747647906708 -0.00020278945888906386 0
1747647906719 0.006592626811808407 0
1747647906836 0.13183222767817845 0
1747647906853 0.01401707020920577 0
1747647906865 0.010861073692031523 0
1747647906889 0.03644995571213321 0
1747647906897 0.012505522439672952 0
1747647906927 -0.004094423982803106 0
1747647906939 0.004397390516637712 0
1747647906948 0.0038277955035838644 0
1747647906998 -0.006655707999741847 0
1747647907035 -0.0031116736355406033 0
1747647907061 0.02533013032296124 0
1747647907081 -0.0005073279998747025 0
1747647907097 0.0030446538978304238 0
1747647907156 -0.0003816631625206734 0
1747647907168 -0.01084460486945335 0
1747647907180 0.004511559445770259 0
1747647907193 0.04077752029795255 0
1747647907205 -0.00978234804359306 0
1747647907219 -0.005699664889792844 0
1747647907235 -0.0028966600607709743 0
1747647907251 0.02118892678742049 0
1747647907264 0.006871098774412028 0
1747647907272 -0.014932301866240087 0
1747647907284 0.003136140245730835 0
1747647907295 -0.0019172304517653773 0
1747647907312 -0.0005514582232046429 0
1747647907323 -0.0764871425989422 0
1747647907347 0.014136121913351446 0
1747647907376 0.006775639562331464 0
1747647907388 0.002585277338022956 0
1747647907420 0.07493748896043625 0
1747647907436 -0.011506004975688046 0
1747647907447 -0.011734020950079535 0
1747647907460 0.0076443919229490145 0
1747647907475 -0.018153527238977705 0
1747647907504 0.02722580594219727 0
1747647907519 -0.00020278945888906386 0
1747647907532 -0.0003896946964746701 0
1747647907549 -0.017083965799900947 0
1747647907560 -0.0034429987593286035 0
1747647907600 -0.026213566504110785 0
1747647907623 0.022913121754297296 0
1747647907634 0.006838903148241409 0
1747647907648 -0.10628422292336978 0
1747647907663 -0.004435680392176388 0
1747647907723 -0.0018218160165771782 0
1747647907740 0.008966370445448844 0
1747647907760 0.042541329759890306 0
1747647907788 -0.03794852492715922 0
1747647907802 1.91468769517683 0
1747647907815 -0.002917655635605161 0
1747647907832 0.05983729135204947 0
1747647907873 0.0 0
1747647907884 0.008668659694116728 0
1747647907900 0.0856355535540481 0
1747647907912 0.0010501744097522441 0
1747647907924 -0.0013849805003344348 0
1747647907938 -0.0006834229285032025 0
1747647907954 0.006597433516223102 0
1747647907977 -0.01868091461636977 0
1747647908005 0.008735687652354497 0
1747647908021 -0.003425486408253777 0
1747647908032 -0.0333642038065999 0
1747647908048 -0.014649623663171815 0
1747647908070 0.004171815428954659 0
1747647908087 0.0735282041114171 0
1747647908113 0.005156934738194986 0
1747647908145 -0.0024019705986152115 0
1747647908153 0.018622143538040387 0
1747647908187 -0.0028811191877208867 0
1747647908202 0.0 0
1747647908224 -0.011774768290673816 0
1747647908261 0.0071052622127483625 0
1747647908277 0.006501709795068387 0
1747647908298 -0.009583527659570233 0
1747647908328 0.0130750541315681 0
1747647908349 0.028976151566629076 0
1747647908360 0.12453098301134656 0
1747647908372 -0.0005201259101020357 0
1747647908396 -0.002853518425876965 0
1747647908407 -0.006456237688578294 0
1747647908418 0.0 0
1747647908429 0.012733752005310647 0
1747647908440 0.004772003660429926 0
1747647908454 0.03498681636890627 0
1747647908465 0.005423193950749437 0
1747647908493 0.0 0
1747647908540 0.0064903767289829 0
1747647908558 -0.0027628546438848585 0
1747647908567 0.0028379014314516976 0
1747647908578 0.04026018564195912 0
1747647908590 0.005640703421101192 0
1747647908623 -0.0041426921478598675 0
1747647908635 0.003415048221050731 0
1747647908661 -0.009384772003052015 0
1747647908671 0.011736939742427826 0
1747647908688 -0.002045733274065792 0
1747647908698 -0.001860571737572515 0
1747647908715 0.0 0
1747647908722 0.0006667239948553687 0
1747647908734 0.007260989374530495 0
1747647908754 0.006615085747086144 0
1747647908763 0.0014283441342687825 0
1747647908801 0.006114819283308635 0
1747647908822 -0.004959017489720037 0
1747647908849 -0.03377554160705176 0
1747647908860 0.0002302544855693148 0
1747647908876 0.004954057987007742 0
1747647908894 0.006777106449445528 0
1747647908917 0.02153733800822967 0
1747647908929 0.013293933944174177 0
1747647908944 0.04014555715788923 0
1747647908963 -0.018037494202390265 0
1747647909008 -0.1276045875374359 0
1747647909035 -0.018622143538040387 0
1747647909045 0.0 0
1747647909066 0.0 0
1747647909077 -0.0856355535540481 0
1747647909084 0.002104934073440361 0
1747647909113 -0.011212105922698294 0
1747647909139 0.01329511959246508 0
1747647909155 -0.001772176603377613 0
1747647909166 -0.007709874504322784 0
1747647909188 0.008560555277633145 0
1747647909209 0.029720782012605616 0
1747647909237 0.0005972920746502129 0
1747647909267 0.0056205762406499795 0
1747647909284 0.058811672134298346 0
1747647909296 -0.011522403054739108 0
1747647909308 -0.006243183870979468 0
1747647909316 0.00018614268995038912 0
1747647909340 -0.0031677495832115265 0
1747647909356 -0.002220333257131268 0
1747647909377 0.0009086928554341647 0
1747647909395 0.0 0
1747647909409 -0.016822398118300864 0
1747647909436 0.0006111637179601676 0
1747647909453 0.008017000063276922 0
1747647909475 0.020587319686899634 0
1747647909486 0.0091436056762728 0
1747647909509 0.021376396410367083 0
1747647909521 -0.01039334903876211 0
1747647909532 -0.004895293395115346 0
1747647909552 -0.0019446843165527362 0
1747647909573 -0.022342892712302026 0
1747647909583 -0.01039334903876211 0
1747647909596 -0.05982270274879331 0
1747647909609 0.007803465928045755 0
1747647909621 -0.007114929410001835 0
1747647909645 0.00870967457899854 0
1747647909666 -0.04471446112250981 0
1747647909698 -0.005926899574633082 0
1747647909709 -0.1954573958895393 0
1747647909745 0.02158026324026678 0
1747647909756 0.004591248156135632 0
1747647909783 -0.007695846944629065 0
1747647909800 0.0019334047309784441 0
1747647909810 0.005210970084655138 0
1747647909850 0.004031211948020761 0
1747647909861 -0.004645254507557804 0
1747647909872 -0.014365516950156068 0
1747647909883 -0.01128526288122049 0
1747647909902 0.025428771215830887 0
1747647909952 -0.0008479565590329882 0
1747647909962 -0.011312156453940743 0
1747647909976 -0.0027585873468020366 0
1747647910001 0.024575151045589532 0
1747647910017 0.011153666473710439 0
1747647910050 0.0005879790293530702 0
1747647910065 0.0073707494868574825 0
1747647910076 0.0 0
1747647910103 -0.056326981740607435 0
1747647910112 -0.02653887695184559 0
1747647910132 0.057383733018879765 0
1747647910166 0.006027231902200114 0
1747647910184 0.019280788258594365 0
1747647910200 -0.011803729388576614 0
1747647910211 -0.0091436056762728 0
1747647910220 -0.02709594518027305 0
1747647910241 -0.003242073747263655 0
1747647910254 -0.1918860023862303 0
1747647910265 -0.0033462083135858455 0
1747647910277 0.0130750541315681 0
1747647910313 0.1974705168108787 0
1747647910345 0.005125284000364536 0
1747647910359 -0.025001031240927365 0
1747647910368 0.013522131525689833 0
1747647910385 0.0031621680768275156 0
1747647910403 -0.28458860789237117 0
1747647910426 0.0004102376627008415 0
1747647910455 0.003991818737457426 0
1747647910468 0.011471015304412274 0
1747647910489 -0.01917612259501535 0
1747647910506 0.003629203986317389 0
1747647910517 0.0 0
1747647910547 0.005448016742790061 0
1747647910585 -0.10028868884136752 0
1747647910600 -0.08673593223038806 0
1747647910611 -0.029617057268871653 0
1747647910622 -0.0638576495793092 0
1747647910638 -0.0036622565094685663 0
1747647910682 0.0025655078836070997 0
1747647910708 0.0019269509143216453 0
1747647910730 -0.004328805527102873 0
1747647910742 -0.07178457370781728 0
1747647910756 0.00023352358120397744 0
1747647910768 0.03581708881900404 0
1747647910802 -0.0032669696335465817 0
1747647910830 0.006735149735035569 0
1747647910846 -0.040542811817385754 0
1747647910860 -0.002945668451021102 0
1747647910921 0.01168662104506545 0
1747647910952 0.0046010304763510574 0
1747647910964 -0.003547341290815033 0
1747647910976 0.006257240712444564 0
1747647910988 0.013696888444213054 0
1747647911020 0.01860785016825451 0
1747647911051 -0.002486187498146083 0
1747647911067 0.04932403191045026 0
1747647911094 -0.0005701012905038225 0
1747647911109 -0.008296837757700739 0
1747647911121 0.03298917357547514 0
1747647911148 -0.021376396410367083 0
1747647911176 0.003506956840802877 0
1747647911219 0.0036172013958793107 0
1747647911228 0.003085008784413276 0
1747647911245 0.04042924371447531 0
1747647911254 -0.029646035224638156 0
1747647911267 -0.0031213863712182587 0
1747647911279 -0.015260938444971313 0
1747647911303 -0.027646615862813816 0
1747647911322 -0.001957595577382015 0
1747647911340 0.002435723694971631 0
1747647911359 -0.06293704820390911 0
1747647911371 0.35653109007625183 0
1747647911391 -0.02065798741992184 0
1747647911403 -0.08740183027842273 0
1747647911414 -0.0539457254587768 0
1747647911429 0.0958211326841338 0
1747647911439 0.03927554036018889 0
1747647911450 -0.01115629566594953 0
1747647911467 -0.00406274628889785 0
1747647911490 0.004180213138825247 0
1747647911527 -0.0004462071825610871 0
1747647911542 -0.0023804772221521346 0
1747647911564 -0.025173131693572614 0
1747647911585 0.0360240066663179 0
1747647911632 0.058816647373948074 0
1747647911643 0.03591444690087314 0
1747647911660 0.0021046611588993636 0
1747647911676 0.04096223483611551 0
1747647911688 0.0001945819517964823 0
1747647911700 -0.004180213138825247 0
1747647911728 0.027355612592960814 0
1747647911760 0.014250754240587813 0
1747647911772 -0.002170126966657351 0
1747647911797 0.010442345700960575 0
1747647911814 -0.000987708406658085 0
1747647911880 -0.004351953588028668 0
1747647911951 -0.010566455751580864 0
1747647911967 0.0027929484782925405 0
1747647911981 0.014614882192042856 0
1747647911996 0.03783181609921352 0
1747647912010 0.0 0
1747647912021 -0.050043215994380816 0
1747647912046 0.0017150474071532154 0
1747647912057 0.022350851703166346 0
1747647912068 -0.004266033064444618 0
1747647912087 -0.01343430278153071 0
1747647912099 0.020364173802776817 0
1747647912115 -0.001423261864925531 0
1747647912190 1.407953629150023 0
1747647912219 0.004751487742835257 0
1747647912236 0.0723915966768043 0
1747647912272 -0.018640177845087855 0
1747647912287 -0.003608538992925121 0
1747647912323 0.0028888477943300904 0
1747647912345 0.005138452013309768 0
1747647912385 0.0019643499505741318 0
1747647912401 -0.4049897643274912 0
1747647912412 -0.00242572487173666 0
1747647912423 -0.08477875678847317 0
1747647912431 -0.034315003059767125 0
1747647912442 -0.07105253706447506 0
1747647912461 0.02571289256789227 0
1747647912471 0.060701369866881204 0
1747647912486 -0.0055509047081673335 0
1747647912518 -0.0016733509931629784 0
1747647912540 0.007137519056797858 0
1747647912554 -0.006738453682986861 0
1747647912570 0.023316049962952983 0
1747647912594 -0.018143226343761514 0
1747647912618 0.0 0
1747647913973 -0.018039868004262487 0
1747647913985 -0.003790151724928071 0
1747647914015 0.00557304153101315 0
1747647914095 -0.0009341913074083363 0
1747647914112 -0.015766417540451844 0
1747647914153 -0.012152617544217998 0
1747647914163 0.005777872261804687 0
1747647914183 -0.004840062286973459 0
1747647914195 -0.015520212453090286 0
1747647914221 0.0023418185559352183 0
1747647914259 0.0076013488550456575 0
1747647914289 0.002094484031316458 0
1747647914325 0.017615351312324393 0
1747647914334 -0.012857131251787663 0
1747647914356 -0.3861882645041319 0
1747647914368 -0.0789268027857994 0
1747647914404 0.003048366386070168 0
1747647914432 0.015961093782617734 0
1747647914448 -0.0025028468190974504 0
1747647914466 0.014819496528268082 0
1747647914483 0.0005201259101020357 0
1747647914502 0.002911929968741781 0
1747647914546 0.005649006492940233 0
1747647914585 0.008432073777285715 0
1747647914597 -0.0009057251498229037 0
1747647914617 -0.008229374854830331 0
1747647914628 0.019158846047766 0
1747647914650 -0.0006149780633067325 0
1747647914668 -0.0077708994617795134 0
1747647914722 -0.014725929946204454 0
1747647914747 0.0006115374674744892 0
1747647914777 0.015520212453090286 0
1747647914806 0.003974169514176368 0
1747647914817 0.0026416192139106145 0
1747647914828 -0.005080570007155026 0
1747647914839 0.007954107695935696 0
1747647914848 0.025602800133224496 0
1747647914879 0.014596382323516637 0
1747647914889 -0.027057971598272456 0
1747647914899 0.0013700713975723106 0
1747647914910 0.05231016300644457 0
1747647914942 -0.023659503070005257 0
1747647914952 0.21093666700108096 0
1747647914991 -0.00523458448432768 0
1747647915021 0.0009349676728121944 0
1747647915032 -0.003506956840802877 0
1747647915063 -0.07014684058623787 0
1747647915091 0.010213176212492136 0
1747647915102 0.06906494212287272 0
1747647915134 0.001937150026003978 0
1747647915162 0.0028856016034097516 0
1747647915174 -0.03886306392154584 0
1747647915191 -0.00790898632010816 0
1747647915206 0.02100696692710874 0
1747647915229 -0.009097144235164565 0
1747647915246 -0.031844245481796145 0
1747647915257 0.01577510063334505 0
1747647915272 0.007747741389519718 0
1747647915288 -0.012175980218253552 0
1747647915316 0.0011908434693489657 0
1747647915336 0.053972993041854 0
1747647915364 -0.00857726049311242 0
1747647915375 -0.005138452013309768 0
1747647915404 0.0518012658614286 0
1747647915428 0.10902781911977129 0
1747647915446 0.021115717743651046 0
1747647915455 0.0031052319898638757 0
1747647915479 -0.01970497127566625 0
1747647915496 -0.0042742141000351895 0
1747647915548 -0.010752074913261075 0
1747647915580 0.00038371345257741125 0
1747647915591 0.06849935554644837 0
1747647915664 0.0 0
1747647915698 0.0184490411549169 0
1747647915720 -0.0071052622127483625 0
1747647915733 -0.02781353898576586 0
1747647915810 -0.002264739155444165 0
1747647915845 -0.04187543223542441 0
1747647915856 0.04519067311815364 0
1747647915868 -0.01999500519515341 0
1747647915880 0.04248621441711387 0
1747647915917 -0.018663572732657285 0
1747647915930 0.005595273342685934 0
1747647915957 0.0035879081004593885 0
1747647915974 -0.5365852594256341 0
1747647915985 0.1588228547775447 0
1747647915994 0.002963389480392916 0
1747647916028 -0.006940873134071497 0
1747647916052 -0.0007026306853254815 0
1747647916074 0.017982008901586556 0
1747647916108 -0.022297085253507057 0
1747647916119 -0.011446094272648867 0
1747647916190 0.023207498222992298 0
1747647916212 0.002669282407998303 0
1747647916223 -0.008551065950202186 0
1747647916269 -0.011506004975688046 0
1747647916302 -0.000858696585713601 0
1747647916324 -0.0060877147987765425 0
1747647916336 -0.004356243465196859 0
1747647916358 0.008996141262778166 0
1747647916402 0.07418084175399228 0
1747647916429 -0.017642730253362403 0
1747647916459 -0.05491878231992952 0
1747647916482 -0.0475769865677372 0
1747647916495 -0.008421228090551994 0
1747647916514 -0.0023989757902598895 0
1747647916542 0.018021351891577015 0
1747647916574 -0.016646110718715742 0
1747647916597 0.018166859163463184 0
1747647916612 0.0 0
1747647916640 -0.0010519545720641813 0
1747647916673 -0.07543152598325457 0
1747647916686 0.023713808740057397 0
1747647916696 -0.023719919576373528 0
1747647916714 -0.007412770678952734 0
1747647916727 -0.03688520769535924 0
1747647916744 0.011931059628022973 0
1747647916757 -0.009036965250581001 0
1747647916778 -0.060726077550176026 0
1747647916798 0.004932856950697334 0
1747647916814 -0.022202237170907038 0
1747647916839 0.006437693298828455 0
1747647916888 -0.008247628378988856 0
1747647916898 0.0012576854138251735 0
1747647916928 -0.0018800425750525322 0
1747647916945 0.04235289080363422 0
1747647916957 -0.030235145259571716 0
1747647916982 -0.031112048222910974 0
1747647917032 0.040589281030524574 0
1747647917044 0.005692298825348765 0
1747647917054 0.0004967160157396998 0
1747647917067 0.1256051502554132 0
1747647917083 -0.0042742141000351895 0
1747647917103 -0.050785737715504334 0
1747647917121 -0.0478710413376453 0
1747647917135 0.007990725814700152 0
1747647917150 -0.017042757917987282 0
1747647917161 0.0028546495575595804 0
1747647917172 0.032142828129471994 0
1747647917183 -0.012024572765373208 0
1747647917211 4.695394193600395 0
1747647917243 -0.008560555277633145 0
1747647917255 0.0443323309145262 0
1747647917276 0.04585692227396408 0
1747647917312 0.12328724439040671 0
1747647917321 -0.013233722607741766 0
1747647917334 -0.029720782012605616 0
1747647917355 0.010148458692307268 0
1747647917373 0.005027580098227064 0
1747647917395 0.022723734522047522 0
1747647917408 -0.011221941600719449 0
1747647917424 -0.004895293395115346 0
1747647917446 -0.0018227838770852622 0
1747647917462 0.0024617033798248846 0
1747647917474 -0.00627975202654517 0
1747647917486 -0.00018655940999533365 0
1747647917497 0.0025496948445087706 0
1747647917536 -0.0027169800955653633 0
1747647917548 0.025986500220194293 0
1747647917559 0.051325207211015335 0
1747647917577 -0.017918945656485837 0
1747647917593 0.003393824315104966 0
1747647917622 0.005044841619922155 0
1747647917648 -0.010450257666912691 0
1747647917665 -0.004876557104354974 0
1747647917684 -0.4602751195948094 0
1747647917703 -0.054311029118555364 0
1747647917723 -0.0008089885802575298 0
1747647917739 -0.00040814470856047607 0
1747647917774 0.033812451663747786 0
1747647917788 -0.008557285067949063 0
1747647917797 0.006838903148241409 0
1747647917844 0.15580658961671293 0
1747647917862 0.007600764804590661 0
1747647917877 -0.01303241479588626 0
1747647917904 -0.03637512898000267 0
1747647917925 -0.01285918252329555 0
1747647917966 -6.885995806864444e-05 0
1747647918000 0.06041093798876292 0
1747647918011 0.005936674047842413 0
1747647918038 -0.08684039438325622 0
1747647918059 -0.007296896889218102 0
1747647918088 0.0 0
1747647918106 -0.023290192446688434 0
1747647918120 0.002052451302743948 0
1747647918131 0.0028191068363366133 0
1747647918156 -0.018039868004262487 0
1747647918171 -0.0011643550536750223 0
1747647918231 -0.002911929968741781 0
1747647918258 0.01254979718631496 0
1747647918277 0.005249707612462856 0
1747647918306 0.007277627040787097 0
1747647918345 0.0 0
1747647918359 -0.011011864941724677 0
1747647918369 0.010148458692307268 0
1747647918381 -0.06480464159431569 0
1747647918392 -0.008421228090551994 0
1747647918403 -0.0019039557938636425 0
1747647918413 0.006875475287478722 0
1747647918425 -0.00808463510669178 0
1747647918447 0.06835747381906399 0
1747647918459 0.04137392317796928 0
1747647918473 0.0020450694679305195 0
1747647918486 -0.006847931858438657 0
1747647918521 0.015677414242198963 0
1747647918537 0.08230277293749322 0
1747647918551 0.008890349361949684 0
1747647918564 0.0011697678679263366 0
1747647918614 -0.00857726049311242 0
1747647918630 0.003673461808762022 0
1747647918688 0.005202310618698105 0
1747647918700 0.022908083639442668 0
1747647918717 0.0009349676728121944 0
1747647918727 0.16240189011892192 0
1747647918748 -0.016600546584525207 0
1747647918778 0.0009341913074083363 0
1747647918792 -0.02406408981371076 0
1747647918810 0.02075208218573733 0
1747647918819 -0.015961093782617734 0
1747647918869 -0.07524831288379642 0
1747647918895 0.016822424939622046 0
1747647918909 0.0 0
1747647918945 0.0010843366890272935 0
1747647918964 -0.01938560723417099 0
1747647918978 0.00025067539573002704 0
1747647919005 0.008685160198938622 0
1747647919024 -0.0038164333164703986 0
1747647919035 0.055953488117811055 0
1747647919069 -0.0028133782919025404 0
1747647919093 0.0037122260601670245 0
1747647919116 0.0015073689359413932 0
1747647919181 0.0026734782845873857 0
1747647919192 -0.07151127934549548 0
1747647919204 0.0008586555197113079 0
1747647919218 -0.03688520769535924 0
1747647919245 -0.07558690760877278 0
1747647919318 0.0031288925510369165 0
1747647919329 -0.03518964855205183 0
1747647919341 -0.0006107904250131209 0
1747647919354 -0.0007737497088084362 0
1747647919372 -0.0073766420100206415 0
1747647919393 -0.009477411224143703 0
1747647919405 -0.0009885763126914907 0
1747647919420 -0.0010241236873759889 0
1747647919440 0.8843672238005175 0
1747647919454 0.026123658013071798 0
1747647919467 -0.00022415379111263807 0
1747647919527 -0.02491635414156943 0
1747647919536 -0.010154189445114935 0
1747647919556 -0.03131441259181502 0
1747647919577 -0.055811222119713504 0
1747647919661 0.0015419538314511757 0
1747647919683 0.0003916276942168581 0
1747647919702 -0.0023770741731833204 0
1747647919731 0.011613663910053905 0
1747647919773 0.006081743199087603 0
1747647919785 -0.029767413265214402 0
1747647919802 -0.006597433516223102 0
1747647919811 -0.021502346378352927 0
1747647919836 0.0007384398116940206 0
1747647919853 -0.014774168265495815 0
1747647919872 -0.0012328843481059341 0
1747647919898 -0.04838130184226016 0
1747647919911 0.09872017847146128 0
1747647919949 0.0074759067682946415 0
1747647919975 -0.04000213768443731 0
1747647919994 -0.005720094768411715 0
1747647920012 -0.00392680184151295 0
1747647920035 0.01295572242408377 0
1747647920048 -0.0032444064889138643 0
1747647920067 0.020341923916314772 0
1747647920094 -0.009718536013141875 0
1747647920106 -0.02770977499536352 0
1747647920121 0.0 0
1747647920147 0.0016326820801923594 0
1747647920164 -0.012542299084354013 0
1747647920178 0.2747223965454705 0
1747647920226 -0.0023352358120370623 0
1747647920248 -0.009893503949881212 0
1747647920267 0.052768359119168246 0
1747647920281 0.04874737765493326 0
1747647920294 -0.011747638913579784 0
1747647920336 -0.010298343555694773 0
1747647920362 0.019847074455955432 0
1747647920402 -0.018216214543099345 0
1747647920414 -0.000845943966724247 0
1747647920500 0.003674405788551875 0
1747647920512 -0.010848934218030916 0
1747647920555 0.013293933944174177 0
1747647920569 -0.01016299952445658 0
1747647920582 -0.01115629566594953 0
1747647920595 -0.010837927267100497 0
1747647920621 0.010063799850667153 0
1747647920636 0.0007111248740069077 0
1747647920681 0.001634696135581319 0
1747647920704 0.0062620771817992965 0
1747647920718 -0.0019226650588945998 0
1747647920749 0.015308712811327363 0
1747647920783 -0.5961745050554378 0
1747647920806 -0.07216863097606749 0
1747647920820 -0.031146974713064584 0
1747647920838 0.01419714757160162 0
1747647920907 0.07014684058623787 0
1747647920946 -0.001282964889946844 0
1747647920983 0.0004098173564154466 0
1747647920997 -0.0023290403347611495 0
1747647921027 0.019308198719471713 0
1747647921039 0.0022828727912238118 0
1747647921063 0.002178296812358772 0
1747647921099 0.0 0
1747647921111 0.0 0
1747647921132 -0.0028888477943300904 0
1747647921146 0.011006582519479537 0
1747647921176 -0.001504377930533385 0
1747647921214 0.0015096445272060174 0
1747647921236 0.019669114339397026 0
1747647921270 0.27648348040665116 0
1747647921285 0.014744830447208198 0
1747647921298 0.03907182672162816 0
1747647921311 0.0030446538978304238 0
1747647921323 0.005202310618698105 0
1747647921332 -0.002255779722886124 0
1747647921343 0.042586682881279286 0
1747647921362 -0.020610760832401046 0
1747647921377 -0.0011908434693489657 0
1747647921397 0.007441900130185977 0
1747647921417 0.008612004254038649 0
1747647921430 -0.08920505879175335 0
1747647921478 0.023207498222992298 0
1747647921502 0.011095886569365231 0
1747647921529 0.041988119102683935 0
1747647921601 -0.007785460319411093 0
1747647921613 0.014850961691985668 0
1747647921626 -0.055811222119713504 0
1747647921649 0.01957939818929964 0
1747647921661 0.009199511499295283 0
1747647921679 0.00242572487173666 0
1747647921698 0.030133886071376573 0
1747647921724 -0.0073952311108224505 0
1747647921736 -0.008115239915972013 0
1747647921780 -0.05324147028922222 0
1747647921794 0.005222019427546935 0
1747647921806 -0.0195846652306362 0
1747647921864 -0.002044060632926076 0
1747647921891 0.021485960835750398 0
1747647921905 0.03160663745288818 0
1747647921929 -0.025310507623733262 0
1747647921942 0.0004578287560155756 0
1747647921954 -0.08463923019889928 0
1747647921989 0.0007742600672372916 0
1747647922004 -0.004418570463256296 0
1747647922015 0.008629503731766392 0
1747647922032 0.01924820514640916 0
1747647922072 -0.011520873343836401 0
1747647922109 0.00013030257250152102 0
1747647922140 0.006508570651195184 0
1747647922189 0.028666275193949684 0
1747647922218 0.023241830697411245 0
1747647922294 0.01680115365150623 0
1747647922334 0.021326998251882973 0
1747647922353 -0.022508863680317102 0
1747647922366 0.038135511539559346 0
1747647922387 0.003136140245730835 0
1747647922408 6.298408146354572 0
1747647922427 -0.005142854171884472 0
1747647922455 -0.008357511056831676 0
1747647922477 -0.04042924371447531 0
1747647922498 -0.02753147159759061 0
1747647922548 0.016453377739973064 0
1747647922584 0.006608958067450205 0
1747647922635 -0.057441467916562704 0
1747647922684 0.025181851246678197 0
1747647922711 -0.0009723421582758841 0
1747647922732 -0.018879460236734102 0
1747647922773 -0.0019269509143216453 0
1747647922807 0.19427269515158394 0
1747647922821 -0.004254646903064459 0
1747647922839 0.00808463510669178 0
1747647922851 0.0020021030148802007 0
1747647922863 0.003500854388045608 0
1747647922879 -0.031031024738912293 0
1747647922892 0.01860785016825451 0
1747647922932 -0.019459453204242784 0
1747647922985 0.05697280687067622 0
1747647923093 0.00589685096230133 0
1747647923131 0.05432590048178839 0
1747647923160 -0.0005723369772192877 0
1747647923172 0.014611513424198598 0
1747647923190 0.0006008810897775212 0
1747647923202 0.04423034724302619 0
1747647923225 0.09681069328530455 0
1747647923238 -0.0048179838926872475 0
1747647923261 0.04518224765111228 0
1747647923281 -0.002674224280185631 0
1747647923297 -0.009140529871349164 0
1747647923334 0.0030152763842443207 0
1747647923365 0.05855092105946708 0
1747647923398 -0.02573143226039164 0
1747647923424 0.020462257130646724 0
1747647923437 0.012376172997559812 0
1747647923479 0.017866326717862147 0
1747647923491 -0.010774137712617758 0
1747647923502 -0.046076540093826314 0
1747647923529 0.009422889766594373 0
1747647923551 0.008588465732577327 0
1747647923563 0.012093519960757653 0
1747647923578 0.021479707125583475 0
1747647923605 0.007558208651855642 0
1747647923664 -0.011335005378339235 0
1747647923694 -0.0012149023932880938 0
1747647923713 0.003736298664382339 0
1747647923731 -0.0007464129662191183 0
1747647923770 0.013291756876689154 0
1747647923813 -0.0026360748517261236 0
1747647923823 0.004105630778218354 0
1747647923848 -0.013093622967328373 0
1747647923860 0.04422050103889642 0
1747647923884 0.0019159940884142677 0
1747647923897 0.04873404853798554 0
1747647923943 -0.002588495285745698 0
1747647923960 0.0 0
1747647923983 -0.09014041940165828 0
1747647924015 -0.000858696585713601 0
1747647924030 0.006208316536748972 0
1747647924068 -0.007358951492341081 0
1747647924094 -0.011498373683251314 0
1747647924115 0.005982715256312472 0
1747647924129 0.006598199249409935 0
1747647924137 0.007392899472458629 0
1747647924149 0.047286655426903655 0
1747647924172 0.010398297675768525 0
1747647924207 -0.07210484859481439 0
1747647924220 0.0033604112975896996 0
1747647924252 0.020587319686899634 0
1747647924264 0.0 0
1747647924277 0.003452338070229919 0
1747647924306 0.061887828124734576 0
1747647924348 -0.007120247469731083 0
1747647924360 0.008569057083663525 0
1747647924376 0.11022992436666142 0
1747647924390 0.04397665433332969 0
1747647924437 -0.019189755117273135 0
1747647924448 -0.10011971485825637 0
1747647924471 -0.001745115884890486 0
1747647924490 -0.0032786707767187037 0
1747647924497 0.0008366317634358067 0
1747647924518 -0.004387724566733498 0
1747647924544 -0.021193804942147815 0
1747647924556 0.0034553910128031495 0
1747647924588 0.001794973167812699 0
1747647924652 0.009929005162228435 0
1747647924713 -0.00394304447029073 0
1747647924729 0.0019148934110775977 0
1747647924766 -0.017747580005464482 0
1747647924778 -0.0424622031229538 0
1747647924791 0.04398040375137327 0
1747647924844 -0.00554318339794403 0
1747647924870 -0.0006829561805876764 0
1747647924884 0.09858214221952634 0
1747647924912 0.0012673078429494683 0
1747647924923 -0.010063089939564038 0
1747647924940 0.013754148204371581 0
1747647924957 -0.011665578876612948 0
1747647924973 -0.004474514231600594 0
1747647925026 0.000599793839248875 0
1747647925079 -0.002433139177355018 0
1747647925094 0.10581084913930014 0
1747647925106 -0.05335176260033145 0
1747647925118 -0.8060288019731829 0
1747647925142 0.003974169514176368 0
1747647925153 -0.09831524130126823 0
1747647925208 0.000510928039588359 0
1747647925223 -0.012160331671835589 0
1747647925247 0.05716250259787007 0
1747647925261 -0.07609410068982345 0
1747647925303 0.04948935582751815 0
1747647925336 -0.016225587998040344 0
1747647925349 0.005779283624160147 0
1747647925374 0.0031299666314284166 0
1747647925404 -0.014537410266061567 0
1747647925417 -0.00561304563492701 0
1747647925432 0.004142453199518465 0
1747647925473 0.012182146226618394 0
1747647925493 -0.00529278933180264 0
1747647925520 -0.012479918446871477 0
1747647925540 -0.06335755634667053 0
1747647925552 -0.1824908521238251 0
1747647925569 0.00487628559476729 0
1747647925600 0.01965480103200265 0
1747647925610 -0.0009076373241201171 0
1747647925622 -0.04074675928548421 0
1747647925663 0.004430328579137754 0
1747647925686 0.00708992134451791 0
1747647925698 -0.009036965250581001 0
1747647925706 -0.15147988790509082 0
1747647925718 0.03593324089053616 0
1747647925739 0.0006547833168564596 0
1747647925758 0.0 0
1747647925771 -0.004543968905919777 0
1747647925789 0.002520125114548941 0
1747647925809 0.0036839935635048517 0
1747647925840 -0.038890843248918616 0
1747647925852 0.001318616754607467 0
1747647925861 0.005129602722219594 0
1747647925877 0.0 0
1747647925888 -0.005720094768411715 0
1747647925920 -0.0020545533607292926 0
1747647925929 -0.01868091461636977 0
1747647925943 0.03927554036018889 0
1747647926000 0.03970669854257549 0
1747647926017 0.005010810784806485 0
1747647926025 0.0025944068541847104 0
1747647926037 0.0965000024708965 0
1747647926078 0.015091772616971581 0
1747647926109 0.06322804453465397 0
1747647926132 -0.0024019705986152115 0
1747647926146 0.02704325749504298 0
1747647926176 0.031195826890114603 0
1747647926200 -0.002789544083055513 0
1747647926214 0.07164256196935706 0
1747647926258 0.0006468275514973948 0
1747647926275 -0.020213836380075848 0
1747647926286 0.043738685517096816 0
1747647926300 -0.023599509023794922 0
1747647926321 -0.02192768195889035 0
1747647926341 0.2889841249935135 0
1747647926355 -0.045581440789286436 0
1747647926411 0.005423193950749437 0
1747647926422 -0.02990452306435652 0
1747647926450 0.005980223781164894 0
1747647926476 -0.02682562686420573 0
1747647926493 -0.019483813675930387 0
1747647926508 0.016822424939622046 0
1747647926534 0.004345726171735973 0
1747647926586 -0.004806405301026202 0
1747647926608 0.011871391826467813 0
1747647926624 0.01174550902357354 0
1747647926634 -0.003456473231908316 0
1747647926685 -0.014207945786117207 0
1747647926697 -0.005033288270515047 0
1747647926731 0.006508570651195184 0
1747647926774 0.002241593765860362 0
1747647926792 -0.09163153723679535 0
1747647926845 -0.04096223483611551 0
1747647926865 0.031146974713064584 0
1747647926893 -0.00945332786896732 0
1747647926906 0.019708021925567837 0
1747647926914 -0.0011689828313038019 0
1747647926928 0.07944453241077443 0
1747647926952 -0.18809211403051435 0
1747647926982 -0.006756121133962283 0
1747647927017 -0.04113150349247275 0
1747647927033 -0.013848423274071674 0
1747647927044 0.2563099558400419 0
1747647927076 -0.0015510999069203815 0
1747647927088 -0.0016436477957244742 0
1747647927106 0.019104407503428077 0
1747647927120 0.016842362601554837 0
1747647927136 -0.009096640307893509 0
1747647927157 -0.0026661386909504325 0
1747647927166 -0.05593418549818358 0
1747647927186 -0.037025721902041606 0
1747647927198 -0.0011662561644375424 0
1747647927209 0.014207945786117207 0
1747647927224 -0.0015535095554465913 0
1747647927242 0.0007813686117761563 0
1747647927257 0.0 0
1747647927268 0.006885995806639803 0
1747647927323 -0.027233959904564776 0
1747647927338 0.001318616754607467 0
1747647927367 0.0018670536277874312 0
1747647927386 0.03126650871948078 0
1747647927396 0.03976430014732904 0
1747647927407 -0.012181913287660382 0
1747647927424 0.006862368685643308 0
1747647927447 0.008982593387497746 0
1747647927459 -0.0023774914783108695 0
1747647927473 -0.016663027202357295 0
1747647927485 -0.0010543024311297255 0
1747647927513 -0.022297085253507057 0
1747647927545 -0.0011199832902361014 0
1747647927577 -0.008402312661240825 0
1747647927588 -0.04484906292696139 0
1747647927627 -0.0004849136610387673 0
1747647927644 -0.016846818604957244 0
1747647927655 0.002486187498146083 0
1747647927693 -0.01056038734816012 0
1747647927743 0.008359221014827814 0
1747647927756 0.01538266267291388 0
1747647927786 0.002687769629231398 0
1747647927815 0.006638076008858108 0
1747647927845 -0.0019983899053144533 0
1747647927879 -0.034841934208697384 0
1747647927893 0.0038944169360990632 0
1747647927908 0.014053081526293372 0
1747647927939 0.0 0
1747647927964 0.016511463976043268 0
1747647927974 -0.0155332576773592 0
1747647927984 0.041988119102683935 0
1747647927993 0.03676323948061775 0
1747647928007 -0.00367218357647054 0
1747647928019 0.020224714506449824 0
1747647928034 -0.009978233808812234 0
1747647928049 0.00993513864772239 0
1747647929101 -0.002911929968741781 0
1747647929118 -0.0059085250662851 0
1747647929183 -0.0064903767289829 0
1747647929201 -0.0022112994649575364 0
1747647929228 0.24744134620094396 0
1747647929307 -0.01475409365834093 0
1747647929320 -0.003396225119460226 0
1747647929348 0.013474391844486238 0
1747647929375 -0.005017119904401541 0
1747647929407 0.0028379014314516976 0
1747647929433 0.0033555653307584463 0
1747647929455 0.005585723178077352 0
1747647929475 0.013787127368395498 0
1747647929524 -0.0028159314716716373 0
1747647929555 0.0 0
1747647929613 0.03606176809264219 0
1747647929639 0.022314030943383287 0
1747647929708 -0.005443912392111003 0
1747647929766 -0.001794973167812699 0
1747647929793 -0.00790898632010816 0
1747647929836 -0.003909454612639784 0
1747647929873 -0.00337730516781029 0
1747647929893 -0.010994534666932471 0
1747647929915 -0.019483813675930387 0
1747647929935 -0.05202997832908385 0
1747647929954 0.003127307131828284 0
1747647929988 -0.018664630298547872 0
1747647930031 0.03332891360465892 0
1747647930058 -0.01400525846378636 0
1747647930069 -0.01061528333832724 0
1747647930103 0.002509176493502287 0
1747647930132 0.0002584498375672552 0
1747647930172 -0.010566455751580864 0
1747647930187 -0.04397665433332969 0
1747647930201 0.17355555791592397 0
1747647930241 -0.02803326556337994 0
1747647930252 -0.016781149673698034 0
1747647930267 0.013380181941217055 0
1747647930309 -0.004079781944188435 0
1747647930328 -0.0004225450800281929 0
1747647930378 0.0003377506342850024 0
1747647930401 0.013350627204801962 0
1747647930415 -0.06386620531568991 0
1747647930426 0.030496958931581733 0
1747647930435 -0.007114929410001835 0
1747647930478 -0.02636395948267707 0
1747647930508 0.030235145259571716 0
1747647930531 -0.01014073191659425 0
1747647930564 0.0 0
1747647930588 -0.00037374635308273774 0
1747647930610 0.002911929968741781 0
1747647930661 -0.0002606730777491322 0
1747647930691 -0.014389741432940764 0
1747647930707 0.007853829304642904 0
1747647930720 0.0034008451337260563 0
1747647930733 0.0 0
1747647930756 -0.013279400475046764 0
1747647930769 0.0012001592123532944 0
1747647930778 -0.002813670881358083 0
1747647930801 0.008449378601959668 0
1747647930813 -0.003372364541144089 0
1747647930823 0.0014062494446646292 0
1747647930833 0.005580273673714507 0
1747647930899 0.002437989076399734 0
1747647930947 0.00516202890203951 0
1747647930981 -0.0018670536277874312 0
1747647931016 0.008701040059944529 0
1747647931041 0.005595273342685934 0
1747647931059 -0.00589685096230133 0
1747647931097 -0.016952052698412486 0
1747647931111 -0.002241593765860362 0
1747647931147 -0.012843022511673899 0
1747647931169 -0.006569340641856673 0
1747647931182 0.021439304366729202 0
1747647931237 0.0012001592123532944 0
1747647931269 -0.05248878806626406 0
1747647931285 -0.03135886292512992 0
1747647931317 0.004215455676431335 0
1747647931395 0.01837001801600625 0
1747647931435 -0.0010519545720641813 0
1747647931463 0.0047085522037067515 0
1747647931480 0.03332891360465892 0
1747647931515 -0.021704171245191285 0
1747647931579 0.004895293395115346 0
1747647931612 -0.010543783398588934 0
1747647931643 -0.021485960835750398 0
1747647931661 0.002742717478126105 0
1747647931686 0.028416172726519386 0
1747647931699 -0.027921377221005513 0
1747647931712 0.07730049363894645 0
1747647931759 0.004612904077269772 0
1747647931781 0.008914667459788066 0
1747647931798 0.09885450339809765 0
1747647931815 -0.0196692232893207 0
1747647931841 0.03284830570631353 0
1747647931855 0.10028868884136752 0
1747647931871 -0.03743808202427934 0
1747647931892 -0.0021347243457998937 0
1747647931921 0.04113150349247275 0
1747647931956 -0.0006484147494535647 0
1747647931974 -0.05733415716896647 0
1747647931988 -0.001755607945541933 0
1747647932028 -0.0224323211216792 0
1747647932043 0.005720094768411715 0
1747647932066 0.011506004975688046 0
1747647932078 -0.009497125748872487 0
1747647932092 0.00464609316608326 0
1747647932104 -0.0005953299007945656 0
1747647932141 1.775372962533723 0
1747647932159 -0.0031052319898638757 0
1747647932185 0.0174690980254682 0
1747647932212 -0.0054685661302926935 0
1747647932239 -0.003564354651780212 0
1747647932261 0.003063307318968195 0
1747647932280 -0.05636737266707591 0
1747647932302 0.05104666226055632 0
1747647932335 0.006473449699135847 0
1747647932348 0.0010241236873759889 0
1747647932410 0.013293933944174177 0
1747647932442 -0.009632043181741823 0
1747647932455 -0.003852372326030045 0
1747647932481 0.0043334756016065335 0
1747647932515 -0.014079274084076141 0
1747647932535 0.0333642038065999 0
1747647932556 0.0047783365971958815 0
1747647932575 -0.018754337684456873 0
1747647932615 0.013867483043367311 0
1747647932716 0.0019045598546651654 0
1747647932744 0.009366171580753173 0
1747647932765 0.009476171637275698 0
1747647932813 -0.01270341545890172 0
1747647932824 -0.0012797418490466982 0
1747647932843 -0.0012508684830333798 0
1747647932889 0.012024572765373208 0
1747647932899 0.0008203070649761872 0
1747647932927 0.005832789438304418 0
1747647932956 -0.00018480111426552538 0
1747647932966 0.0054009431175035365 0
1747647933045 -0.00908049124145964 0
1747647933061 0.0040107205149869565 0
1747647933106 0.022263949125186522 0
1747647933142 0.058617742576304886 0
1747647933157 0.004536288011093756 0
1747647933174 -0.031383863839936965 0
1747647933188 -0.02545639898733196 0
1747647933199 -0.09490325488309859 0
1747647933211 -0.006871098774412028 0
1747647933236 -7.797832796628792e-05 0
1747647933249 0.013554203969589812 0
1747647933270 -0.005787957700225019 0
1747647933393 -0.08280335292209116 0
1747647933447 0.011522403054739108 0
1747647933467 0.009955751099023644 0
1747647933494 0.0 0
1747647933512 0.14849962468347433 0
1747647933521 -0.05024505926197697 0
1747647933545 0.005754473378547792 0
1747647933564 0.003563226066091141 0
1747647933633 -0.013497296447157272 0
1747647933663 -0.006134698849809024 0
1747647933701 0.012459617963738415 0
1747647933808 0.03743808202427934 0
1747647933872 -0.003563226066091141 0
1747647933885 0.07586925532087073 0
1747647933916 0.0060131947775570165 0
1747647933935 0.01906496713688179 0
1747647933947 -0.0005540961500402953 0
1747647933974 -0.0029272731949191444 0
1747647933988 0.010117483327863653 0
1747647934002 0.015704516549158047 0
1747647934015 -0.006411195868189173 0
1747647934028 0.0033462083135858455 0
1747647934067 -0.00410682350255653 0
1747647934076 0.00670141222083482 0
1747647934097 1.3938509406110255 0
1747647934122 -0.05841278698050391 0
1747647934157 0.004254646903064459 0
1747647934175 0.02072952647732826 0
1747647934187 -0.0007747488115873782 0
1747647934208 -0.018443569939405373 0
1747647934220 0.1311806894668574 0
1747647934269 0.0032674980746082733 0
1747647934298 0.006321029756644857 0
1747647934329 0.005736303010233698 0
1747647934343 0.004008906880698821 0
1747647934357 0.0006843583408659811 0
1747647934368 0.8115583223991392 0
1747647934379 -0.005234075827697807 0
1747647934401 -0.015091772616971581 0
1747647934470 0.008004806719650134 0
1747647934502 -0.02872337336375469 0
1747647934527 0.001286326512525165 0
1747647934541 -0.0018323712750435428 0
1747647934592 -0.02395615613584253 0
1747647934605 0.0038164333164703986 0
1747647934624 0.0015073689359413932 0
1747647934683 0.05733415716896647 0
1747647934711 0.005176990571492222 0
1747647934753 0.027405586050031166 0
1747647934769 0.02100696692710874 0
1747647934798 0.004106541357506228 0
1747647934833 0.061997658813921386 0
1747647934846 0.00455465295764666 0
1747647934863 -0.01115932694309206 0
1747647934875 0.005554297832265388 0
1747647934886 0.0 0
1747647934923 -0.006202616722750774 0
1747647934980 -0.0007252909055007892 0
1747647934993 -0.23765540213997266 0
1747647935008 -0.002520125114548941 0
1747647935040 0.005073279998750813 0
1747647935061 -0.042541329759890306 0
1747647935085 0.013522131525689833 0
1747647935100 0.00039407137088779667 0
1747647935109 -0.039320374566165994 0
1747647935165 -0.018039868004262487 0
1747647935177 -0.005779283624160147 0
1747647935199 -0.002697706608475089 0
1747647935238 -0.004015824722637108 0
1747647935286 -0.004194497249920228 0
1747647935303 -0.007747741389519718 0
1747647935337 -0.0031677495832115265 0
1747647935353 -0.05202997832908385 0
1747647935365 0.003974169514176368 0
1747647935423 -0.015235940113258732 0
1747647935446 -0.002121140196940516 0
1747647935463 -0.008033180688544977 0
1747647935474 -0.009753447669798326 0
1747647935582 0.008569057083663525 0
1747647935599 0.0 0
1747647935633 -0.03160663745288818 0
1747647935643 0.02510252224975319 0
1747647935668 -0.00013997032868336688 0
1747647935718 -0.8181442223656397 0
1747647935774 -0.03043108134869804 0
1747647935804 -0.00010834887021756896 0
1747647935841 -0.0005639449307219696 0
1747647935868 -0.033623889170438216 0
1747647935889 0.003662505526777492 0
1747647935902 0.027405586050031166 0
1747647935924 0.013366329944171959 0
1747647935938 0.013988596646486932 0
1747647935949 -0.0006456857838197209 0
1747647935957 -0.017458581278304713 0
1747647935990 0.0031242538501572727 0
1747647936001 -0.0650079729372323 0
1747647936046 0.012345072688931999 0
1747647936065 -0.0013510324284448717 0
1747647936084 0.00021430609859847256 0
1747647936108 -0.04988040596946058 0
1747647936138 0.0021301770050845058 0
1747647936198 0.015104873747741346 0
1747647936216 0.026271296236652662 0
1747647936238 -0.00626249775497225 0
1747647936249 0.0029187292769435216 0
1747647936266 -0.0021347243457998937 0
1747647936278 -0.04187543223542441 0
1747647936316 -0.07199994400862902 0
1747647936328 -0.019185654022753514 0
1747647936356 -0.020441265196228756 0
1747647936368 -0.0022094008631340146 0
1747647936380 -0.0009731832580230676 0
1747647936418 -0.00337730516781029 0
1747647936425 0.008357511056831676 0
1747647936442 0.019576242733133818 0
1747647936466 0.002945668451021102 0
1747647936478 0.007205911795846248 0
1747647936507 0.004727509921435668 0
1747647936590 -0.00985761117572715 0
1747647936602 0.014292613944210315 0
1747647936622 -0.0005976490456866419 0
1747647936669 -0.008342158225119965 0
1747647936694 0.01140769030246206 0
1747647936735 0.00908049124145964 0
1747647936754 0.02406408981371076 0
1747647936774 0.0011643550536750223 0
1747647936807 -0.00010834887021756896 0
1747647936846 0.006862368685643308 0
1747647936862 0.10696660763845278 0
1747647936889 -0.0005976490456866419 0
1747647936926 0.002172863085867626 0
1747647936970 0.006638076008858108 0
1747647936982 -0.002977567984453006 0
1747647937012 -0.001634696135581319 0
1747647937026 0.011944743760074069 0
1747647937047 -0.07077686135215287 0
1747647937127 -0.0011697678679263366 0
1747647937201 -0.005720094768411715 0
1747647937213 -0.03658359097696576 0
1747647937239 -0.0019334047309790858 0
1747647937264 0.0 0
1747647937282 0.12012072344902398 0
1747647937294 -0.006638672630671055 0
1747647937309 -0.0036304946872638168 0
1747647937321 0.018336564476563472 0
1747647937344 -0.06657259511716711 0
1747647937364 -0.008735687652354497 0
1747647937397 -0.017652058011811526 0
1747647937432 0.004171815428954659 0
1747647937440 0.006162623044182296 0
1747647937461 -0.09635081305027675 0
1747647937487 0.0073707494868574825 0
1747647937528 -0.0007727595146053799 0
1747647937616 -0.004253974869558884 0
1747647937648 -0.06722526151339887 0
1747647937680 0.0016961925850969778 0
1747647937696 0.03632693321772433 0
1747647937737 -0.007458562494436805 0
1747647937752 0.014419215903074495 0
1747647937816 0.018371028452581796 0
1747647937836 -0.0020398888687261332 0
1747647937854 0.009024061122015654 0
1747647937869 -0.003396225119460226 0
1747647937946 -0.005262386595510954 0
1747647937975 -0.03321030113084905 0
1747647937997 -0.009024061122015654 0
1747647938014 -0.020249357611691256 0
1747647938046 0.042541329759890306 0
1747647938060 -0.0010191139335226057 0
1747647938071 -0.00013030257250152102 0
1747647938085 0.007332244329514411 0
1747647938110 0.029646035224638156 0
1747647938142 0.00040814470856047607 0
1747647938261 -0.0013860845991457197 0
1747647938278 0.0 0
1747647938305 -0.028108501848689894 0
1747647938338 -0.051325207211015335 0
1747647938440 -0.006054424057033898 0
1747647938451 0.006553925630823352 0
1747647938469 -0.030314336062487447 0
1747647938482 0.15932975819281323 0
1747647938527 -0.047275256068957536 0
1747647938613 0.006321029756644857 0
1747647938628 -0.010148458692307268 0
1747647938645 0.005980223781164894 0
1747647938677 0.10799119589037408 0
1747647938711 -0.018322644905298897 0
1747647938725 -0.024087388403258227 0
1747647938737 0.013138681283713345 0
1747647938761 0.03966851189781115 0
1747647938854 -0.0006661895588974783 0
1747647938891 0.03275561823462226 0
1747647938904 -0.7661187682179744 0
1747647938918 0.011944743760074069 0
1747647938966 -0.009119093609592675 0
1747647938985 -0.009018635474165121 0
1747647939049 0.0 0
1747647939083 0.010235856596711774 0
1747647939118 -0.025475626099887825 0
1747647939129 0.0 0
1747647939140 -0.04639642374619679 0
1747647939152 0.0065406967133197925 0
1747647939165 0.01632708867850408 0
1747647939213 -0.00945501984287354 0
1747647939225 0.005699664889792844 0
1747647939247 -0.02306055048376415 0
1747647939258 0.00018655940999533365 0
1747647939313 -0.0017982008901608745 0
1747647939332 0.00469761978349552 0
1747647939345 -0.008890349361949684 0
1747647939394 0.00018992548673581866 0
1747647939405 0.0034934693200582255 0
1747647939445 0.026568258058658666 0
1747647939457 0.011551772183683844 0
1747647939476 5.683454510074069 0
1747647939495 0.013319760676303059 0
1747647939504 0.00014627484269397027 0
1747647939575 0.0022310333967839433 0
1747647939624 0.011328250595439642 0
1747647939636 0.036743634376260374 0
1747647939707 -0.006082017813266933 0
1747647939719 -0.000745056399747297 0
1747647939730 0.0008911380272952519 0
1747647939744 0.0016961925850969778 0
1747647939803 -0.015761793459747462 0
1747647939815 0.00018480111426552538 0
1747647939858 0.007895363273838626 0
1747647939901 -0.008229374854830331 0
1747647939913 0.0027929484782925405 0
1747647939938 -0.00018614268995038912 0
1747647939956 0.018240497507753455 0
1747647939966 -0.019857783678170624 0
1747647939979 0.022045866991489624 0
1747647940039 -0.006045671616761265 0
1747647940053 -0.010848934218030916 0
1747647940067 -0.011633163652614392 0
1747647940134 0.04960437874578622 0
1747647940232 -0.03958940613713989 0
1747647940276 0.04955377815008724 0
1747647940311 -0.019036905097807505 0
1747647940335 0.010926744715469823 0
1747647940356 -0.09681069328530455 0
1747647940373 0.004237523129244797 0
1747647940424 -0.1960386228393168 0
1747647940452 0.04422050103889642 0
1747647940462 0.04736830648975332 0
1747647940470 -0.06069876957756817 0
1747647940504 -0.002638134740203639 0
1747647940534 -0.17355555791592397 0
1747647940546 -0.020269431844925443 0
1747647940601 0.013811145273334715 0
1747647940628 -0.04611841313637827 0
1747647940658 -0.003261443579387934 0
1747647940678 0.1256051502554132 0
1747647940713 -0.017042757917987282 0
1747647940724 0.021704171245191285 0
1747647940750 -0.008129722155280858 0
1747647940791 0.015209399200574387 0
1747647940805 -0.008361071280995643 0
1747647940826 -0.003011037935745199 0
1747647940843 0.014799920079449356 0
1747647940900 0.0008934771650630942 0
1747647940921 -0.010338879694341479 0
1747647940932 -0.012957419154084085 0
1747647940944 -0.009881283884738275 0
1747647940982 0.0 0
1747647940995 -0.014079274084076141 0
1747647941063 -0.0068708444974574425 0
1747647941097 -0.0019446843165527362 0
1747647941108 -0.021181441860725916 0
1747647941119 0.0031551872897491932 0
1747647941130 0.0035540333049324884 0
1747647941146 -0.002369355536622273 0
1747647941157 0.001098766600290908 0
1747647941194 -0.002486187498146083 0
1747647941207 0.0424622031229538 0
1747647941219 0.041794390328090326 0
1747647941255 -0.02088228150780182 0
1747647941265 -0.004876557104354974 0
1747647941276 0.007490237227175291 0
1747647941291 -0.008612004254038649 0
1747647941305 -0.003099385931074814 0
1747647941339 0.07790043439371878 0
1747647941378 0.008839082229171227 0
1747647941453 0.4019378025096892 0
1747647941487 0.17158038853884303 0
1747647941531 0.018427231884006235 0
1747647941543 0.0021742732055028066 0
1747647941580 -0.025611764677366505 0
1747647941610 0.001187596085264257 0
1747647941653 -0.16650430719281342 0
1747647941671 0.004233300969029875 0
1747647941723 -6.298408146354572 0
1747647941735 -0.003059914992362324 0
1747647941783 -0.005944515848861101 0
1747647941856 0.0017150474071532154 0
1747647941867 -0.00869021674842976 0
1747647941909 -0.01538266267291388 0
1747647941941 -0.005867010475037638 0
1747647941976 0.006655707999741847 0
1747647941998 0.0033750699585359013 0
1747647942011 0.00912552848746743 0
1747647943136 -0.009013863978190168 0
1747647943195 -0.02664591857239721 0
1747647943210 0.061273503426181285 0
1747647943221 -2.2834057224654205 0
1747647943322 -0.09635081305027675 0
1747647943335 0.023542562405673952 0
1747647943425 0.007695846944629065 0
1747647943454 -0.018371028452581796 0
1747647943473 0.0 0
1747647943497 0.0 0
1747647943512 -0.11885676536157856 0
1747647943558 0.0469619390790476 0
1747647943605 -0.1588319492010148 0
1747647943647 0.0 0
1747647943658 -0.010184380517884832 0
1747647943711 7.425333107809701e-05 0
1747647943721 0.0008982927896333722 0
1747647943766 0.06725826783373663 0
1747647943777 -0.004397390516637712 0
1747647943789 0.0 0
1747647943813 -0.014523332087123666 0
1747647943855 -0.0712341429450944 0
1747647943901 0.07747078357764173 0
1747647943951 -0.027870958652801807 0
1747647943979 -0.016971509374458436 0
1747647944054 0.0 0
1747647944104 -0.1256016025075538 0
1747647944204 0.01386590184941022 0
1747647944248 -0.06657259511716711 0
1747647944264 -0.006263214805300057 0
1747647944286 0.0 0
1747647944343 0.014551321979995093 0
1747647944489 -0.013256315754287706 0
1747647944501 0.04842280359039532 0
1747647944529 0.0034429987593286035 0
1747647944578 0.0 0
1747647944603 -0.07730049363894645 0
1747647944652 -0.09456149104769458 0
1747647944679 0.0006452691427073587 0
1747647944722 -0.001956096285858417 0
1747647944733 -0.0019112317560316813 0
1747647944793 0.019023809346427063 0
1747647944869 0.05811802697898718 0
1747647944882 -0.013693793177746041 0
1747647944897 -0.026047154615235737 0
1747647944912 0.009225383830573771 0
1747647944924 -0.019189755117273135 0
1747647944939 0.026056734906850548 0
1747647944961 0.2678896616077075 0
1747647945112 0.1588228547775447 0
1747647945177 -0.018108633493925146 0
1747647945263 0.011230910821252693 0
1747647945301 0.008201946463222441 0
1747647945325 0.026298658138327817 0
1747647945356 -0.00876013699742291 0
1747647945367 0.17877966642111068 0
1747647945375 -0.05232139328874931 0
1747647945408 0.00021430609859847256 0
1747647945426 -0.0008916186718117929 0
1747647945497 -0.004656956124476122 0
1747647945536 0.0013557274344418871 0
1747647945550 -0.016663027202357295 0
1747647945561 0.0046983619712961415 0
1747647945594 0.006463193345061947 0
1747647945639 -0.0012149023932880938 0
1747647945687 -0.014136121913351446 0
1747647945715 -0.01204048040588679 0
1747647945758 -0.004306561785730579 0
1747647945808 -0.003794837238138816 0
1747647945853 0.014696252682447477 0
1747647945866 0.08364359184590255 0
1747647945910 0.28458860789237117 0
1747647945935 -0.01970497127566625 0
1747647945996 0.0 0
1747647946025 0.06911881571887783 0
1747647946050 0.013799208116440443 0
1747647946070 0.03140117615127913 0
1747647946099 -0.0013557274344418871 0
1747647946165 -0.03460586549539567 0
1747647946265 0.025556679365290196 0
1747647946287 -0.05060017386829231 0
1747647946298 0.02954584181145697 0
1747647946305 0.07815052884834392 0
1747647946370 0.05730247598418426 0
1747647946457 -0.027254327804626197 0
1747647946469 -0.021364895420358077 0
1747647946510 -0.008996141262778166 0
1747647946531 0.1974705168108787 0
1747647946555 0.01672144963489354 0
1747647946609 0.006730542929589356 0
1747647946685 -0.0073707494868574825 0
1747647946702 -0.26813079887378016 0
1747647946755 -0.060840099581510605 0
1747647946800 0.0130750541315681 0
1747647946855 -0.0023025256387091517 0
1747647946886 -0.014265811416947454 0
1747647946913 -0.012121470107194785 0
1747647946946 -0.036390701857094886 0
1747647946981 0.019857783678170624 0
1747647946992 0.0 0
1747647947001 -0.01577510063334505 0
1747647947061 0.04083522404126194 0
1747647947172 0.024964504426512345 0
1747647947184 -0.0032339143561806415 0
1747647947210 -0.0028811191877208867 0
1747647947221 -0.028341091871898105 0
1747647947316 -0.001860571737572515 0
1747647947329 -0.00020503471838635202 0
1747647947341 0.02228188423915896 0
1747647947367 0.00582901467662592 0
1747647947378 -0.022799764003771657 0
1747647947404 0.19427269515158394 0
1747647947417 0.007082726353907119 0
1747647947438 -0.0019959192298207957 0
1747647947478 0.013846143078583763 0
1747647947571 0.025986500220194293 0
1747647947593 -0.0006843583408659811 0
1747647947604 0.21954998100742953 0
1747647947639 -0.002893889499359688 0
1747647947663 -0.0009667023654892221 0
1747647947710 -0.03275561823462226 0
1747647947801 -0.0333642038065999 0
1747647947814 -0.05897414339825456 0
1747647947825 0.010519545720647486 0
1747647947847 -0.0053692146930796845 0
1747647947896 0.11502490279298658 0
1747647947909 0.010827489552746561 0
1747647947966 -0.0028125582987793473 0
1747647947984 0.006612782261120384 0
1747647948000 0.016484671833295363 0
1747647948031 0.0069432827563089645 0
1747647948085 -0.0037392574205431513 0
1747647948097 -0.04431343800314105 0
1747647948134 -0.02161413021468837 0
1747647948146 -0.010184380517884832 0
1747647948155 0.029246654677187078 0
1747647948177 0.010654325143020272 0
1747647948189 -0.007252211734968643 0
1747647948219 0.028945694020376306 0
1747647948233 -0.1702931200010613 0
1747647948335 0.005879784468418736 0
1747647948437 0.020932795068939615 0
1747647948450 0.0980197529239232 0
1747647948499 0.025251314556958164 0
1747647948519 0.01844513004015774 0
1747647948537 0.0042475642976309855 0
1747647948592 0.0019334047309790858 0
1747647948609 -0.0009586703852873316 0
1747647948647 0.029260739123899163 0
1747647948676 0.014690343326311023 0
1747647948726 -0.3759321829681927 0
1747647948753 -0.5961745050554378 0
1747647948764 0.0 0
1747647948800 -0.019228480878590744 0
1747647948808 0.01307620313071607 0
1747647948869 0.007296896889218102 0
1747647948903 0.010338879694341479 0
1747647948945 0.26167605236155683 0
1747647948989 -0.0015974369991837698 0
1747647949085 -0.0005540961500402953 0
1747647949107 -0.03377554160705176 0
1747647949145 -1.4888487649086184 0
1747647949174 0.005641158082276619 0
1747647949204 0.0 0
1747647949220 0.049440462877854696 0
1747647949236 0.0073707494868574825 0
1747647949248 -0.1230434203657517 0
1747647949259 0.006342648066568732 0
1747647949314 0.022795937146422272 0
1747647949425 0.03180745205752238 0
1747647949450 -0.019863886296893257 0
1747647949481 -0.0005723369772192877 0
1747647949491 -0.03162160002158649 0
1747647949553 -0.009197746909291635 0
1747647949621 0.012884748380130002 0
1747647949634 -0.01651999990538879 0
1747647949720 -0.09969358925622185 0
1747647949751 -0.02236022036620326 0
1747647949766 -0.00040814470856047607 0
1747647949803 0.020823668380588023 0
1747647949826 -0.01905535890543181 0
1747647949837 -0.0012951872814369679 0
1747647949868 -0.023524282663066613 0
1747647949879 -0.019213588001281718 0
1747647950091 0.008126594245712666 0
1747647950158 0.0 0
1747647950190 0.033623889170438216 0
1747647950206 -0.009225383830573771 0
1747647950252 0.28238411350783005 0
1747647950287 -0.9134190533338733 0
1747647950327 0.02278480155084217 0
1747647950357 -0.00966701420737972 0
1747647950381 -0.005142854171884472 0
1747647950401 -0.016053901382521114 0
1747647950433 0.009279143663198382 0
1747647950526 -0.007309014517144286 0
1747647950550 0.00045761924476601554 0
1747647950645 -0.0023690429093178806 0
1747647950662 0.018227838770862263 0
1747647950741 0.07355571766548315 0
1747647950815 0.017208404685973334 0
1747647950859 -0.009918618109022056 0
1747647950898 0.0011545858988974563 0
1747647950974 -0.07989733599062124 0
1747647951012 -0.0033499051675473183 0
1747647951067 -0.28636232045565835 0
1747647951078 0.020876275061212778 0
1747647951087 -0.024833266146995887 0
