1747647904006 0.0 0
1747647904029 inf 0
1747647904070 0.0 0
1747647904085 0.0 0
1747647904116 0.0 0
1747647904142 inf 0
1747647904165 inf 0
1747647904178 0.0 0
1747647904190 0.0 0
1747647904222 0.0 0
1747647904292 0.0 0
1747647904311 0.0 0
1747647904330 0.0 0
1747647904348 0.0 0
1747647904360 inf 0
1747647904375 inf 0
1747647904388 inf 0
1747647904404 0.0 0
1747647904427 inf 0
1747647904436 inf 0
1747647904445 inf 0
1747647904455 inf 0
1747647904469 0.0 0
1747647904503 0.0 0
1747647904524 inf 0
1747647904547 0.0 0
1747647904555 0.0 0
1747647904575 0.0 0
1747647904595 inf 0
1747647904609 inf 0
1747647904620 inf 0
1747647904640 0.0 0
1747647904651 0.0 0
1747647904665 0.0 0
1747647904676 0.0 0
1747647904687 inf 0
1747647904711 0.0 0
1747647904735 inf 0
1747647904752 0.0 0
1747647904767 0.0 0
1747647904784 0.0 0
1747647904795 0.0 0
1747647904842 0.0 0
1747647904878 inf 0
1747647904889 0.0 0
1747647904901 0.0 0
1747647904924 0.0 0
1747647904940 inf 0
1747647904958 0.0 0
1747647904980 0.0 0
1747647904992 0.0 0
1747647905005 0.0 0
1747647905049 0.0 0
1747647905071 inf 0
1747647905088 inf 0
1747647905096 inf 0
1747647905120 inf 0
1747647905131 0.0 0
1747647905143 inf 0
1747647905157 inf 0
1747647905168 inf 0
1747647905179 0.0 0
1747647905200 0.0 0
1747647905212 0.0 0
1747647905229 inf 0
1747647905251 inf 0
1747647905263 inf 0
1747647905274 inf 0
1747647905305 inf 0
1747647905344 inf 0
1747647905363 0.0 0
1747647905375 0.0 0
1747647905398 inf 0
1747647905415 inf 0
1747647905434 inf 0
1747647905449 0.0 0
1747647905460 0.0 0
1747647905485 inf 0
1747647905518 inf 0
1747647905544 inf 0
1747647905560 0.0 0
1747647905575 0.0 0
1747647905599 inf 0
1747647905615 0.0 0
1747647905626 0.0 0
1747647905682 0.0 0
1747647905694 0.0 0
1747647905711 inf 0
1747647905723 0.0 0
1747647905746 0.0 0
1747647905758 inf 0
1747647905768 0.0 0
1747647905791 0.0 0
1747647905803 inf 0
1747647905818 0.0 0
1747647905832 0.0 0
1747647905848 0.0 0
1747647905897 inf 0
1747647905963 inf 0
1747647905989 0.0 0
1747647906001 0.0 0
1747647906011 0.0 0
1747647906037 0.0 0
1747647906062 inf 0
1747647906125 inf 0
1747647906143 0.0 0
1747647906156 0.0 0
1747647906168 inf 0
1747647906183 inf 0
1747647906192 inf 0
1747647906199 0.0 0
1747647906210 0.0 0
1747647906218 0.0 0
1747647906225 inf 0
1747647906240 inf 0
1747647906257 inf 0
1747647906306 inf 0
1747647906319 0.0 0
1747647906362 inf 0
1747647906374 0.0 0
1747647906390 inf 0
1747647906404 0.0 0
1747647906425 inf 0
1747647906440 inf 0
1747647906459 0.0 0
1747647906490 inf 0
1747647906501 inf 0
1747647906512 0.0 0
1747647906523 inf 0
1747647906534 0.0 0
1747647906547 inf 0
1747647906586 0.0 0
1747647906596 inf 0
1747647906604 inf 0
1747647906618 inf 0
1747647906629 inf 0
1747647906650 0.0 0
1747647906660 inf 0
1747647906686 inf 0
1747647906706 0.0 0
1747647906718 inf 0
1747647906835 inf 0
1747647906852 inf 0
1747647906864 inf 0
1747647906887 inf 0
1747647906896 inf 0
1747647906925 0.0 0
1747647906937 inf 0
1747647906947 inf 0
1747647906997 0.0 0
1747647907033 0.0 0
1747647907060 inf 0
1747647907079 0.0 0
1747647907096 inf 0
1747647907154 0.0 0
1747647907167 0.0 0
1747647907178 inf 0
1747647907192 inf 0
1747647907204 0.0 0
1747647907218 0.0 0
1747647907234 0.0 0
1747647907250 inf 0
1747647907263 inf 0
1747647907271 0.0 0
1747647907283 inf 0
1747647907294 0.0 0
1747647907311 0.0 0
1747647907322 0.0 0
1747647907346 inf 0
1747647907375 inf 0
1747647907386 inf 0
1747647907419 inf 0
1747647907435 0.0 0
1747647907446 0.0 0
1747647907459 inf 0
1747647907474 0.0 0
1747647907503 inf 0
1747647907518 0.0 0
1747647907530 0.0 0
1747647907548 0.0 0
1747647907558 0.0 0
1747647907599 0.0 0
1747647907622 inf 0
1747647907633 inf 0
1747647907647 0.0 0
1747647907662 0.0 0
1747647907722 0.0 0
1747647907739 inf 0
1747647907759 inf 0
1747647907786 0.0 0
1747647907801 inf 0
1747647907814 0.0 0
1747647907831 inf 0
1747647907872 inf 0
1747647907883 inf 0
1747647907899 inf 0
1747647907911 inf 0
1747647907922 0.0 0
1747647907937 0.0 0
1747647907953 inf 0
1747647907976 0.0 0
1747647908004 inf 0
1747647908020 0.0 0
1747647908031 0.0 0
1747647908047 0.0 0
1747647908069 inf 0
1747647908085 inf 0
1747647908112 inf 0
1747647908144 0.0 0
1747647908152 inf 0
1747647908186 0.0 0
1747647908201 inf 0
1747647908223 0.0 0
1747647908259 inf 0
1747647908276 inf 0
1747647908297 0.0 0
1747647908327 inf 0
1747647908348 inf 0
1747647908359 inf 0
1747647908370 0.0 0
1747647908394 0.0 0
1747647908406 0.0 0
1747647908417 inf 0
1747647908428 inf 0
1747647908439 inf 0
1747647908452 inf 0
1747647908463 inf 0
1747647908491 inf 0
1747647908539 inf 0
1747647908557 0.0 0
1747647908566 inf 0
1747647908577 inf 0
1747647908589 inf 0
1747647908622 0.0 0
1747647908634 inf 0
1747647908659 0.0 0
1747647908670 inf 0
1747647908687 0.0 0
1747647908697 0.0 0
1747647908714 inf 0
1747647908721 inf 0
1747647908733 inf 0
1747647908753 inf 0
1747647908762 inf 0
1747647908800 inf 0
1747647908820 0.0 0
1747647908848 0.0 0
1747647908859 inf 0
1747647908875 inf 0
1747647908893 inf 0
1747647908916 inf 0
1747647908928 inf 0
1747647908943 inf 0
1747647908962 0.0 0
1747647909006 0.0 0
1747647909033 0.0 0
1747647909044 inf 0
1747647909065 inf 0
1747647909075 0.0 0
1747647909083 inf 0
1747647909112 0.0 0
1747647909138 inf 0
1747647909154 0.0 0
1747647909165 0.0 0
1747647909187 inf 0
1747647909208 inf 0
1747647909235 inf 0
1747647909266 inf 0
1747647909282 inf 0
1747647909294 0.0 0
1747647909307 0.0 0
1747647909315 inf 0
1747647909338 0.0 0
1747647909355 0.0 0
1747647909376 inf 0
1747647909394 inf 0
1747647909408 0.0 0
1747647909434 inf 0
1747647909452 inf 0
1747647909474 inf 0
1747647909484 inf 0
1747647909508 inf 0
1747647909520 0.0 0
1747647909531 0.0 0
1747647909550 0.0 0
1747647909572 0.0 0
1747647909582 0.0 0
1747647909595 0.0 0
1747647909608 inf 0
1747647909620 0.0 0
1747647909644 inf 0
1747647909665 0.0 0
1747647909697 0.0 0
1747647909708 0.0 0
1747647909744 inf 0
1747647909755 inf 0
1747647909782 0.0 0
1747647909799 inf 0
1747647909809 inf 0
1747647909848 inf 0
1747647909859 0.0 0
1747647909871 0.0 0
1747647909882 0.0 0
1747647909901 inf 0
1747647909950 0.0 0
1747647909961 0.0 0
1747647909975 0.0 0
1747647910000 inf 0
1747647910016 inf 0
1747647910049 inf 0
1747647910064 inf 0
1747647910075 inf 0
1747647910102 0.0 0
1747647910111 0.0 0
1747647910131 inf 0
1747647910164 inf 0
1747647910183 inf 0
1747647910199 0.0 0
1747647910210 0.0 0
1747647910219 0.0 0
1747647910240 0.0 0
1747647910253 0.0 0
1747647910264 0.0 0
1747647910276 inf 0
1747647910312 inf 0
1747647910344 inf 0
1747647910358 0.0 0
1747647910367 inf 0
1747647910384 inf 0
1747647910401 0.0 0
1747647910425 inf 0
1747647910454 inf 0
1747647910467 inf 0
1747647910488 0.0 0
1747647910505 inf 0
1747647910515 inf 0
1747647910546 inf 0
1747647910584 0.0 0
1747647910599 0.0 0
1747647910610 0.0 0
1747647910621 0.0 0
1747647910637 0.0 0
1747647910676 inf 0
1747647910707 inf 0
1747647910729 0.0 0
1747647910740 0.0 0
1747647910755 inf 0
1747647910767 inf 0
1747647910801 0.0 0
1747647910829 inf 0
1747647910845 0.0 0
1747647910859 0.0 0
1747647910920 inf 0
1747647910951 inf 0
1747647910963 0.0 0
1747647910975 inf 0
1747647910987 inf 0
1747647911019 inf 0
1747647911049 0.0 0
1747647911066 inf 0
1747647911092 0.0 0
1747647911108 0.0 0
1747647911120 inf 0
1747647911147 0.0 0
1747647911175 inf 0
1747647911217 inf 0
1747647911227 inf 0
1747647911243 inf 0
1747647911253 0.0 0
1747647911266 0.0 0
1747647911278 0.0 0
1747647911302 0.0 0
1747647911321 0.0 0
1747647911339 inf 0
1747647911358 0.0 0
1747647911370 inf 0
1747647911389 0.0 0
1747647911402 0.0 0
1747647911413 0.0 0
1747647911429 inf 0
1747647911438 inf 0
1747647911449 0.0 0
1747647911466 0.0 0
1747647911488 inf 0
1747647911525 0.0 0
1747647911541 0.0 0
1747647911562 0.0 0
1747647911584 inf 0
1747647911631 inf 0
1747647911642 inf 0
1747647911659 inf 0
1747647911675 inf 0
1747647911687 inf 0
1747647911698 0.0 0
1747647911726 inf 0
1747647911759 inf 0
1747647911771 0.0 0
1747647911795 inf 0
1747647911813 0.0 0
1747647911879 0.0 0
1747647911950 0.0 0
1747647911966 inf 0
1747647911980 inf 0
1747647911995 inf 0
1747647912009 inf 0
1747647912020 0.0 0
1747647912045 inf 0
1747647912056 inf 0
1747647912067 0.0 0
1747647912085 0.0 0
1747647912098 inf 0
1747647912114 0.0 0
1747647912189 inf 0
1747647912218 inf 0
1747647912234 inf 0
1747647912270 0.0 0
1747647912286 0.0 0
1747647912322 inf 0
1747647912343 inf 0
1747647912384 inf 0
1747647912399 0.0 0
1747647912410 0.0 0
1747647912422 0.0 0
1747647912430 0.0 0
1747647912441 0.0 0
1747647912460 inf 0
1747647912470 inf 0
1747647912485 0.0 0
1747647912517 0.0 0
1747647912539 inf 0
1747647912553 0.0 0
1747647912569 inf 0
1747647912593 0.0 0
1747647912617 inf 0
1747647913972 0.0 0
1747647913984 0.0 0
1747647914013 inf 0
1747647914093 0.0 0
1747647914111 0.0 0
1747647914152 0.0 0
1747647914162 inf 0
1747647914181 0.0 0
1747647914194 0.0 0
1747647914219 inf 0
1747647914258 inf 0
1747647914288 inf 0
1747647914323 inf 0
1747647914333 0.0 0
1747647914355 0.0 0
1747647914367 0.0 0
1747647914403 inf 0
1747647914430 inf 0
1747647914447 0.0 0
1747647914465 inf 0
1747647914482 inf 0
1747647914501 inf 0
1747647914545 inf 0
1747647914583 inf 0
1747647914595 0.0 0
1747647914616 0.0 0
1747647914627 inf 0
1747647914649 0.0 0
1747647914667 0.0 0
1747647914720 0.0 0
1747647914746 inf 0
1747647914775 inf 0
1747647914805 inf 0
1747647914816 inf 0
1747647914827 0.0 0
1747647914838 inf 0
1747647914847 inf 0
1747647914878 inf 0
1747647914888 0.0 0
1747647914898 inf 0
1747647914909 inf 0
1747647914941 0.0 0
1747647914951 inf 0
1747647914989 0.0 0
1747647915020 inf 0
1747647915031 0.0 0
1747647915062 0.0 0
1747647915090 inf 0
1747647915101 inf 0
1747647915132 inf 0
1747647915161 inf 0
1747647915173 0.0 0
1747647915190 0.0 0
1747647915204 inf 0
1747647915227 0.0 0
1747647915245 0.0 0
1747647915256 inf 0
1747647915271 inf 0
1747647915287 0.0 0
1747647915314 inf 0
1747647915335 inf 0
1747647915363 0.0 0
1747647915374 0.0 0
1747647915402 inf 0
1747647915427 inf 0
1747647915445 inf 0
1747647915454 inf 0
1747647915478 0.0 0
1747647915494 0.0 0
1747647915546 0.0 0
1747647915579 inf 0
1747647915590 inf 0
1747647915663 inf 0
1747647915697 inf 0
1747647915719 0.0 0
1747647915731 0.0 0
1747647915808 0.0 0
1747647915843 0.0 0
1747647915855 inf 0
1747647915867 0.0 0
1747647915878 inf 0
1747647915916 0.0 0
1747647915929 inf 0
1747647915956 inf 0
1747647915973 0.0 0
1747647915984 inf 0
1747647915993 inf 0
1747647916027 0.0 0
1747647916050 0.0 0
1747647916073 inf 0
1747647916106 0.0 0
1747647916118 0.0 0
1747647916188 inf 0
1747647916211 inf 0
1747647916222 0.0 0
1747647916267 0.0 0
1747647916301 0.0 0
1747647916323 0.0 0
1747647916334 0.0 0
1747647916357 inf 0
1747647916401 inf 0
1747647916427 0.0 0
1747647916458 0.0 0
1747647916480 0.0 0
1747647916494 0.0 0
1747647916513 0.0 0
1747647916541 inf 0
1747647916573 0.0 0
1747647916595 inf 0
1747647916611 inf 0
1747647916639 0.0 0
1747647916672 0.0 0
1747647916685 inf 0
1747647916695 0.0 0
1747647916713 0.0 0
1747647916726 0.0 0
1747647916743 inf 0
1747647916756 0.0 0
1747647916777 0.0 0
1747647916796 inf 0
1747647916812 0.0 0
1747647916837 inf 0
1747647916886 0.0 0
1747647916897 inf 0
1747647916927 0.0 0
1747647916944 inf 0
1747647916956 0.0 0
1747647916980 0.0 0
1747647917031 inf 0
1747647917042 inf 0
1747647917053 inf 0
1747647917066 inf 0
1747647917082 0.0 0
1747647917102 0.0 0
1747647917120 0.0 0
1747647917134 inf 0
1747647917149 0.0 0
1747647917159 inf 0
1747647917170 inf 0
1747647917182 0.0 0
1747647917210 inf 0
1747647917242 0.0 0
1747647917254 inf 0
1747647917275 inf 0
1747647917311 inf 0
1747647917320 0.0 0
1747647917333 0.0 0
1747647917354 inf 0
1747647917372 inf 0
1747647917394 inf 0
1747647917407 0.0 0
1747647917423 0.0 0
1747647917445 0.0 0
1747647917461 inf 0
1747647917473 0.0 0
1747647917485 0.0 0
1747647917496 inf 0
1747647917535 0.0 0
1747647917547 inf 0
1747647917558 inf 0
1747647917576 0.0 0
1747647917592 inf 0
1747647917620 inf 0
1747647917647 0.0 0
1747647917664 0.0 0
1747647917680 0.0 0
1747647917702 0.0 0
1747647917721 0.0 0
1747647917738 0.0 0
1747647917773 inf 0
1747647917787 0.0 0
1747647917796 inf 0
1747647917842 inf 0
1747647917861 inf 0
1747647917876 0.0 0
1747647917903 0.0 0
1747647917923 0.0 0
1747647917964 0.0 0
1747647917999 inf 0
1747647918010 inf 0
1747647918036 0.0 0
1747647918058 0.0 0
1747647918087 inf 0
1747647918105 0.0 0
1747647918119 inf 0
1747647918130 inf 0
1747647918154 0.0 0
1747647918170 0.0 0
1747647918229 0.0 0
1747647918257 inf 0
1747647918276 inf 0
1747647918305 inf 0
1747647918343 inf 0
1747647918358 0.0 0
1747647918368 inf 0
1747647918380 0.0 0
1747647918391 0.0 0
1747647918402 0.0 0
1747647918412 inf 0
1747647918424 0.0 0
1747647918446 inf 0
1747647918457 inf 0
1747647918472 inf 0
1747647918485 0.0 0
1747647918520 inf 0
1747647918536 inf 0
1747647918550 inf 0
1747647918563 inf 0
1747647918613 0.0 0
1747647918629 inf 0
1747647918686 inf 0
1747647918698 inf 0
1747647918716 inf 0
1747647918726 inf 0
1747647918747 0.0 0
1747647918777 inf 0
1747647918791 0.0 0
1747647918809 inf 0
1747647918817 0.0 0
1747647918868 0.0 0
1747647918894 inf 0
1747647918908 inf 0
1747647918944 inf 0
1747647918962 0.0 0
1747647918977 inf 0
1747647919004 inf 0
1747647919023 0.0 0
1747647919034 inf 0
1747647919067 0.0 0
1747647919091 inf 0
1747647919115 inf 0
1747647919180 inf 0
1747647919191 0.0 0
1747647919203 inf 0
1747647919217 0.0 0
1747647919244 0.0 0
1747647919317 inf 0
1747647919327 0.0 0
1747647919340 0.0 0
1747647919352 0.0 0
1747647919371 0.0 0
1747647919387 0.0 0
1747647919404 0.0 0
1747647919419 0.0 0
1747647919438 inf 0
1747647919453 inf 0
1747647919466 0.0 0
1747647919526 0.0 0
1747647919535 0.0 0
1747647919555 0.0 0
1747647919576 0.0 0
1747647919660 inf 0
1747647919682 inf 0
1747647919701 0.0 0
1747647919730 inf 0
1747647919771 inf 0
1747647919784 0.0 0
1747647919801 0.0 0
1747647919810 0.0 0
1747647919835 inf 0
1747647919852 0.0 0
1747647919871 0.0 0
1747647919896 0.0 0
1747647919910 inf 0
1747647919947 inf 0
1747647919973 0.0 0
1747647919993 0.0 0
1747647920011 0.0 0
1747647920034 inf 0
1747647920046 0.0 0
1747647920065 inf 0
1747647920092 0.0 0
1747647920105 0.0 0
1747647920119 inf 0
1747647920146 inf 0
1747647920163 0.0 0
1747647920177 inf 0
1747647920224 0.0 0
1747647920247 0.0 0
1747647920266 inf 0
1747647920280 inf 0
1747647920293 0.0 0
1747647920334 0.0 0
1747647920361 inf 0
1747647920400 0.0 0
1747647920413 0.0 0
1747647920498 inf 0
1747647920511 0.0 0
1747647920554 inf 0
1747647920568 0.0 0
1747647920580 0.0 0
1747647920594 0.0 0
1747647920619 inf 0
1747647920634 inf 0
1747647920680 inf 0
1747647920703 inf 0
1747647920717 0.0 0
1747647920748 inf 0
1747647920782 0.0 0
1747647920804 0.0 0
1747647920818 0.0 0
1747647920837 inf 0
1747647920906 inf 0
1747647920944 0.0 0
1747647920981 inf 0
1747647920996 0.0 0
1747647921025 inf 0
1747647921038 inf 0
1747647921061 inf 0
1747647921097 inf 0
1747647921110 inf 0
1747647921130 0.0 0
1747647921145 inf 0
1747647921175 0.0 0
1747647921213 inf 0
1747647921235 inf 0
1747647921268 inf 0
1747647921284 inf 0
1747647921296 inf 0
1747647921309 inf 0
1747647921322 inf 0
1747647921331 0.0 0
1747647921341 inf 0
1747647921360 0.0 0
1747647921376 0.0 0
1747647921396 inf 0
1747647921415 inf 0
1747647921428 0.0 0
1747647921477 inf 0
1747647921501 inf 0
1747647921528 inf 0
1747647921600 0.0 0
1747647921612 inf 0
1747647921625 0.0 0
1747647921647 inf 0
1747647921659 inf 0
1747647921678 inf 0
1747647921696 inf 0
1747647921722 0.0 0
1747647921735 0.0 0
1747647921778 0.0 0
1747647921793 inf 0
1747647921805 0.0 0
1747647921862 0.0 0
1747647921890 inf 0
1747647921904 inf 0
1747647921928 0.0 0
1747647921941 inf 0
1747647921953 0.0 0
1747647921987 inf 0
1747647922003 0.0 0
1747647922014 inf 0
1747647922031 inf 0
1747647922071 0.0 0
1747647922107 inf 0
1747647922139 inf 0
1747647922188 inf 0
1747647922216 inf 0
1747647922292 inf 0
1747647922332 inf 0
1747647922351 0.0 0
1747647922365 inf 0
1747647922386 inf 0
1747647922406 inf 0
1747647922426 0.0 0
1747647922454 0.0 0
1747647922476 0.0 0
1747647922497 0.0 0
1747647922547 inf 0
1747647922582 inf 0
1747647922633 0.0 0
1747647922683 inf 0
1747647922710 0.0 0
1747647922731 0.0 0
1747647922771 0.0 0
1747647922805 inf 0
1747647922820 0.0 0
1747647922838 inf 0
1747647922849 inf 0
1747647922861 inf 0
1747647922877 0.0 0
1747647922891 inf 0
1747647922930 0.0 0
1747647922983 inf 0
1747647923091 inf 0
1747647923129 inf 0
1747647923159 0.0 0
1747647923171 inf 0
1747647923189 inf 0
1747647923201 inf 0
1747647923223 inf 0
1747647923237 0.0 0
1747647923260 inf 0
1747647923279 0.0 0
1747647923296 0.0 0
1747647923333 inf 0
1747647923363 inf 0
1747647923397 0.0 0
1747647923422 inf 0
1747647923436 inf 0
1747647923478 inf 0
1747647923490 0.0 0
1747647923501 0.0 0
1747647923527 inf 0
1747647923549 inf 0
1747647923562 inf 0
1747647923576 inf 0
1747647923604 inf 0
1747647923663 0.0 0
1747647923692 0.0 0
1747647923711 inf 0
1747647923730 0.0 0
1747647923769 inf 0
1747647923811 0.0 0
1747647923822 inf 0
1747647923846 0.0 0
1747647923859 inf 0
1747647923882 inf 0
1747647923896 inf 0
1747647923942 0.0 0
1747647923959 inf 0
1747647923982 0.0 0
1747647924013 0.0 0
1747647924029 inf 0
1747647924067 0.0 0
1747647924093 0.0 0
1747647924114 inf 0
1747647924128 inf 0
1747647924136 inf 0
1747647924148 inf 0
1747647924171 inf 0
1747647924205 0.0 0
1747647924218 inf 0
1747647924251 inf 0
1747647924263 inf 0
1747647924276 inf 0
1747647924305 inf 0
1747647924346 0.0 0
1747647924359 inf 0
1747647924375 inf 0
1747647924389 inf 0
1747647924436 0.0 0
1747647924447 0.0 0
1747647924470 0.0 0
1747647924488 0.0 0
1747647924496 inf 0
1747647924517 0.0 0
1747647924543 0.0 0
1747647924555 inf 0
1747647924587 inf 0
1747647924650 inf 0
1747647924711 0.0 0
1747647924728 inf 0
1747647924765 0.0 0
1747647924777 0.0 0
1747647924790 inf 0
1747647924843 0.0 0
1747647924868 0.0 0
1747647924883 inf 0
1747647924910 inf 0
1747647924922 0.0 0
1747647924939 inf 0
1747647924956 0.0 0
1747647924972 0.0 0
1747647925024 inf 0
1747647925077 0.0 0
1747647925093 inf 0
1747647925105 0.0 0
1747647925117 0.0 0
1747647925140 inf 0
1747647925151 0.0 0
1747647925204 inf 0
1747647925221 0.0 0
1747647925245 inf 0
1747647925259 0.0 0
1747647925302 inf 0
1747647925334 0.0 0
1747647925348 inf 0
1747647925373 inf 0
1747647925402 0.0 0
1747647925416 0.0 0
1747647925431 inf 0
1747647925472 inf 0
1747647925492 0.0 0
1747647925519 0.0 0
1747647925539 0.0 0
1747647925550 0.0 0
1747647925568 inf 0
1747647925598 inf 0
1747647925609 0.0 0
1747647925621 0.0 0
1747647925662 inf 0
1747647925684 inf 0
1747647925697 0.0 0
1747647925705 0.0 0
1747647925717 inf 0
1747647925738 inf 0
1747647925756 inf 0
1747647925770 0.0 0
1747647925788 inf 0
1747647925807 inf 0
1747647925839 0.0 0
1747647925851 inf 0
1747647925860 inf 0
1747647925876 inf 0
1747647925887 0.0 0
1747647925918 0.0 0
1747647925928 0.0 0
1747647925939 inf 0
1747647925998 inf 0
1747647926016 inf 0
1747647926024 inf 0
1747647926036 inf 0
1747647926077 inf 0
1747647926108 inf 0
1747647926131 0.0 0
1747647926145 inf 0
1747647926175 inf 0
1747647926199 0.0 0
1747647926213 inf 0
1747647926256 inf 0
1747647926274 0.0 0
1747647926285 inf 0
1747647926298 0.0 0
1747647926320 0.0 0
1747647926340 inf 0
1747647926354 0.0 0
1747647926409 inf 0
1747647926421 0.0 0
1747647926448 inf 0
1747647926475 0.0 0
1747647926492 0.0 0
1747647926507 inf 0
1747647926532 inf 0
1747647926584 0.0 0
1747647926607 inf 0
1747647926623 inf 0
1747647926633 0.0 0
1747647926683 0.0 0
1747647926696 0.0 0
1747647926730 inf 0
1747647926773 inf 0
1747647926791 0.0 0
1747647926844 0.0 0
1747647926864 inf 0
1747647926892 0.0 0
1747647926905 inf 0
1747647926913 0.0 0
1747647926927 inf 0
1747647926950 0.0 0
1747647926980 0.0 0
1747647927016 0.0 0
1747647927032 0.0 0
1747647927043 inf 0
1747647927074 0.0 0
1747647927087 0.0 0
1747647927104 inf 0
1747647927119 inf 0
1747647927135 0.0 0
1747647927155 0.0 0
1747647927165 0.0 0
1747647927185 0.0 0
1747647927197 0.0 0
1747647927208 inf 0
1747647927223 0.0 0
1747647927241 inf 0
1747647927256 inf 0
1747647927267 inf 0
1747647927322 0.0 0
1747647927337 inf 0
1747647927365 inf 0
1747647927385 inf 0
1747647927395 inf 0
1747647927406 0.0 0
1747647927423 inf 0
1747647927446 inf 0
1747647927458 0.0 0
1747647927472 0.0 0
1747647927484 0.0 0
1747647927512 0.0 0
1747647927544 0.0 0
1747647927576 0.0 0
1747647927586 0.0 0
1747647927626 0.0 0
1747647927643 0.0 0
1747647927654 inf 0
1747647927691 0.0 0
1747647927741 inf 0
1747647927755 inf 0
1747647927785 inf 0
1747647927814 inf 0
1747647927844 0.0 0
1747647927878 0.0 0
1747647927892 inf 0
1747647927907 inf 0
1747647927938 inf 0
1747647927963 inf 0
1747647927973 0.0 0
1747647927983 inf 0
1747647927992 inf 0
1747647928006 0.0 0
1747647928017 inf 0
1747647928033 0.0 0
1747647928048 inf 0
1747647929099 0.0 0
1747647929117 0.0 0
1747647929181 0.0 0
1747647929199 0.0 0
1747647929227 inf 0
1747647929306 0.0 0
1747647929319 0.0 0
1747647929346 inf 0
1747647929374 0.0 0
1747647929405 inf 0
1747647929432 inf 0
1747647929454 inf 0
1747647929473 inf 0
1747647929523 0.0 0
1747647929554 inf 0
1747647929612 inf 0
1747647929637 inf 0
1747647929706 0.0 0
1747647929764 0.0 0
1747647929791 0.0 0
1747647929835 0.0 0
1747647929872 0.0 0
1747647929892 0.0 0
1747647929914 0.0 0
1747647929934 0.0 0
1747647929952 inf 0
1747647929986 0.0 0
1747647930030 inf 0
1747647930056 0.0 0
1747647930068 0.0 0
1747647930101 inf 0
1747647930130 inf 0
1747647930171 0.0 0
1747647930186 0.0 0
1747647930200 inf 0
1747647930239 0.0 0
1747647930251 0.0 0
1747647930266 inf 0
1747647930307 0.0 0
1747647930327 0.0 0
1747647930377 inf 0
1747647930399 inf 0
1747647930414 0.0 0
1747647930425 inf 0
1747647930434 0.0 0
1747647930477 0.0 0
1747647930506 inf 0
1747647930530 0.0 0
1747647930562 inf 0
1747647930586 0.0 0
1747647930609 inf 0
1747647930660 0.0 0
1747647930689 0.0 0
1747647930706 inf 0
1747647930719 inf 0
1747647930731 inf 0
1747647930755 0.0 0
1747647930768 inf 0
1747647930777 0.0 0
1747647930800 inf 0
1747647930812 0.0 0
1747647930822 inf 0
1747647930832 inf 0
1747647930898 inf 0
1747647930946 inf 0
1747647930980 0.0 0
1747647931014 inf 0
1747647931039 inf 0
1747647931058 0.0 0
1747647931096 0.0 0
1747647931110 0.0 0
1747647931145 0.0 0
1747647931167 0.0 0
1747647931181 inf 0
1747647931236 inf 0
1747647931267 0.0 0
1747647931284 0.0 0
1747647931314 inf 0
1747647931393 inf 0
1747647931434 0.0 0
1747647931462 inf 0
1747647931479 inf 0
1747647931513 0.0 0
1747647931577 inf 0
1747647931610 0.0 0
1747647931641 0.0 0
1747647931659 inf 0
1747647931684 inf 0
1747647931698 0.0 0
1747647931711 inf 0
1747647931758 inf 0
1747647931779 inf 0
1747647931797 inf 0
1747647931814 0.0 0
1747647931839 inf 0
1747647931854 inf 0
1747647931870 0.0 0
1747647931890 0.0 0
1747647931920 inf 0
1747647931955 0.0 0
1747647931972 0.0 0
1747647931987 0.0 0
1747647932027 0.0 0
1747647932042 inf 0
1747647932065 inf 0
1747647932077 0.0 0
1747647932091 inf 0
1747647932103 0.0 0
1747647932140 inf 0
1747647932158 0.0 0
1747647932183 inf 0
1747647932211 0.0 0
1747647932238 0.0 0
1747647932259 inf 0
1747647932279 0.0 0
1747647932301 inf 0
1747647932334 inf 0
1747647932347 inf 0
1747647932408 inf 0
1747647932441 0.0 0
1747647932453 0.0 0
1747647932479 inf 0
1747647932513 0.0 0
1747647932534 inf 0
1747647932554 inf 0
1747647932573 0.0 0
1747647932613 inf 0
1747647932714 inf 0
1747647932742 inf 0
1747647932764 inf 0
1747647932811 0.0 0
1747647932823 0.0 0
1747647932841 0.0 0
1747647932888 inf 0
1747647932897 inf 0
1747647932926 inf 0
1747647932954 0.0 0
1747647932965 inf 0
1747647933044 0.0 0
1747647933060 inf 0
1747647933104 inf 0
1747647933140 inf 0
1747647933156 inf 0
1747647933173 0.0 0
1747647933186 0.0 0
1747647933198 0.0 0
1747647933210 0.0 0
1747647933235 0.0 0
1747647933248 inf 0
1747647933268 0.0 0
1747647933391 0.0 0
1747647933446 inf 0
1747647933466 inf 0
1747647933493 inf 0
1747647933510 inf 0
1747647933520 0.0 0
1747647933543 inf 0
1747647933563 inf 0
1747647933631 0.0 0
1747647933658 0.0 0
1747647933700 inf 0
1747647933806 inf 0
1747647933870 0.0 0
1747647933884 inf 0
1747647933915 inf 0
1747647933934 inf 0
1747647933946 0.0 0
1747647933973 0.0 0
1747647933987 inf 0
1747647934001 inf 0
1747647934014 0.0 0
1747647934027 inf 0
1747647934065 0.0 0
1747647934075 inf 0
1747647934096 inf 0
1747647934121 0.0 0
1747647934155 inf 0
1747647934174 inf 0
1747647934185 0.0 0
1747647934207 0.0 0
1747647934218 inf 0
1747647934268 inf 0
1747647934296 inf 0
1747647934328 inf 0
1747647934342 inf 0
1747647934356 inf 0
1747647934367 inf 0
1747647934378 0.0 0
1747647934400 0.0 0
1747647934468 inf 0
1747647934500 0.0 0
1747647934526 inf 0
1747647934540 0.0 0
1747647934591 0.0 0
1747647934604 inf 0
1747647934623 inf 0
1747647934681 inf 0
1747647934710 inf 0
1747647934752 inf 0
1747647934768 inf 0
1747647934797 inf 0
1747647934832 inf 0
1747647934844 inf 0
1747647934862 0.0 0
1747647934873 inf 0
1747647934885 inf 0
1747647934921 0.0 0
1747647934979 0.0 0
1747647934992 0.0 0
1747647935007 0.0 0
1747647935038 inf 0
1747647935060 0.0 0
1747647935084 inf 0
1747647935099 inf 0
1747647935108 0.0 0
1747647935164 0.0 0
1747647935176 0.0 0
1747647935198 0.0 0
1747647935236 0.0 0
1747647935285 0.0 0
1747647935302 0.0 0
1747647935335 0.0 0
1747647935352 0.0 0
1747647935363 inf 0
1747647935422 0.0 0
1747647935444 0.0 0
1747647935461 0.0 0
1747647935473 0.0 0
1747647935580 inf 0
1747647935598 inf 0
1747647935631 0.0 0
1747647935642 inf 0
1747647935667 0.0 0
1747647935717 0.0 0
1747647935773 0.0 0
1747647935803 0.0 0
1747647935840 0.0 0
1747647935866 0.0 0
1747647935887 inf 0
1747647935900 inf 0
1747647935923 inf 0
1747647935937 inf 0
1747647935948 0.0 0
1747647935956 0.0 0
1747647935989 inf 0
1747647936000 0.0 0
1747647936045 inf 0
1747647936063 0.0 0
1747647936082 inf 0
1747647936106 0.0 0
1747647936137 inf 0
1747647936197 inf 0
1747647936215 inf 0
1747647936237 0.0 0
1747647936248 inf 0
1747647936265 0.0 0
1747647936277 0.0 0
1747647936314 0.0 0
1747647936327 0.0 0
1747647936355 0.0 0
1747647936367 0.0 0
1747647936378 0.0 0
1747647936416 0.0 0
1747647936424 inf 0
1747647936441 inf 0
1747647936464 inf 0
1747647936477 inf 0
1747647936505 inf 0
1747647936589 0.0 0
1747647936600 inf 0
1747647936621 0.0 0
1747647936667 0.0 0
1747647936692 inf 0
1747647936734 inf 0
1747647936753 inf 0
1747647936773 inf 0
1747647936806 0.0 0
1747647936845 inf 0
1747647936861 inf 0
1747647936888 0.0 0
1747647936924 inf 0
1747647936968 inf 0
1747647936981 0.0 0
1747647937011 0.0 0
1747647937025 inf 0
1747647937046 0.0 0
1747647937125 0.0 0
1747647937199 0.0 0
1747647937211 0.0 0
1747647937238 0.0 0
1747647937263 inf 0
1747647937281 inf 0
1747647937292 0.0 0
1747647937308 0.0 0
1747647937320 inf 0
1747647937342 0.0 0
1747647937363 0.0 0
1747647937396 0.0 0
1747647937430 inf 0
1747647937439 inf 0
1747647937459 0.0 0
1747647937486 inf 0
1747647937527 0.0 0
1747647937615 0.0 0
1747647937646 0.0 0
1747647937678 inf 0
1747647937695 inf 0
1747647937736 0.0 0
1747647937751 inf 0
1747647937815 inf 0
1747647937835 0.0 0
1747647937853 inf 0
1747647937868 0.0 0
1747647937944 0.0 0
1747647937973 0.0 0
1747647937995 0.0 0
1747647938013 0.0 0
1747647938044 inf 0
1747647938059 0.0 0
1747647938070 0.0 0
1747647938084 inf 0
1747647938108 inf 0
1747647938141 inf 0
1747647938259 0.0 0
1747647938277 inf 0
1747647938304 0.0 0
1747647938337 0.0 0
1747647938438 0.0 0
1747647938450 inf 0
1747647938468 0.0 0
1747647938481 inf 0
1747647938526 0.0 0
1747647938611 inf 0
1747647938627 0.0 0
1747647938644 inf 0
1747647938676 inf 0
1747647938710 0.0 0
1747647938724 0.0 0
1747647938736 inf 0
1747647938760 inf 0
1747647938853 0.0 0
1747647938890 inf 0
1747647938903 0.0 0
1747647938917 inf 0
1747647938965 0.0 0
1747647938984 0.0 0
1747647939048 inf 0
1747647939081 inf 0
1747647939117 0.0 0
1747647939127 inf 0
1747647939139 0.0 0
1747647939151 inf 0
1747647939164 inf 0
1747647939212 0.0 0
1747647939223 inf 0
1747647939246 0.0 0
1747647939257 inf 0
1747647939311 0.0 0
1747647939331 inf 0
1747647939344 0.0 0
1747647939393 inf 0
1747647939403 inf 0
1747647939444 inf 0
1747647939456 inf 0
1747647939475 inf 0
1747647939494 inf 0
1747647939503 inf 0
1747647939574 inf 0
1747647939623 inf 0
1747647939635 inf 0
1747647939705 0.0 0
1747647939718 0.0 0
1747647939729 inf 0
1747647939743 inf 0
1747647939802 0.0 0
1747647939814 inf 0
1747647939856 inf 0
1747647939900 0.0 0
1747647939912 inf 0
1747647939936 0.0 0
1747647939954 inf 0
1747647939965 0.0 0
1747647939978 inf 0
1747647940038 0.0 0
1747647940052 0.0 0
1747647940066 0.0 0
1747647940133 inf 0
1747647940230 0.0 0
1747647940274 inf 0
1747647940310 0.0 0
1747647940334 inf 0
1747647940354 0.0 0
1747647940372 inf 0
1747647940423 0.0 0
1747647940451 inf 0
1747647940460 inf 0
1747647940468 0.0 0
1747647940502 0.0 0
1747647940533 0.0 0
1747647940545 0.0 0
1747647940600 inf 0
1747647940626 0.0 0
1747647940657 0.0 0
1747647940676 inf 0
1747647940712 0.0 0
1747647940723 inf 0
1747647940748 0.0 0
1747647940790 inf 0
1747647940804 0.0 0
1747647940825 0.0 0
1747647940842 inf 0
1747647940899 inf 0
1747647940919 0.0 0
1747647940931 0.0 0
1747647940943 0.0 0
1747647940981 inf 0
1747647940994 0.0 0
1747647941062 0.0 0
1747647941095 0.0 0
1747647941107 0.0 0
1747647941118 inf 0
1747647941129 inf 0
1747647941145 0.0 0
1747647941156 inf 0
1747647941192 0.0 0
1747647941206 inf 0
1747647941218 inf 0
1747647941254 0.0 0
1747647941263 0.0 0
1747647941275 inf 0
1747647941290 0.0 0
1747647941304 0.0 0
1747647941338 inf 0
1747647941377 inf 0
1747647941452 inf 0
1747647941486 inf 0
1747647941530 inf 0
1747647941542 inf 0
1747647941579 0.0 0
1747647941609 inf 0
1747647941651 0.0 0
1747647941670 inf 0
1747647941721 0.0 0
1747647941734 0.0 0
1747647941781 0.0 0
1747647941854 inf 0
1747647941865 0.0 0
1747647941908 0.0 0
1747647941940 0.0 0
1747647941974 inf 0
1747647941997 inf 0
1747647942010 inf 0
1747647943134 0.0 0
1747647943193 0.0 0
1747647943208 inf 0
1747647943219 0.0 0
1747647943320 0.0 0
1747647943334 inf 0
1747647943424 inf 0
1747647943453 0.0 0
1747647943472 inf 0
1747647943496 inf 0
1747647943511 0.0 0
1747647943557 inf 0
1747647943604 0.0 0
1747647943646 inf 0
1747647943657 0.0 0
1747647943710 inf 0
1747647943720 inf 0
1747647943765 inf 0
1747647943776 0.0 0
1747647943788 inf 0
1747647943811 0.0 0
1747647943854 0.0 0
1747647943900 inf 0
1747647943950 0.0 0
1747647943978 0.0 0
1747647944052 inf 0
1747647944103 0.0 0
1747647944202 inf 0
1747647944246 0.0 0
1747647944263 0.0 0
1747647944285 inf 0
1747647944342 inf 0
1747647944488 0.0 0
1747647944500 inf 0
1747647944528 inf 0
1747647944577 inf 0
1747647944602 0.0 0
1747647944651 0.0 0
1747647944677 inf 0
1747647944721 0.0 0
1747647944732 0.0 0
1747647944792 inf 0
1747647944867 inf 0
1747647944881 0.0 0
1747647944895 0.0 0
1747647944911 inf 0
1747647944923 0.0 0
1747647944938 inf 0
1747647944960 inf 0
1747647945111 inf 0
1747647945175 0.0 0
1747647945261 inf 0
1747647945300 inf 0
1747647945324 inf 0
1747647945354 0.0 0
1747647945366 inf 0
1747647945374 0.0 0
1747647945407 inf 0
1747647945425 0.0 0
1747647945496 0.0 0
1747647945535 inf 0
1747647945549 0.0 0
1747647945560 inf 0
1747647945592 inf 0
1747647945638 0.0 0
1747647945685 0.0 0
1747647945713 0.0 0
1747647945757 0.0 0
1747647945806 0.0 0
1747647945852 inf 0
1747647945865 inf 0
1747647945909 inf 0
1747647945934 0.0 0
1747647945995 inf 0
1747647946024 inf 0
1747647946049 inf 0
1747647946069 inf 0
1747647946098 0.0 0
1747647946164 0.0 0
1747647946264 inf 0
1747647946286 0.0 0
1747647946297 inf 0
1747647946304 inf 0
1747647946369 inf 0
1747647946455 0.0 0
1747647946468 0.0 0
1747647946508 0.0 0
1747647946530 inf 0
1747647946554 inf 0
1747647946608 inf 0
1747647946684 0.0 0
1747647946700 0.0 0
1747647946754 0.0 0
1747647946799 inf 0
1747647946853 0.0 0
1747647946885 0.0 0
1747647946911 0.0 0
1747647946945 0.0 0
1747647946980 inf 0
1747647946991 inf 0
1747647947000 0.0 0
1747647947060 inf 0
1747647947170 inf 0
1747647947183 0.0 0
1747647947208 0.0 0
1747647947220 0.0 0
1747647947314 0.0 0
1747647947327 0.0 0
1747647947340 inf 0
1747647947365 inf 0
1747647947376 0.0 0
1747647947403 inf 0
1747647947416 inf 0
1747647947437 0.0 0
1747647947476 inf 0
1747647947570 inf 0
1747647947591 0.0 0
1747647947603 inf 0
1747647947638 0.0 0
1747647947662 0.0 0
1747647947709 0.0 0
1747647947799 0.0 0
1747647947813 0.0 0
1747647947824 inf 0
1747647947846 0.0 0
1747647947895 inf 0
1747647947908 inf 0
1747647947965 0.0 0
1747647947982 inf 0
1747647947999 inf 0
1747647948030 inf 0
1747647948084 0.0 0
1747647948096 0.0 0
1747647948132 0.0 0
1747647948145 0.0 0
1747647948154 inf 0
1747647948176 inf 0
1747647948188 0.0 0
1747647948218 inf 0
1747647948232 0.0 0
1747647948334 inf 0
1747647948436 inf 0
1747647948449 inf 0
1747647948497 inf 0
1747647948518 inf 0
1747647948535 inf 0
1747647948590 inf 0
1747647948608 0.0 0
1747647948645 inf 0
1747647948674 inf 0
1747647948725 0.0 0
1747647948752 0.0 0
1747647948762 inf 0
1747647948799 0.0 0
1747647948807 inf 0
1747647948867 inf 0
1747647948901 inf 0
1747647948943 inf 0
1747647948987 0.0 0
1747647949083 0.0 0
1747647949105 0.0 0
1747647949144 0.0 0
1747647949172 inf 0
1747647949203 inf 0
1747647949219 inf 0
1747647949235 inf 0
1747647949246 0.0 0
1747647949257 inf 0
1747647949313 inf 0
1747647949424 inf 0
1747647949449 0.0 0
1747647949479 0.0 0
1747647949490 0.0 0
1747647949552 0.0 0
1747647949619 inf 0
1747647949633 0.0 0
1747647949718 0.0 0
1747647949749 0.0 0
1747647949765 0.0 0
1747647949801 inf 0
1747647949825 0.0 0
1747647949836 0.0 0
1747647949867 0.0 0
1747647949878 0.0 0
1747647950089 inf 0
1747647950156 inf 0
1747647950189 inf 0
1747647950204 0.0 0
1747647950250 inf 0
1747647950286 0.0 0
1747647950325 inf 0
1747647950356 0.0 0
1747647950380 0.0 0
1747647950400 0.0 0
1747647950432 inf 0
1747647950524 0.0 0
1747647950549 inf 0
1747647950643 0.0 0
1747647950661 inf 0
1747647950739 inf 0
1747647950814 inf 0
1747647950858 0.0 0
1747647950897 inf 0
1747647950972 0.0 0
1747647951010 0.0 0
1747647951065 0.0 0
1747647951077 inf 0
1747647951086 0.0 0
