1747647904009 -0.08537034784841376 0
1747647904031 nan 0
1747647904073 nan 0
1747647904088 nan 0
1747647904119 nan 0
1747647904145 nan 0
1747647904168 nan 0
1747647904180 nan 0
1747647904193 nan 0
1747647904224 nan 0
1747647904296 nan 0
1747647904313 nan 0
1747647904333 nan 0
1747647904350 nan 0
1747647904362 nan 0
1747647904377 nan 0
1747647904390 nan 0
1747647904406 nan 0
1747647904430 nan 0
1747647904438 nan 0
1747647904447 nan 0
1747647904457 nan 0
1747647904471 nan 0
1747647904506 nan 0
1747647904526 nan 0
1747647904550 nan 0
1747647904557 nan 0
1747647904578 nan 0
1747647904598 nan 0
1747647904611 nan 0
1747647904622 nan 0
1747647904642 nan 0
1747647904653 nan 0
1747647904667 nan 0
1747647904678 nan 0
1747647904690 nan 0
1747647904713 nan 0
1747647904737 nan 0
1747647904755 nan 0
1747647904769 nan 0
1747647904786 nan 0
1747647904797 nan 0
1747647904844 nan 0
1747647904881 nan 0
1747647904892 nan 0
1747647904903 nan 0
1747647904927 nan 0
1747647904942 nan 0
1747647904960 nan 0
1747647904983 nan 0
1747647904994 nan 0
1747647905007 nan 0
1747647905051 nan 0
1747647905073 nan 0
1747647905090 nan 0
1747647905098 nan 0
1747647905122 nan 0
1747647905134 nan 0
1747647905145 nan 0
1747647905159 nan 0
1747647905170 nan 0
1747647905181 nan 0
1747647905202 nan 0
1747647905214 nan 0
1747647905231 nan 0
1747647905254 nan 0
1747647905265 nan 0
1747647905276 nan 0
1747647905308 nan 0
1747647905346 nan 0
1747647905366 nan 0
1747647905377 nan 0
1747647905401 nan 0
1747647905417 nan 0
1747647905437 nan 0
1747647905451 nan 0
1747647905462 nan 0
1747647905488 nan 0
1747647905520 nan 0
1747647905546 nan 0
1747647905562 nan 0
1747647905577 nan 0
1747647905602 nan 0
1747647905617 nan 0
1747647905629 nan 0
1747647905685 nan 0
1747647905696 nan 0
1747647905713 nan 0
1747647905725 nan 0
1747647905748 nan 0
1747647905760 nan 0
1747647905771 nan 0
1747647905794 nan 0
1747647905805 nan 0
1747647905819 nan 0
1747647905835 nan 0
1747647905850 nan 0
1747647905900 nan 0
1747647905966 nan 0
1747647905992 nan 0
1747647906003 nan 0
1747647906014 nan 0
1747647906040 nan 0
1747647906064 nan 0
1747647906127 nan 0
1747647906146 nan 0
1747647906158 nan 0
1747647906170 nan 0
1747647906185 nan 0
1747647906194 nan 0
1747647906201 nan 0
1747647906212 nan 0
1747647906220 nan 0
1747647906227 nan 0
1747647906242 nan 0
1747647906259 nan 0
1747647906308 nan 0
1747647906321 nan 0
1747647906365 nan 0
1747647906376 nan 0
1747647906392 nan 0
1747647906406 nan 0
1747647906428 nan 0
1747647906442 nan 0
1747647906461 nan 0
1747647906493 nan 0
1747647906503 nan 0
1747647906515 nan 0
1747647906525 nan 0
1747647906536 nan 0
1747647906549 nan 0
1747647906589 nan 0
1747647906598 nan 0
1747647906606 nan 0
1747647906620 nan 0
1747647906631 nan 0
1747647906652 nan 0
1747647906663 nan 0
1747647906688 nan 0
1747647906709 nan 0
1747647906720 nan 0
1747647906837 nan 0
1747647906854 nan 0
1747647906866 nan 0
1747647906890 nan 0
1747647906898 nan 0
1747647906928 nan 0
1747647906940 nan 0
1747647906950 nan 0
1747647906999 nan 0
1747647907036 nan 0
1747647907063 nan 0
1747647907082 nan 0
1747647907098 nan 0
1747647907157 nan 0
1747647907169 nan 0
1747647907181 nan 0
1747647907194 nan 0
1747647907206 nan 0
1747647907220 nan 0
1747647907236 nan 0
1747647907252 nan 0
1747647907265 nan 0
1747647907273 nan 0
1747647907285 nan 0
1747647907296 nan 0
1747647907313 nan 0
1747647907324 nan 0
1747647907349 nan 0
1747647907377 nan 0
1747647907389 nan 0
1747647907421 nan 0
1747647907437 nan 0
1747647907448 nan 0
1747647907461 nan 0
1747647907476 nan 0
1747647907505 nan 0
1747647907520 nan 0
1747647907533 nan 0
1747647907550 nan 0
1747647907561 nan 0
1747647907601 nan 0
1747647907625 nan 0
1747647907635 nan 0
1747647907649 nan 0
1747647907664 nan 0
1747647907724 nan 0
1747647907741 nan 0
1747647907761 nan 0
1747647907789 nan 0
1747647907803 nan 0
1747647907816 nan 0
1747647907834 nan 0
1747647907874 nan 0
1747647907885 nan 0
1747647907901 nan 0
1747647907913 nan 0
1747647907925 nan 0
1747647907939 nan 0
1747647907955 nan 0
1747647907979 nan 0
1747647908006 nan 0
1747647908022 nan 0
1747647908033 nan 0
1747647908049 nan 0
1747647908071 nan 0
1747647908088 nan 0
1747647908114 nan 0
1747647908146 nan 0
1747647908154 nan 0
1747647908188 nan 0
1747647908203 nan 0
1747647908225 nan 0
1747647908262 nan 0
1747647908278 nan 0
1747647908299 nan 0
1747647908329 nan 0
1747647908350 nan 0
1747647908361 nan 0
1747647908373 nan 0
1747647908397 nan 0
1747647908408 nan 0
1747647908419 nan 0
1747647908430 nan 0
1747647908441 nan 0
1747647908455 nan 0
1747647908466 nan 0
1747647908494 nan 0
1747647908542 nan 0
1747647908559 nan 0
1747647908568 nan 0
1747647908579 nan 0
1747647908592 nan 0
1747647908625 nan 0
1747647908636 nan 0
1747647908661 nan 0
1747647908673 nan 0
1747647908689 nan 0
1747647908699 nan 0
1747647908716 nan 0
1747647908723 nan 0
1747647908735 nan 0
1747647908755 nan 0
1747647908764 nan 0
1747647908802 nan 0
1747647908823 nan 0
1747647908850 nan 0
1747647908861 nan 0
1747647908877 nan 0
1747647908895 nan 0
1747647908918 nan 0
1747647908930 nan 0
1747647908945 nan 0
1747647908964 nan 0
1747647909009 nan 0
1747647909036 nan 0
1747647909046 nan 0
1747647909067 nan 0
1747647909078 nan 0
1747647909085 nan 0
1747647909114 nan 0
1747647909140 nan 0
1747647909156 nan 0
1747647909167 nan 0
1747647909189 nan 0
1747647909211 nan 0
1747647909238 nan 0
1747647909268 nan 0
1747647909285 nan 0
1747647909297 nan 0
1747647909309 nan 0
1747647909317 nan 0
1747647909341 nan 0
1747647909357 nan 0
1747647909378 nan 0
1747647909397 nan 0
1747647909410 nan 0
1747647909437 nan 0
1747647909454 nan 0
1747647909476 nan 0
1747647909487 nan 0
1747647909510 nan 0
1747647909522 nan 0
1747647909533 nan 0
1747647909553 nan 0
1747647909575 nan 0
1747647909584 nan 0
1747647909597 nan 0
1747647909610 nan 0
1747647909622 nan 0
1747647909647 nan 0
1747647909668 nan 0
1747647909699 nan 0
1747647909710 nan 0
1747647909746 nan 0
1747647909757 nan 0
1747647909784 nan 0
1747647909801 nan 0
1747647909811 nan 0
1747647909851 nan 0
1747647909862 nan 0
1747647909873 nan 0
1747647909885 nan 0
1747647909904 nan 0
1747647909953 nan 0
1747647909963 nan 0
1747647909977 nan 0
1747647910002 nan 0
1747647910018 nan 0
1747647910051 nan 0
1747647910066 nan 0
1747647910078 nan 0
1747647910104 nan 0
1747647910113 nan 0
1747647910133 nan 0
1747647910167 nan 0
1747647910185 nan 0
1747647910201 nan 0
1747647910213 nan 0
1747647910221 nan 0
1747647910242 nan 0
1747647910255 nan 0
1747647910267 nan 0
1747647910278 nan 0
1747647910314 nan 0
1747647910346 nan 0
1747647910360 nan 0
1747647910369 nan 0
1747647910386 nan 0
1747647910404 nan 0
1747647910427 nan 0
1747647910456 nan 0
1747647910469 nan 0
1747647910490 nan 0
1747647910507 nan 0
1747647910518 nan 0
1747647910548 nan 0
1747647910586 nan 0
1747647910601 nan 0
1747647910612 nan 0
1747647910623 nan 0
1747647910639 nan 0
1747647910684 nan 0
1747647910710 nan 0
1747647910731 nan 0
1747647910743 nan 0
1747647910757 nan 0
1747647910769 nan 0
1747647910803 nan 0
1747647910831 nan 0
1747647910847 nan 0
1747647910861 nan 0
1747647910922 nan 0
1747647910954 nan 0
1747647910965 nan 0
1747647910977 nan 0
1747647910989 nan 0
1747647911021 nan 0
1747647911052 nan 0
1747647911068 nan 0
1747647911095 nan 0
1747647911110 nan 0
1747647911122 nan 0
1747647911149 nan 0
1747647911177 nan 0
1747647911220 nan 0
1747647911229 nan 0
1747647911246 nan 0
1747647911256 nan 0
1747647911268 nan 0
1747647911280 nan 0
1747647911304 nan 0
1747647911323 nan 0
1747647911341 nan 0
1747647911361 nan 0
1747647911372 nan 0
1747647911392 nan 0
1747647911404 nan 0
1747647911415 nan 0
1747647911430 nan 0
1747647911440 nan 0
1747647911451 nan 0
1747647911468 nan 0
1747647911491 nan 0
1747647911528 nan 0
1747647911543 nan 0
1747647911565 nan 0
1747647911586 nan 0
1747647911633 nan 0
1747647911644 nan 0
1747647911661 nan 0
1747647911677 nan 0
1747647911689 nan 0
1747647911701 nan 0
1747647911729 nan 0
1747647911761 nan 0
1747647911773 nan 0
1747647911798 nan 0
1747647911815 nan 0
1747647911881 nan 0
1747647911952 nan 0
1747647911968 nan 0
1747647911982 nan 0
1747647911997 nan 0
1747647912011 nan 0
1747647912023 nan 0
1747647912047 nan 0
1747647912058 nan 0
1747647912070 nan 0
1747647912088 nan 0
1747647912100 nan 0
1747647912116 nan 0
1747647912192 nan 0
1747647912220 nan 0
1747647912237 nan 0
1747647912273 nan 0
1747647912288 nan 0
1747647912325 nan 0
1747647912346 nan 0
1747647912387 nan 0
1747647912402 nan 0
1747647912413 nan 0
1747647912424 nan 0
1747647912431 nan 0
1747647912443 nan 0
1747647912463 nan 0
1747647912472 nan 0
1747647912487 nan 0
1747647912519 nan 0
1747647912541 nan 0
1747647912555 nan 0
1747647912571 nan 0
1747647912595 nan 0
1747647912620 nan 0
1747647913975 nan 0
1747647913986 nan 0
1747647914016 nan 0
1747647914096 nan 0
1747647914113 nan 0
1747647914154 nan 0
1747647914165 nan 0
1747647914184 nan 0
1747647914196 nan 0
1747647914222 nan 0
1747647914260 nan 0
1747647914290 nan 0
1747647914326 nan 0
1747647914335 nan 0
1747647914357 nan 0
1747647914369 nan 0
1747647914405 nan 0
1747647914433 nan 0
1747647914449 nan 0
1747647914468 nan 0
1747647914484 nan 0
1747647914503 nan 0
1747647914548 nan 0
1747647914586 nan 0
1747647914598 nan 0
1747647914618 nan 0
1747647914629 nan 0
1747647914652 nan 0
1747647914669 nan 0
1747647914723 nan 0
1747647914748 nan 0
1747647914778 nan 0
1747647914807 nan 0
1747647914818 nan 0
1747647914829 nan 0
1747647914841 nan 0
1747647914849 nan 0
1747647914880 nan 0
1747647914890 nan 0
1747647914900 nan 0
1747647914911 nan 0
1747647914943 nan 0
1747647914953 nan 0
1747647914992 nan 0
1747647915022 nan 0
1747647915033 nan 0
1747647915064 nan 0
1747647915092 nan 0
1747647915103 nan 0
1747647915135 nan 0
1747647915164 nan 0
1747647915175 nan 0
1747647915193 nan 0
1747647915207 nan 0
1747647915230 nan 0
1747647915247 nan 0
1747647915258 nan 0
1747647915273 nan 0
1747647915289 nan 0
1747647915317 nan 0
1747647915337 nan 0
1747647915365 nan 0
1747647915376 nan 0
1747647915405 nan 0
1747647915429 nan 0
1747647915447 nan 0
1747647915457 nan 0
1747647915480 nan 0
1747647915497 nan 0
1747647915549 nan 0
1747647915581 nan 0
1747647915593 nan 0
1747647915665 nan 0
1747647915699 nan 0
1747647915722 nan 0
1747647915734 nan 0
1747647915811 nan 0
1747647915846 nan 0
1747647915857 nan 0
1747647915869 nan 0
1747647915881 nan 0
1747647915919 nan 0
1747647915931 nan 0
1747647915958 nan 0
1747647915975 nan 0
1747647915987 nan 0
1747647915995 nan 0
1747647916029 nan 0
1747647916053 nan 0
1747647916075 nan 0
1747647916109 nan 0
1747647916120 nan 0
1747647916191 nan 0
1747647916213 nan 0
1747647916224 nan 0
1747647916270 nan 0
1747647916303 nan 0
1747647916326 nan 0
1747647916337 nan 0
1747647916359 nan 0
1747647916404 nan 0
1747647916430 nan 0
1747647916460 nan 0
1747647916483 nan 0
1747647916496 nan 0
1747647916515 nan 0
1747647916543 nan 0
1747647916575 nan 0
1747647916598 nan 0
1747647916613 nan 0
1747647916641 nan 0
1747647916675 nan 0
1747647916687 nan 0
1747647916698 nan 0
1747647916715 nan 0
1747647916728 nan 0
1747647916746 nan 0
1747647916758 nan 0
1747647916779 nan 0
1747647916799 nan 0
1747647916815 nan 0
1747647916840 nan 0
1747647916889 nan 0
1747647916899 nan 0
1747647916929 nan 0
1747647916946 nan 0
1747647916958 nan 0
1747647916983 nan 0
1747647917034 nan 0
1747647917045 nan 0
1747647917056 nan 0
1747647917068 nan 0
1747647917084 nan 0
1747647917105 nan 0
1747647917122 nan 0
1747647917136 nan 0
1747647917151 nan 0
1747647917162 nan 0
1747647917173 nan 0
1747647917184 nan 0
1747647917212 nan 0
1747647917244 nan 0
1747647917256 nan 0
1747647917278 nan 0
1747647917313 nan 0
1747647917322 nan 0
1747647917335 nan 0
1747647917357 nan 0
1747647917374 nan 0
1747647917397 nan 0
1747647917409 nan 0
1747647917425 nan 0
1747647917448 nan 0
1747647917463 nan 0
1747647917475 nan 0
1747647917487 nan 0
1747647917498 nan 0
1747647917537 nan 0
1747647917549 nan 0
1747647917561 nan 0
1747647917578 nan 0
1747647917594 nan 0
1747647917623 nan 0
1747647917650 nan 0
1747647917667 nan 0
1747647917685 nan 0
1747647917704 nan 0
1747647917724 nan 0
1747647917740 nan 0
1747647917776 nan 0
1747647917790 nan 0
1747647917799 nan 0
1747647917845 nan 0
1747647917863 nan 0
1747647917878 nan 0
1747647917906 nan 0
1747647917926 nan 0
1747647917967 nan 0
1747647918001 nan 0
1747647918012 nan 0
1747647918039 nan 0
1747647918060 nan 0
1747647918090 nan 0
1747647918107 nan 0
1747647918121 nan 0
1747647918132 nan 0
1747647918157 nan 0
1747647918172 nan 0
1747647918232 nan 0
1747647918259 nan 0
1747647918278 nan 0
1747647918307 nan 0
1747647918346 nan 0
1747647918360 nan 0
1747647918370 nan 0
1747647918382 nan 0
1747647918393 nan 0
1747647918405 nan 0
1747647918414 nan 0
1747647918426 nan 0
1747647918449 nan 0
1747647918460 nan 0
1747647918474 nan 0
1747647918487 nan 0
1747647918523 nan 0
1747647918538 nan 0
1747647918552 nan 0
1747647918565 nan 0
1747647918615 nan 0
1747647918631 nan 0
1747647918689 nan 0
1747647918701 nan 0
1747647918718 nan 0
1747647918729 nan 0
1747647918749 nan 0
1747647918780 nan 0
1747647918793 nan 0
1747647918811 nan 0
1747647918820 nan 0
1747647918870 nan 0
1747647918897 nan 0
1747647918913 nan 0
1747647918947 nan 0
1747647918965 nan 0
1747647918979 nan 0
1747647919007 nan 0
1747647919026 nan 0
1747647919036 nan 0
1747647919070 nan 0
1747647919094 nan 0
1747647919118 nan 0
1747647919182 nan 0
1747647919193 nan 0
1747647919205 nan 0
1747647919220 nan 0
1747647919247 nan 0
1747647919319 nan 0
1747647919330 nan 0
1747647919342 nan 0
1747647919355 nan 0
1747647919374 nan 0
1747647919394 nan 0
1747647919406 nan 0
1747647919421 nan 0
1747647919441 nan 0
1747647919455 nan 0
1747647919468 nan 0
1747647919528 nan 0
1747647919538 nan 0
1747647919558 nan 0
1747647919579 nan 0
1747647919662 nan 0
1747647919685 nan 0
1747647919704 nan 0
1747647919732 nan 0
1747647919774 nan 0
1747647919786 nan 0
1747647919803 nan 0
1747647919812 nan 0
1747647919837 nan 0
1747647919854 nan 0
1747647919873 nan 0
1747647919899 nan 0
1747647919912 nan 0
1747647919950 nan 0
1747647919976 nan 0
1747647919996 nan 0
1747647920014 nan 0
1747647920036 nan 0
1747647920049 nan 0
1747647920068 nan 0
1747647920095 nan 0
1747647920107 nan 0
1747647920122 nan 0
1747647920148 nan 0
1747647920166 nan 0
1747647920179 nan 0
1747647920229 nan 0
1747647920249 nan 0
1747647920268 nan 0
1747647920282 nan 0
1747647920295 nan 0
1747647920338 nan 0
1747647920363 nan 0
1747647920403 nan 0
1747647920415 nan 0
1747647920501 nan 0
1747647920513 nan 0
1747647920557 nan 0
1747647920570 nan 0
1747647920583 nan 0
1747647920596 nan 0
1747647920622 nan 0
1747647920637 nan 0
1747647920682 nan 0
1747647920705 nan 0
1747647920719 nan 0
1747647920750 nan 0
1747647920784 nan 0
1747647920807 nan 0
1747647920821 nan 0
1747647920839 nan 0
1747647920909 nan 0
1747647920954 nan 0
1747647920984 nan 0
1747647920998 nan 0
1747647921028 nan 0
1747647921041 nan 0
1747647921064 nan 0
1747647921100 nan 0
1747647921112 nan 0
1747647921133 nan 0
1747647921147 nan 0
1747647921177 nan 0
1747647921215 nan 0
1747647921237 nan 0
1747647921271 nan 0
1747647921287 nan 0
1747647921299 nan 0
1747647921312 nan 0
1747647921324 nan 0
1747647921333 nan 0
1747647921344 nan 0
1747647921363 nan 0
1747647921378 nan 0
1747647921399 nan 0
1747647921418 nan 0
1747647921431 nan 0
1747647921479 nan 0
1747647921503 nan 0
1747647921530 nan 0
1747647921602 nan 0
1747647921614 nan 0
1747647921627 nan 0
1747647921650 nan 0
1747647921662 nan 0
1747647921680 nan 0
1747647921699 nan 0
1747647921725 nan 0
1747647921737 nan 0
1747647921781 nan 0
1747647921795 nan 0
1747647921807 nan 0
1747647921865 nan 0
1747647921892 nan 0
1747647921906 nan 0
1747647921930 nan 0
1747647921943 nan 0
1747647921955 nan 0
1747647921990 nan 0
1747647922005 nan 0
1747647922016 nan 0
1747647922033 nan 0
1747647922073 nan 0
1747647922110 nan 0
1747647922142 nan 0
1747647922191 nan 0
1747647922219 nan 0
1747647922295 nan 0
1747647922335 nan 0
1747647922354 nan 0
1747647922368 nan 0
1747647922388 nan 0
1747647922409 nan 0
1747647922428 nan 0
1747647922456 nan 0
1747647922479 nan 0
1747647922499 nan 0
1747647922549 nan 0
1747647922586 nan 0
1747647922636 nan 0
1747647922685 nan 0
1747647922712 nan 0
1747647922734 nan 0
1747647922774 nan 0
1747647922808 nan 0
1747647922822 nan 0
1747647922840 nan 0
1747647922852 nan 0
1747647922864 nan 0
1747647922880 nan 0
1747647922894 nan 0
1747647922933 nan 0
1747647922987 nan 0
1747647923094 nan 0
1747647923132 nan 0
1747647923161 nan 0
1747647923173 nan 0
1747647923191 nan 0
1747647923203 nan 0
1747647923226 nan 0
1747647923239 nan 0
1747647923262 nan 0
1747647923282 nan 0
1747647923298 nan 0
1747647923336 nan 0
1747647923366 nan 0
1747647923400 nan 0
1747647923425 nan 0
1747647923439 nan 0
1747647923481 nan 0
1747647923492 nan 0
1747647923503 nan 0
1747647923530 nan 0
1747647923552 nan 0
1747647923565 nan 0
1747647923579 nan 0
1747647923606 nan 0
1747647923665 nan 0
1747647923696 nan 0
1747647923714 nan 0
1747647923732 nan 0
1747647923772 nan 0
1747647923814 nan 0
1747647923824 nan 0
1747647923849 nan 0
1747647923861 nan 0
1747647923885 nan 0
1747647923898 nan 0
1747647923945 nan 0
1747647923961 nan 0
1747647923984 nan 0
1747647924016 nan 0
1747647924031 nan 0
1747647924070 nan 0
1747647924095 nan 0
1747647924117 nan 0
1747647924130 nan 0
1747647924138 nan 0
1747647924150 nan 0
1747647924173 nan 0
1747647924208 nan 0
1747647924221 nan 0
1747647924254 nan 0
1747647924266 nan 0
1747647924278 nan 0
1747647924307 nan 0
1747647924349 nan 0
1747647924361 nan 0
1747647924377 nan 0
1747647924391 nan 0
1747647924438 nan 0
1747647924449 nan 0
1747647924472 nan 0
1747647924491 nan 0
1747647924498 nan 0
1747647924520 nan 0
1747647924545 nan 0
1747647924557 nan 0
1747647924590 nan 0
1747647924653 nan 0
1747647924714 nan 0
1747647924730 nan 0
1747647924768 nan 0
1747647924779 nan 0
1747647924793 nan 0
1747647924846 nan 0
1747647924871 nan 0
1747647924886 nan 0
1747647924913 nan 0
1747647924924 nan 0
1747647924941 nan 0
1747647924958 nan 0
1747647924974 nan 0
1747647925028 nan 0
1747647925080 nan 0
1747647925095 nan 0
1747647925107 nan 0
1747647925119 nan 0
1747647925143 nan 0
1747647925154 nan 0
1747647925209 nan 0
1747647925224 nan 0
1747647925248 nan 0
1747647925262 nan 0
1747647925304 nan 0
1747647925337 nan 0
1747647925350 nan 0
1747647925376 nan 0
1747647925405 nan 0
1747647925418 nan 0
1747647925433 nan 0
1747647925475 nan 0
1747647925495 nan 0
1747647925522 nan 0
1747647925541 nan 0
1747647925553 nan 0
1747647925570 nan 0
1747647925601 nan 0
1747647925612 nan 0
1747647925623 nan 0
1747647925664 nan 0
1747647925687 nan 0
1747647925699 nan 0
1747647925707 nan 0
1747647925719 nan 0
1747647925740 nan 0
1747647925759 nan 0
1747647925772 nan 0
1747647925790 nan 0
1747647925810 nan 0
1747647925841 nan 0
1747647925853 nan 0
1747647925862 nan 0
1747647925878 nan 0
1747647925889 nan 0
1747647925921 nan 0
1747647925930 nan 0
1747647925946 nan 0
1747647926002 nan 0
1747647926018 nan 0
1747647926026 nan 0
1747647926038 nan 0
1747647926079 nan 0
1747647926110 nan 0
1747647926133 nan 0
1747647926147 nan 0
1747647926177 nan 0
1747647926201 nan 0
1747647926215 nan 0
1747647926259 nan 0
1747647926276 nan 0
1747647926288 nan 0
1747647926301 nan 0
1747647926322 nan 0
1747647926342 nan 0
1747647926356 nan 0
1747647926412 nan 0
1747647926423 nan 0
1747647926451 nan 0
1747647926477 nan 0
1747647926494 nan 0
1747647926509 nan 0
1747647926535 nan 0
1747647926587 nan 0
1747647926609 nan 0
1747647926625 nan 0
1747647926635 nan 0
1747647926686 nan 0
1747647926698 nan 0
1747647926732 nan 0
1747647926775 nan 0
1747647926794 nan 0
1747647926846 nan 0
1747647926866 nan 0
1747647926894 nan 0
1747647926907 nan 0
1747647926916 nan 0
1747647926929 nan 0
1747647926953 nan 0
1747647926983 nan 0
1747647927019 nan 0
1747647927034 nan 0
1747647927045 nan 0
1747647927077 nan 0
1747647927089 nan 0
1747647927107 nan 0
1747647927121 nan 0
1747647927137 nan 0
1747647927158 nan 0
1747647927167 nan 0
1747647927187 nan 0
1747647927199 nan 0
1747647927210 nan 0
1747647927226 nan 0
1747647927243 nan 0
1747647927258 nan 0
1747647927269 nan 0
1747647927324 nan 0
1747647927339 nan 0
1747647927368 nan 0
1747647927387 nan 0
1747647927398 nan 0
1747647927409 nan 0
1747647927425 nan 0
1747647927448 nan 0
1747647927460 nan 0
1747647927474 nan 0
1747647927486 nan 0
1747647927514 nan 0
1747647927546 nan 0
1747647927578 nan 0
1747647927589 nan 0
1747647927628 nan 0
1747647927645 nan 0
1747647927656 nan 0
1747647927694 nan 0
1747647927744 nan 0
1747647927757 nan 0
1747647927788 nan 0
1747647927817 nan 0
1747647927847 nan 0
1747647927880 nan 0
1747647927894 nan 0
1747647927909 nan 0
1747647927940 nan 0
1747647927966 nan 0
1747647927976 nan 0
1747647927985 nan 0
1747647927994 nan 0
1747647928008 nan 0
1747647928020 nan 0
1747647928035 nan 0
1747647928050 nan 0
1747647929102 nan 0
1747647929120 nan 0
1747647929184 nan 0
1747647929202 nan 0
1747647929230 nan 0
1747647929309 nan 0
1747647929321 nan 0
1747647929349 nan 0
1747647929376 nan 0
1747647929408 nan 0
1747647929435 nan 0
1747647929456 nan 0
1747647929476 nan 0
1747647929526 nan 0
1747647929557 nan 0
1747647929615 nan 0
1747647929640 nan 0
1747647929709 nan 0
1747647929768 nan 0
1747647929794 nan 0
1747647929837 nan 0
1747647929874 nan 0
1747647929895 nan 0
1747647929917 nan 0
1747647929936 nan 0
1747647929955 nan 0
1747647929989 nan 0
1747647930033 nan 0
1747647930059 nan 0
1747647930070 nan 0
1747647930104 nan 0
1747647930133 nan 0
1747647930173 nan 0
1747647930188 nan 0
1747647930202 nan 0
1747647930242 nan 0
1747647930253 nan 0
1747647930268 nan 0
1747647930310 nan 0
1747647930329 nan 0
1747647930379 nan 0
1747647930402 nan 0
1747647930416 nan 0
1747647930427 nan 0
1747647930437 nan 0
1747647930479 nan 0
1747647930509 nan 0
1747647930533 nan 0
1747647930565 nan 0
1747647930589 nan 0
1747647930611 nan 0
1747647930662 nan 0
1747647930692 nan 0
1747647930708 nan 0
1747647930721 nan 0
1747647930734 nan 0
1747647930757 nan 0
1747647930770 nan 0
1747647930779 nan 0
1747647930802 nan 0
1747647930814 nan 0
1747647930824 nan 0
1747647930834 nan 0
1747647930900 nan 0
1747647930948 nan 0
1747647930982 nan 0
1747647931018 nan 0
1747647931042 nan 0
1747647931060 nan 0
1747647931099 nan 0
1747647931112 nan 0
1747647931148 nan 0
1747647931170 nan 0
1747647931184 nan 0
1747647931238 nan 0
1747647931270 nan 0
1747647931286 nan 0
1747647931318 nan 0
1747647931396 nan 0
1747647931437 nan 0
1747647931465 nan 0
1747647931481 nan 0
1747647931517 nan 0
1747647931580 nan 0
1747647931613 nan 0
1747647931644 nan 0
1747647931662 nan 0
1747647931687 nan 0
1747647931700 nan 0
1747647931713 nan 0
1747647931761 nan 0
1747647931782 nan 0
1747647931799 nan 0
1747647931816 nan 0
1747647931842 nan 0
1747647931856 nan 0
1747647931872 nan 0
1747647931893 nan 0
1747647931923 nan 0
1747647931957 nan 0
1747647931975 nan 0
1747647931989 nan 0
1747647932029 nan 0
1747647932044 nan 0
1747647932067 nan 0
1747647932079 nan 0
1747647932093 nan 0
1747647932105 nan 0
1747647932143 nan 0
1747647932160 nan 0
1747647932187 nan 0
1747647932213 nan 0
1747647932241 nan 0
1747647932262 nan 0
1747647932282 nan 0
1747647932304 nan 0
1747647932336 nan 0
1747647932350 nan 0
1747647932411 nan 0
1747647932444 nan 0
1747647932456 nan 0
1747647932482 nan 0
1747647932517 nan 0
1747647932537 nan 0
1747647932557 nan 0
1747647932576 nan 0
1747647932616 nan 0
1747647932717 nan 0
1747647932745 nan 0
1747647932766 nan 0
1747647932814 nan 0
1747647932826 nan 0
1747647932844 nan 0
1747647932891 nan 0
1747647932900 nan 0
1747647932928 nan 0
1747647932957 nan 0
1747647932967 nan 0
1747647933047 nan 0
1747647933062 nan 0
1747647933107 nan 0
1747647933143 nan 0
1747647933158 nan 0
1747647933175 nan 0
1747647933189 nan 0
1747647933200 nan 0
1747647933212 nan 0
1747647933238 nan 0
1747647933250 nan 0
1747647933271 nan 0
1747647933394 nan 0
1747647933448 nan 0
1747647933468 nan 0
1747647933495 nan 0
1747647933513 nan 0
1747647933522 nan 0
1747647933546 nan 0
1747647933565 nan 0
1747647933634 nan 0
1747647933669 nan 0
1747647933703 nan 0
1747647933809 nan 0
1747647933873 nan 0
1747647933886 nan 0
1747647933918 nan 0
1747647933936 nan 0
1747647933948 nan 0
1747647933976 nan 0
1747647933989 nan 0
1747647934003 nan 0
1747647934016 nan 0
1747647934029 nan 0
1747647934068 nan 0
1747647934077 nan 0
1747647934099 nan 0
1747647934123 nan 0
1747647934158 nan 0
1747647934176 nan 0
1747647934188 nan 0
1747647934210 nan 0
1747647934221 nan 0
1747647934270 nan 0
1747647934299 nan 0
1747647934330 nan 0
1747647934344 nan 0
1747647934358 nan 0
1747647934369 nan 0
1747647934380 nan 0
1747647934402 nan 0
1747647934471 nan 0
1747647934503 nan 0
1747647934529 nan 0
1747647934542 nan 0
1747647934593 nan 0
1747647934606 nan 0
1747647934625 nan 0
1747647934684 nan 0
1747647934712 nan 0
1747647934754 nan 0
1747647934770 nan 0
1747647934800 nan 0
1747647934834 nan 0
1747647934847 nan 0
1747647934864 nan 0
1747647934876 nan 0
1747647934887 nan 0
1747647934924 nan 0
1747647934982 nan 0
1747647934994 nan 0
1747647935009 nan 0
1747647935041 nan 0
1747647935062 nan 0
1747647935086 nan 0
1747647935101 nan 0
1747647935110 nan 0
1747647935167 nan 0
1747647935178 nan 0
1747647935200 nan 0
1747647935239 nan 0
1747647935287 nan 0
1747647935304 nan 0
1747647935338 nan 0
1747647935354 nan 0
1747647935366 nan 0
1747647935424 nan 0
1747647935447 nan 0
1747647935464 nan 0
1747647935481 nan 0
1747647935583 nan 0
1747647935600 nan 0
1747647935634 nan 0
1747647935644 nan 0
1747647935669 nan 0
1747647935719 nan 0
1747647935775 nan 0
1747647935805 nan 0
1747647935842 nan 0
1747647935869 nan 0
1747647935890 nan 0
1747647935903 nan 0
1747647935925 nan 0
1747647935939 nan 0
1747647935950 nan 0
1747647935958 nan 0
1747647935991 nan 0
1747647936002 nan 0
1747647936047 nan 0
1747647936066 nan 0
1747647936085 nan 0
1747647936109 nan 0
1747647936139 nan 0
1747647936200 nan 0
1747647936217 nan 0
1747647936239 nan 0
1747647936250 nan 0
1747647936267 nan 0
1747647936279 nan 0
1747647936317 nan 0
1747647936329 nan 0
1747647936357 nan 0
1747647936369 nan 0
1747647936381 nan 0
1747647936419 nan 0
1747647936426 nan 0
1747647936443 nan 0
1747647936467 nan 0
1747647936479 nan 0
1747647936508 nan 0
1747647936591 nan 0
1747647936603 nan 0
1747647936623 nan 0
1747647936670 nan 0
1747647936695 nan 0
1747647936736 nan 0
1747647936756 nan 0
1747647936775 nan 0
1747647936808 nan 0
1747647936847 nan 0
1747647936863 nan 0
1747647936890 nan 0
1747647936927 nan 0
1747647936971 nan 0
1747647936983 nan 0
1747647937013 nan 0
1747647937027 nan 0
1747647937048 nan 0
1747647937128 nan 0
1747647937202 nan 0
1747647937214 nan 0
1747647937240 nan 0
1747647937266 nan 0
1747647937283 nan 0
1747647937295 nan 0
1747647937310 nan 0
1747647937322 nan 0
1747647937345 nan 0
1747647937365 nan 0
1747647937398 nan 0
1747647937433 nan 0
1747647937442 nan 0
1747647937462 nan 0
1747647937489 nan 0
1747647937530 nan 0
1747647937618 nan 0
1747647937649 nan 0
1747647937681 nan 0
1747647937697 nan 0
1747647937738 nan 0
1747647937753 nan 0
1747647937818 nan 0
1747647937837 nan 0
1747647937855 nan 0
1747647937870 nan 0
1747647937947 nan 0
1747647937976 nan 0
1747647937998 nan 0
1747647938015 nan 0
1747647938047 nan 0
1747647938061 nan 0
1747647938072 nan 0
1747647938086 nan 0
1747647938111 nan 0
1747647938144 nan 0
1747647938262 nan 0
1747647938279 nan 0
1747647938307 nan 0
1747647938340 nan 0
1747647938441 nan 0
1747647938452 nan 0
1747647938471 nan 0
1747647938483 nan 0
1747647938528 nan 0
1747647938614 nan 0
1747647938629 nan 0
1747647938646 nan 0
1747647938678 nan 0
1747647938712 nan 0
1747647938726 nan 0
1747647938738 nan 0
1747647938762 nan 0
1747647938855 nan 0
1747647938893 nan 0
1747647938905 nan 0
1747647938919 nan 0
1747647938968 nan 0
1747647938986 nan 0
1747647939051 nan 0
1747647939084 nan 0
1747647939119 nan 0
1747647939130 nan 0
1747647939141 nan 0
1747647939153 nan 0
1747647939166 nan 0
1747647939214 nan 0
1747647939226 nan 0
1747647939248 nan 0
1747647939260 nan 0
1747647939314 nan 0
1747647939334 nan 0
1747647939346 nan 0
1747647939395 nan 0
1747647939406 nan 0
1747647939446 nan 0
1747647939459 nan 0
1747647939477 nan 0
1747647939496 nan 0
1747647939505 nan 0
1747647939576 nan 0
1747647939626 nan 0
1747647939637 nan 0
1747647939708 nan 0
1747647939720 nan 0
1747647939731 nan 0
1747647939745 nan 0
1747647939804 nan 0
1747647939816 nan 0
1747647939859 nan 0
1747647939902 nan 0
1747647939914 nan 0
1747647939939 nan 0
1747647939957 nan 0
1747647939967 nan 0
1747647939980 nan 0
1747647940040 nan 0
1747647940054 nan 0
1747647940069 nan 0
1747647940135 nan 0
1747647940233 nan 0
1747647940277 nan 0
1747647940312 nan 0
1747647940336 nan 0
1747647940357 nan 0
1747647940374 nan 0
1747647940425 nan 0
1747647940454 nan 0
1747647940463 nan 0
1747647940471 nan 0
1747647940505 nan 0
1747647940536 nan 0
1747647940547 nan 0
1747647940603 nan 0
1747647940629 nan 0
1747647940659 nan 0
1747647940679 nan 0
1747647940714 nan 0
1747647940726 nan 0
1747647940751 nan 0
1747647940792 nan 0
1747647940806 nan 0
1747647940827 nan 0
1747647940844 nan 0
1747647940902 nan 0
1747647940922 nan 0
1747647940933 nan 0
1747647940945 nan 0
1747647940984 nan 0
1747647940996 nan 0
1747647941064 nan 0
1747647941098 nan 0
1747647941109 nan 0
1747647941120 nan 0
1747647941132 nan 0
1747647941147 nan 0
1747647941158 nan 0
1747647941195 nan 0
1747647941208 nan 0
1747647941220 nan 0
1747647941256 nan 0
1747647941266 nan 0
1747647941278 nan 0
1747647941292 nan 0
1747647941306 nan 0
1747647941340 nan 0
1747647941379 nan 0
1747647941455 nan 0
1747647941488 nan 0
1747647941532 nan 0
1747647941544 nan 0
1747647941581 nan 0
1747647941612 nan 0
1747647941654 nan 0
1747647941672 nan 0
1747647941724 nan 0
1747647941736 nan 0
1747647941784 nan 0
1747647941857 nan 0
1747647941868 nan 0
1747647941910 nan 0
1747647941942 nan 0
1747647941977 nan 0
1747647942000 nan 0
1747647942012 nan 0
1747647943137 nan 0
1747647943197 nan 0
1747647943211 nan 0
1747647943223 nan 0
1747647943323 nan 0
1747647943336 nan 0
1747647943427 nan 0
1747647943456 nan 0
1747647943474 nan 0
1747647943498 nan 0
1747647943513 nan 0
1747647943560 nan 0
1747647943606 nan 0
1747647943648 nan 0
1747647943659 nan 0
1747647943712 nan 0
1747647943723 nan 0
1747647943767 nan 0
1747647943778 nan 0
1747647943790 nan 0
1747647943814 nan 0
1747647943856 nan 0
1747647943902 nan 0
1747647943953 nan 0
1747647943981 nan 0
1747647944055 nan 0
1747647944106 nan 0
1747647944205 nan 0
1747647944249 nan 0
1747647944265 nan 0
1747647944287 nan 0
1747647944344 nan 0
1747647944491 nan 0
1747647944502 nan 0
1747647944530 nan 0
1747647944582 nan 0
1747647944604 nan 0
1747647944653 nan 0
1747647944680 nan 0
1747647944723 nan 0
1747647944734 nan 0
1747647944794 nan 0
1747647944870 nan 0
1747647944883 nan 0
1747647944898 nan 0
1747647944914 nan 0
1747647944925 nan 0
1747647944940 nan 0
1747647944962 nan 0
1747647945113 nan 0
1747647945178 nan 0
1747647945264 nan 0
1747647945302 nan 0
1747647945326 nan 0
1747647945357 nan 0
1747647945368 nan 0
1747647945376 nan 0
1747647945409 nan 0
1747647945427 nan 0
1747647945499 nan 0
1747647945537 nan 0
1747647945551 nan 0
1747647945562 nan 0
1747647945595 nan 0
1747647945640 nan 0
1747647945688 nan 0
1747647945716 nan 0
1747647945759 nan 0
1747647945809 nan 0
1747647945854 nan 0
1747647945867 nan 0
1747647945912 nan 0
1747647945936 nan 0
1747647945998 nan 0
1747647946027 nan 0
1747647946051 nan 0
1747647946071 nan 0
1747647946101 nan 0
1747647946166 nan 0
1747647946267 nan 0
1747647946288 nan 0
1747647946299 nan 0
1747647946306 nan 0
1747647946372 nan 0
1747647946458 nan 0
1747647946470 nan 0
1747647946511 nan 0
1747647946532 nan 0
1747647946556 nan 0
1747647946611 nan 0
1747647946686 nan 0
1747647946703 nan 0
1747647946757 nan 0
1747647946801 nan 0
1747647946856 nan 0
1747647946887 nan 0
1747647946914 nan 0
1747647946947 nan 0
1747647946982 nan 0
1747647946993 nan 0
1747647947002 nan 0
1747647947062 nan 0
1747647947173 nan 0
1747647947185 nan 0
1747647947211 nan 0
1747647947222 nan 0
1747647947317 nan 0
1747647947330 nan 0
1747647947342 nan 0
1747647947368 nan 0
1747647947379 nan 0
1747647947406 nan 0
1747647947418 nan 0
1747647947439 nan 0
1747647947479 nan 0
1747647947572 nan 0
1747647947594 nan 0
1747647947605 nan 0
1747647947640 nan 0
1747647947664 nan 0
1747647947711 nan 0
1747647947803 nan 0
1747647947815 nan 0
1747647947826 nan 0
1747647947848 nan 0
1747647947897 nan 0
1747647947910 nan 0
1747647947967 nan 0
1747647947985 nan 0
1747647948001 nan 0
1747647948033 nan 0
1747647948086 nan 0
1747647948098 nan 0
1747647948135 nan 0
1747647948147 nan 0
1747647948156 nan 0
1747647948179 nan 0
1747647948190 nan 0
1747647948220 nan 0
1747647948234 nan 0
1747647948337 nan 0
1747647948439 nan 0
1747647948451 nan 0
1747647948500 nan 0
1747647948520 nan 0
1747647948538 nan 0
1747647948593 nan 0
1747647948610 nan 0
1747647948648 nan 0
1747647948677 nan 0
1747647948728 nan 0
1747647948755 nan 0
1747647948765 nan 0
1747647948802 nan 0
1747647948809 nan 0
1747647948870 nan 0
1747647948904 nan 0
1747647948946 nan 0
1747647948990 nan 0
1747647949086 nan 0
1747647949109 nan 0
1747647949146 nan 0
1747647949175 nan 0
1747647949205 nan 0
1747647949221 nan 0
1747647949237 nan 0
1747647949249 nan 0
1747647949260 nan 0
1747647949315 nan 0
1747647949427 nan 0
1747647949451 nan 0
1747647949482 nan 0
1747647949492 nan 0
1747647949554 nan 0
1747647949622 nan 0
1747647949635 nan 0
1747647949722 nan 0
1747647949752 nan 0
1747647949767 nan 0
1747647949804 nan 0
1747647949827 nan 0
1747647949838 nan 0
1747647949869 nan 0
1747647949881 nan 0
1747647950093 nan 0
1747647950159 nan 0
1747647950191 nan 0
1747647950207 nan 0
1747647950253 nan 0
1747647950288 nan 0
1747647950328 nan 0
1747647950359 nan 0
1747647950382 nan 0
1747647950403 nan 0
1747647950435 nan 0
1747647950527 nan 0
1747647950552 nan 0
1747647950646 nan 0
1747647950663 nan 0
1747647950742 nan 0
1747647950817 nan 0
1747647950860 nan 0
1747647950899 nan 0
1747647950975 nan 0
1747647951013 nan 0
1747647951068 nan 0
1747647951079 nan 0
1747647951088 nan 0
