1747647904005 0.0 0
1747647904027 0.0 0
1747647904067 0.0 0
1747647904083 0.0 0
1747647904114 0.0 0
1747647904140 0.0 0
1747647904163 100.0 0
1747647904176 0.0 0
1747647904189 0.0 0
1747647904220 0.0 0
1747647904290 0.0 0
1747647904309 0.0 0
1747647904328 0.0 0
1747647904347 0.0 0
1747647904359 100.0 0
1747647904373 100.0 0
1747647904386 100.0 0
1747647904402 0.0 0
1747647904426 100.0 0
1747647904435 100.0 0
1747647904444 100.0 0
1747647904454 100.0 0
1747647904468 0.0 0
1747647904502 0.0 0
1747647904522 100.0 0
1747647904545 0.0 0
1747647904554 0.0 0
1747647904574 0.0 0
1747647904594 100.0 0
1747647904608 100.0 0
1747647904619 100.0 0
1747647904639 0.0 0
1747647904650 0.0 0
1747647904664 0.0 0
1747647904675 0.0 0
1747647904686 100.0 0
1747647904710 0.0 0
1747647904733 100.0 0
1747647904751 0.0 0
1747647904766 0.0 0
1747647904783 0.0 0
1747647904794 0.0 0
1747647904840 0.0 0
1747647904877 100.0 0
1747647904888 0.0 0
1747647904900 0.0 0
1747647904923 0.0 0
1747647904939 100.0 0
1747647904956 0.0 0
1747647904979 0.0 0
1747647904990 0.0 0
1747647905004 0.0 0
1747647905048 0.0 0
1747647905069 100.0 0
1747647905087 100.0 0
1747647905095 100.0 0
1747647905118 100.0 0
1747647905130 0.0 0
1747647905141 100.0 0
1747647905156 0.0 0
1747647905167 100.0 0
1747647905178 0.0 0
1747647905198 0.0 0
1747647905211 0.0 0
1747647905228 100.0 0
1747647905250 100.0 0
1747647905262 100.0 0
1747647905273 100.0 0
1747647905303 100.0 0
1747647905342 100.0 0
1747647905362 0.0 0
1747647905374 0.0 0
1747647905397 100.0 0
1747647905414 100.0 0
1747647905433 0.0 0
1747647905447 0.0 0
1747647905459 0.0 0
1747647905484 100.0 0
1747647905516 0.0 0
1747647905542 100.0 0
1747647905559 0.0 0
1747647905574 0.0 0
1747647905598 0.0 0
1747647905614 0.0 0
1747647905625 0.0 0
1747647905681 0.0 0
1747647905693 0.0 0
1747647905710 100.0 0
1747647905721 0.0 0
1747647905744 0.0 0
1747647905756 100.0 0
1747647905767 0.0 0
1747647905790 0.0 0
1747647905802 100.0 0
1747647905816 0.0 0
1747647905831 0.0 0
1747647905846 0.0 0
1747647905895 100.0 0
1747647905961 100.0 0
1747647905988 0.0 0
1747647906000 0.0 0
1747647906010 0.0 0
1747647906036 0.0 0
1747647906061 100.0 0
1747647906123 100.0 0
1747647906142 0.0 0
1747647906155 0.0 0
1747647906166 100.0 0
1747647906181 100.0 0
1747647906191 100.0 0
1747647906198 0.0 0
1747647906209 0.0 0
1747647906217 0.0 0
1747647906224 100.0 0
1747647906239 100.0 0
1747647906256 100.0 0
1747647906305 100.0 0
1747647906318 0.0 0
1747647906360 100.0 0
1747647906373 0.0 0
1747647906389 100.0 0
1747647906403 0.0 0
1747647906424 100.0 0
1747647906439 100.0 0
1747647906458 0.0 0
1747647906489 100.0 0
1747647906500 100.0 0
1747647906511 0.0 0
1747647906522 100.0 0
1747647906533 0.0 0
1747647906545 100.0 0
1747647906585 0.0 0
1747647906595 100.0 0
1747647906603 100.0 0
1747647906617 100.0 0
1747647906628 100.0 0
1747647906648 0.0 0
1747647906659 100.0 0
1747647906684 0.0 0
1747647906705 0.0 0
1747647906717 100.0 0
1747647906833 100.0 0
1747647906851 100.0 0
1747647906862 100.0 0
1747647906886 100.0 0
1747647906895 100.0 0
1747647906924 0.0 0
1747647906936 100.0 0
1747647906946 100.0 0
1747647906995 0.0 0
1747647907032 0.0 0
1747647907059 100.0 0
1747647907078 0.0 0
1747647907095 100.0 0
1747647907152 0.0 0
1747647907166 0.0 0
1747647907177 100.0 0
1747647907191 100.0 0
1747647907203 0.0 0
1747647907217 0.0 0
1747647907233 0.0 0
1747647907249 100.0 0
1747647907261 100.0 0
1747647907270 0.0 0
1747647907282 100.0 0
1747647907293 0.0 0
1747647907310 0.0 0
1747647907321 0.0 0
1747647907345 100.0 0
1747647907373 100.0 0
1747647907385 100.0 0
1747647907417 100.0 0
1747647907434 0.0 0
1747647907445 0.0 0
1747647907458 100.0 0
1747647907473 0.0 0
1747647907501 100.0 0
1747647907517 0.0 0
1747647907529 0.0 0
1747647907547 0.0 0
1747647907557 0.0 0
1747647907597 0.0 0
1747647907621 100.0 0
1747647907632 100.0 0
1747647907646 0.0 0
1747647907661 0.0 0
1747647907720 0.0 0
1747647907737 100.0 0
1747647907757 100.0 0
1747647907785 0.0 0
1747647907800 100.0 0
1747647907812 0.0 0
1747647907830 100.0 0
1747647907870 0.0 0
1747647907882 100.0 0
1747647907898 100.0 0
1747647907910 100.0 0
1747647907921 0.0 0
1747647907936 0.0 0
1747647907951 100.0 0
1747647907974 0.0 0
1747647908002 100.0 0
1747647908019 0.0 0
1747647908030 0.0 0
1747647908046 0.0 0
1747647908068 100.0 0
1747647908084 100.0 0
1747647908111 100.0 0
1747647908142 0.0 0
1747647908151 100.0 0
1747647908184 0.0 0
1747647908199 0.0 0
1747647908221 0.0 0
1747647908258 100.0 0
1747647908275 100.0 0
1747647908296 0.0 0
1747647908325 100.0 0
1747647908347 100.0 0
1747647908358 100.0 0
1747647908369 0.0 0
1747647908393 0.0 0
1747647908405 0.0 0
1747647908416 0.0 0
1747647908427 100.0 0
1747647908438 100.0 0
1747647908451 100.0 0
1747647908462 100.0 0
1747647908489 0.0 0
1747647908537 100.0 0
1747647908556 0.0 0
1747647908565 100.0 0
1747647908576 100.0 0
1747647908588 100.0 0
1747647908620 0.0 0
1747647908633 100.0 0
1747647908658 0.0 0
1747647908669 100.0 0
1747647908686 0.0 0
1747647908696 0.0 0
1747647908713 0.0 0
1747647908720 100.0 0
1747647908731 100.0 0
1747647908751 100.0 0
1747647908761 100.0 0
1747647908798 100.0 0
1747647908819 0.0 0
1747647908846 0.0 0
1747647908858 100.0 0
1747647908874 100.0 0
1747647908892 100.0 0
1747647908914 100.0 0
1747647908927 100.0 0
1747647908942 100.0 0
1747647908960 0.0 0
1747647909005 0.0 0
1747647909032 0.0 0
1747647909043 0.0 0
1747647909063 0.0 0
1747647909074 0.0 0
1747647909082 100.0 0
1747647909111 0.0 0
1747647909136 100.0 0
1747647909153 0.0 0
1747647909164 0.0 0
1747647909185 100.0 0
1747647909206 100.0 0
1747647909233 100.0 0
1747647909264 100.0 0
1747647909281 100.0 0
1747647909293 0.0 0
1747647909306 0.0 0
1747647909314 100.0 0
1747647909337 0.0 0
1747647909354 0.0 0
1747647909375 100.0 0
1747647909392 0.0 0
1747647909406 0.0 0
1747647909433 100.0 0
1747647909450 100.0 0
1747647909472 100.0 0
1747647909483 100.0 0
1747647909506 100.0 0
1747647909518 0.0 0
1747647909530 0.0 0
1747647909548 0.0 0
1747647909571 0.0 0
1747647909581 0.0 0
1747647909594 0.0 0
1747647909607 100.0 0
1747647909619 0.0 0
1747647909642 100.0 0
1747647909664 0.0 0
1747647909696 0.0 0
1747647909707 0.0 0
1747647909742 100.0 0
1747647909754 100.0 0
1747647909780 0.0 0
1747647909798 100.0 0
1747647909808 100.0 0
1747647909847 100.0 0
1747647909858 0.0 0
1747647909870 0.0 0
1747647909881 0.0 0
1747647909900 100.0 0
1747647909949 0.0 0
1747647909960 0.0 0
1747647909974 0.0 0
1747647909998 100.0 0
1747647910015 100.0 0
1747647910047 100.0 0
1747647910063 100.0 0
1747647910074 0.0 0
1747647910100 0.0 0
1747647910110 0.0 0
1747647910129 100.0 0
1747647910163 100.0 0
1747647910182 100.0 0
1747647910198 0.0 0
1747647910209 0.0 0
1747647910218 0.0 0
1747647910238 0.0 0
1747647910252 0.0 0
1747647910263 0.0 0
1747647910275 100.0 0
1747647910310 100.0 0
1747647910343 100.0 0
1747647910357 0.0 0
1747647910366 100.0 0
1747647910382 100.0 0
1747647910400 0.0 0
1747647910423 100.0 0
1747647910452 100.0 0
1747647910465 100.0 0
1747647910486 0.0 0
1747647910504 100.0 0
1747647910514 0.0 0
1747647910544 100.0 0
1747647910583 0.0 0
1747647910597 0.0 0
1747647910609 0.0 0
1747647910620 0.0 0
1747647910636 0.0 0
1747647910669 100.0 0
1747647910705 100.0 0
1747647910727 0.0 0
1747647910739 0.0 0
1747647910754 100.0 0
1747647910766 100.0 0
1747647910799 0.0 0
1747647910827 100.0 0
1747647910843 0.0 0
1747647910857 0.0 0
1747647910918 100.0 0
1747647910950 100.0 0
1747647910962 0.0 0
1747647910974 100.0 0
1747647910985 100.0 0
1747647911017 100.0 0
1747647911048 0.0 0
1747647911065 100.0 0
1747647911091 0.0 0
1747647911106 0.0 0
1747647911118 100.0 0
1747647911145 0.0 0
1747647911173 100.0 0
1747647911216 100.0 0
1747647911226 100.0 0
1747647911242 100.0 0
1747647911252 0.0 0
1747647911265 0.0 0
1747647911277 0.0 0
1747647911301 0.0 0
1747647911320 0.0 0
1747647911337 100.0 0
1747647911357 0.0 0
1747647911368 100.0 0
1747647911388 0.0 0
1747647911400 0.0 0
1747647911412 0.0 0
1747647911427 100.0 0
1747647911437 100.0 0
1747647911448 0.0 0
1747647911465 0.0 0
1747647911487 100.0 0
1747647911524 0.0 0
1747647911540 0.0 0
1747647911560 0.0 0
1747647911582 100.0 0
1747647911629 100.0 0
1747647911641 100.0 0
1747647911658 100.0 0
1747647911674 100.0 0
1747647911686 100.0 0
1747647911697 0.0 0
1747647911725 100.0 0
1747647911757 100.0 0
1747647911770 0.0 0
1747647911794 100.0 0
1747647911811 0.0 0
1747647911877 0.0 0
1747647911948 0.0 0
1747647911964 100.0 0
1747647911979 100.0 0
1747647911994 100.0 0
1747647912008 0.0 0
1747647912019 0.0 0
1747647912044 100.0 0
1747647912055 100.0 0
1747647912066 0.0 0
1747647912084 0.0 0
1747647912096 100.0 0
1747647912113 0.0 0
1747647912188 100.0 0
1747647912217 100.0 0
1747647912233 100.0 0
1747647912268 0.0 0
1747647912284 0.0 0
1747647912320 100.0 0
1747647912341 100.0 0
1747647912382 100.0 0
1747647912398 0.0 0
1747647912409 0.0 0
1747647912420 0.0 0
1747647912428 0.0 0
1747647912440 0.0 0
1747647912459 100.0 0
1747647912469 100.0 0
1747647912483 0.0 0
1747647912515 0.0 0
1747647912537 100.0 0
1747647912551 0.0 0
1747647912568 100.0 0
1747647912591 0.0 0
1747647912616 0.0 0
1747647913970 0.0 0
1747647913983 0.0 0
1747647914012 100.0 0
1747647914092 0.0 0
1747647914110 0.0 0
1747647914150 0.0 0
1747647914161 100.0 0
1747647914180 0.0 0
1747647914192 0.0 0
1747647914218 100.0 0
1747647914256 100.0 0
1747647914286 100.0 0
1747647914322 100.0 0
1747647914332 0.0 0
1747647914354 0.0 0
1747647914365 0.0 0
1747647914401 100.0 0
1747647914429 100.0 0
1747647914446 0.0 0
1747647914464 100.0 0
1747647914481 100.0 0
1747647914499 100.0 0
1747647914544 100.0 0
1747647914582 100.0 0
1747647914594 0.0 0
1747647914614 0.0 0
1747647914626 100.0 0
1747647914647 0.0 0
1747647914665 0.0 0
1747647914719 0.0 0
1747647914744 100.0 0
1747647914774 100.0 0
1747647914803 100.0 0
1747647914815 100.0 0
1747647914826 0.0 0
1747647914837 100.0 0
1747647914846 100.0 0
1747647914876 100.0 0
1747647914887 0.0 0
1747647914897 100.0 0
1747647914908 100.0 0
1747647914939 0.0 0
1747647914950 100.0 0
1747647914988 0.0 0
1747647915018 100.0 0
1747647915030 0.0 0
1747647915060 0.0 0
1747647915088 100.0 0
1747647915100 100.0 0
1747647915131 100.0 0
1747647915159 100.0 0
1747647915172 0.0 0
1747647915189 0.0 0
1747647915203 100.0 0
1747647915225 0.0 0
1747647915244 0.0 0
1747647915255 100.0 0
1747647915269 100.0 0
1747647915286 0.0 0
1747647915313 100.0 0
1747647915333 100.0 0
1747647915361 0.0 0
1747647915373 0.0 0
1747647915401 100.0 0
1747647915424 100.0 0
1747647915444 100.0 0
1747647915453 100.0 0
1747647915476 0.0 0
1747647915493 0.0 0
1747647915545 0.0 0
1747647915577 100.0 0
1747647915589 100.0 0
1747647915661 0.0 0
1747647915695 100.0 0
1747647915718 0.0 0
1747647915730 0.0 0
1747647915806 0.0 0
1747647915842 0.0 0
1747647915853 100.0 0
1747647915865 0.0 0
1747647915877 100.0 0
1747647915915 0.0 0
1747647915927 100.0 0
1747647915954 100.0 0
1747647915972 0.0 0
1747647915983 100.0 0
1747647915992 100.0 0
1747647916025 0.0 0
1747647916049 0.0 0
1747647916071 100.0 0
1747647916105 0.0 0
1747647916117 0.0 0
1747647916187 100.0 0
1747647916209 100.0 0
1747647916220 0.0 0
1747647916266 0.0 0
1747647916299 0.0 0
1747647916322 0.0 0
1747647916333 0.0 0
1747647916355 100.0 0
1747647916400 100.0 0
1747647916426 0.0 0
1747647916457 0.0 0
1747647916479 0.0 0
1747647916493 0.0 0
1747647916512 0.0 0
1747647916539 100.0 0
1747647916571 0.0 0
1747647916594 100.0 0
1747647916609 0.0 0
1747647916637 0.0 0
1747647916670 0.0 0
1747647916683 100.0 0
1747647916694 0.0 0
1747647916712 0.0 0
1747647916725 0.0 0
1747647916742 100.0 0
1747647916754 0.0 0
1747647916775 0.0 0
1747647916795 100.0 0
1747647916811 0.0 0
1747647916836 100.0 0
1747647916885 0.0 0
1747647916896 100.0 0
1747647916926 0.0 0
1747647916942 100.0 0
1747647916954 0.0 0
1747647916979 0.0 0
1747647917030 100.0 0
1747647917041 100.0 0
1747647917052 100.0 0
1747647917064 100.0 0
1747647917081 0.0 0
1747647917100 0.0 0
1747647917119 0.0 0
1747647917132 100.0 0
1747647917148 0.0 0
1747647917158 100.0 0
1747647917169 100.0 0
1747647917180 0.0 0
1747647917208 100.0 0
1747647917240 0.0 0
1747647917253 100.0 0
1747647917273 100.0 0
1747647917309 100.0 0
1747647917319 0.0 0
1747647917331 0.0 0
1747647917352 100.0 0
1747647917371 100.0 0
1747647917393 100.0 0
1747647917406 0.0 0
1747647917422 0.0 0
1747647917444 0.0 0
1747647917460 100.0 0
1747647917471 0.0 0
1747647917483 0.0 0
1747647917495 100.0 0
1747647917533 0.0 0
1747647917546 100.0 0
1747647917557 100.0 0
1747647917575 0.0 0
1747647917591 100.0 0
1747647917619 100.0 0
1747647917645 0.0 0
1747647917663 0.0 0
1747647917678 0.0 0
1747647917700 0.0 0
1747647917720 0.0 0
1747647917737 0.0 0
1747647917771 100.0 0
1747647917786 0.0 0
1747647917795 100.0 0
1747647917840 100.0 0
1747647917859 100.0 0
1747647917874 0.0 0
1747647917901 0.0 0
1747647917922 0.0 0
1747647917963 0.0 0
1747647917997 100.0 0
1747647918009 100.0 0
1747647918035 0.0 0
1747647918056 0.0 0
1747647918085 0.0 0
1747647918104 0.0 0
1747647918117 100.0 0
1747647918129 100.0 0
1747647918153 0.0 0
1747647918169 0.0 0
1747647918228 0.0 0
1747647918255 100.0 0
1747647918274 100.0 0
1747647918303 100.0 0
1747647918342 0.0 0
1747647918357 0.0 0
1747647918367 100.0 0
1747647918379 0.0 0
1747647918390 0.0 0
1747647918401 0.0 0
1747647918411 100.0 0
1747647918423 0.0 0
1747647918445 100.0 0
1747647918456 100.0 0
1747647918471 100.0 0
1747647918483 0.0 0
1747647918518 100.0 0
1747647918535 100.0 0
1747647918549 100.0 0
1747647918562 100.0 0
1747647918612 0.0 0
1747647918628 100.0 0
1747647918685 100.0 0
1747647918697 100.0 0
1747647918714 100.0 0
1747647918725 100.0 0
1747647918745 0.0 0
1747647918776 100.0 0
1747647918790 0.0 0
1747647918807 100.0 0
1747647918816 0.0 0
1747647918866 0.0 0
1747647918892 100.0 0
1747647918907 0.0 0
1747647918942 100.0 0
1747647918961 0.0 0
1747647918976 100.0 0
1747647919002 100.0 0
1747647919022 0.0 0
1747647919033 100.0 0
1747647919066 0.0 0
1747647919090 100.0 0
1747647919113 100.0 0
1747647919178 100.0 0
1747647919190 0.0 0
1747647919202 100.0 0
1747647919216 0.0 0
1747647919243 0.0 0
1747647919315 100.0 0
1747647919326 0.0 0
1747647919339 0.0 0
1747647919351 0.0 0
1747647919369 0.0 0
1747647919382 0.0 0
1747647919403 0.0 0
1747647919417 0.0 0
1747647919437 100.0 0
1747647919451 100.0 0
1747647919464 0.0 0
1747647919523 0.0 0
1747647919534 0.0 0
1747647919554 0.0 0
1747647919574 0.0 0
1747647919658 100.0 0
1747647919680 100.0 0
1747647919699 0.0 0
1747647919728 100.0 0
1747647919770 100.0 0
1747647919782 0.0 0
1747647919800 0.0 0
1747647919809 0.0 0
1747647919833 100.0 0
1747647919851 0.0 0
1747647919869 0.0 0
1747647919895 0.0 0
1747647919908 100.0 0
1747647919946 100.0 0
1747647919971 0.0 0
1747647919991 0.0 0
1747647920009 0.0 0
1747647920032 100.0 0
1747647920045 0.0 0
1747647920064 100.0 0
1747647920090 0.0 0
1747647920103 0.0 0
1747647920118 0.0 0
1747647920144 100.0 0
1747647920162 0.0 0
1747647920175 100.0 0
1747647920222 0.0 0
1747647920245 0.0 0
1747647920264 100.0 0
1747647920279 100.0 0
1747647920291 0.0 0
1747647920332 0.0 0
1747647920359 100.0 0
1747647920398 0.0 0
1747647920411 0.0 0
1747647920496 100.0 0
1747647920509 0.0 0
1747647920552 100.0 0
1747647920566 0.0 0
1747647920579 0.0 0
1747647920592 0.0 0
1747647920618 100.0 0
1747647920633 100.0 0
1747647920678 100.0 0
1747647920701 100.0 0
1747647920716 0.0 0
1747647920746 100.0 0
1747647920780 0.0 0
1747647920803 0.0 0
1747647920816 0.0 0
1747647920835 100.0 0
1747647920904 100.0 0
1747647920942 0.0 0
1747647920979 100.0 0
1747647920994 0.0 0
1747647921023 100.0 0
1747647921037 100.0 0
1747647921059 100.0 0
1747647921096 0.0 0
1747647921108 0.0 0
1747647921128 0.0 0
1747647921143 100.0 0
1747647921173 0.0 0
1747647921211 100.0 0
1747647921233 100.0 0
1747647921267 100.0 0
1747647921282 100.0 0
1747647921295 100.0 0
1747647921307 100.0 0
1747647921320 100.0 0
1747647921329 0.0 0
1747647921339 100.0 0
1747647921358 0.0 0
1747647921375 0.0 0
1747647921394 100.0 0
1747647921414 100.0 0
1747647921427 0.0 0
1747647921475 100.0 0
1747647921499 100.0 0
1747647921526 100.0 0
1747647921598 0.0 0
1747647921611 100.0 0
1747647921623 0.0 0
1747647921646 100.0 0
1747647921658 100.0 0
1747647921676 100.0 0
1747647921695 100.0 0
1747647921720 0.0 0
1747647921733 0.0 0
1747647921776 0.0 0
1747647921791 100.0 0
1747647921803 0.0 0
1747647921861 0.0 0
1747647921888 100.0 0
1747647921902 100.0 0
1747647921926 0.0 0
1747647921940 100.0 0
1747647921952 0.0 0
1747647921986 100.0 0
1747647922002 0.0 0
1747647922013 100.0 0
1747647922030 100.0 0
1747647922070 0.0 0
1747647922105 100.0 0
1747647922137 100.0 0
1747647922186 100.0 0
1747647922214 100.0 0
1747647922290 100.0 0
1747647922330 100.0 0
1747647922350 0.0 0
1747647922363 100.0 0
1747647922384 100.0 0
1747647922405 100.0 0
1747647922424 0.0 0
1747647922452 0.0 0
1747647922474 0.0 0
1747647922495 0.0 0
1747647922545 100.0 0
1747647922580 100.0 0
1747647922631 0.0 0
1747647922680 100.0 0
1747647922708 0.0 0
1747647922730 0.0 0
1747647922770 0.0 0
1747647922804 100.0 0
1747647922818 0.0 0
1747647922836 100.0 0
1747647922848 100.0 0
1747647922860 100.0 0
1747647922875 0.0 0
1747647922889 100.0 0
1747647922928 0.0 0
1747647922981 100.0 0
1747647923090 100.0 0
1747647923128 100.0 0
1747647923157 0.0 0
1747647923169 100.0 0
1747647923188 100.0 0
1747647923199 100.0 0
1747647923222 100.0 0
1747647923235 0.0 0
1747647923258 100.0 0
1747647923278 0.0 0
1747647923294 0.0 0
1747647923331 100.0 0
1747647923362 100.0 0
1747647923395 0.0 0
1747647923421 100.0 0
1747647923435 100.0 0
1747647923476 100.0 0
1747647923488 0.0 0
1747647923499 0.0 0
1747647923526 100.0 0
1747647923547 100.0 0
1747647923561 100.0 0
1747647923574 100.0 0
1747647923602 100.0 0
1747647923661 0.0 0
1747647923690 0.0 0
1747647923710 100.0 0
1747647923728 0.0 0
1747647923767 100.0 0
1747647923809 0.0 0
1747647923820 100.0 0
1747647923844 0.0 0
1747647923858 100.0 0
1747647923880 100.0 0
1747647923894 100.0 0
1747647923940 0.0 0
1747647923958 0.0 0
1747647923980 0.0 0
1747647924012 0.0 0
1747647924028 100.0 0
1747647924065 0.0 0
1747647924092 0.0 0
1747647924113 100.0 0
1747647924127 100.0 0
1747647924135 100.0 0
1747647924147 100.0 0
1747647924170 100.0 0
1747647924204 0.0 0
1747647924217 100.0 0
1747647924250 100.0 0
1747647924262 0.0 0
1747647924275 100.0 0
1747647924303 100.0 0
1747647924345 0.0 0
1747647924357 100.0 0
1747647924374 100.0 0
1747647924387 100.0 0
1747647924434 0.0 0
1747647924446 0.0 0
1747647924468 0.0 0
1747647924487 0.0 0
1747647924495 100.0 0
1747647924516 0.0 0
1747647924541 0.0 0
1747647924554 100.0 0
1747647924585 100.0 0
1747647924648 100.0 0
1747647924709 0.0 0
1747647924726 100.0 0
1747647924763 0.0 0
1747647924775 0.0 0
1747647924788 100.0 0
1747647924840 0.0 0
1747647924866 0.0 0
1747647924881 100.0 0
1747647924908 100.0 0
1747647924920 0.0 0
1747647924937 100.0 0
1747647924955 0.0 0
1747647924971 0.0 0
1747647925022 100.0 0
1747647925075 0.0 0
1747647925091 100.0 0
1747647925103 0.0 0
1747647925116 0.0 0
1747647925139 100.0 0
1747647925150 0.0 0
1747647925198 100.0 0
1747647925220 0.0 0
1747647925243 100.0 0
1747647925257 0.0 0
1747647925300 100.0 0
1747647925332 0.0 0
1747647925346 100.0 0
1747647925371 100.0 0
1747647925400 0.0 0
1747647925414 0.0 0
1747647925429 100.0 0
1747647925470 100.0 0
1747647925490 0.0 0
1747647925517 0.0 0
1747647925537 0.0 0
1747647925549 0.0 0
1747647925566 100.0 0
1747647925597 100.0 0
1747647925608 0.0 0
1747647925620 0.0 0
1747647925660 100.0 0
1747647925683 100.0 0
1747647925696 0.0 0
1747647925704 0.0 0
1747647925716 100.0 0
1747647925736 100.0 0
1747647925755 0.0 0
1747647925769 0.0 0
1747647925787 100.0 0
1747647925806 100.0 0
1747647925837 0.0 0
1747647925849 100.0 0
1747647925859 100.0 0
1747647925874 0.0 0
1747647925886 0.0 0
1747647925917 0.0 0
1747647925927 0.0 0
1747647925938 100.0 0
1747647925995 100.0 0
1747647926015 100.0 0
1747647926023 100.0 0
1747647926035 100.0 0
1747647926075 100.0 0
1747647926106 100.0 0
1747647926129 0.0 0
1747647926143 100.0 0
1747647926173 100.0 0
1747647926197 0.0 0
1747647926212 100.0 0
1747647926255 100.0 0
1747647926273 0.0 0
1747647926284 100.0 0
1747647926297 0.0 0
1747647926319 0.0 0
1747647926338 100.0 0
1747647926352 0.0 0
1747647926408 100.0 0
1747647926420 0.0 0
1747647926447 100.0 0
1747647926473 0.0 0
1747647926490 0.0 0
1747647926506 100.0 0
1747647926531 100.0 0
1747647926583 0.0 0
1747647926605 100.0 0
1747647926622 100.0 0
1747647926632 0.0 0
1747647926682 0.0 0
1747647926695 0.0 0
1747647926728 100.0 0
1747647926771 100.0 0
1747647926790 0.0 0
1747647926842 0.0 0
1747647926862 100.0 0
1747647926889 0.0 0
1747647926903 100.0 0
1747647926912 0.0 0
1747647926926 100.0 0
1747647926949 0.0 0
1747647926979 0.0 0
1747647927014 0.0 0
1747647927031 0.0 0
1747647927042 100.0 0
1747647927073 0.0 0
1747647927086 0.0 0
1747647927103 100.0 0
1747647927117 100.0 0
1747647927134 0.0 0
1747647927154 0.0 0
1747647927164 0.0 0
1747647927183 0.0 0
1747647927195 0.0 0
1747647927207 100.0 0
1747647927222 0.0 0
1747647927240 100.0 0
1747647927254 0.0 0
1747647927266 100.0 0
1747647927320 0.0 0
1747647927336 100.0 0
1747647927364 100.0 0
1747647927384 100.0 0
1747647927394 100.0 0
1747647927405 0.0 0
1747647927421 100.0 0
1747647927444 100.0 0
1747647927457 0.0 0
1747647927471 0.0 0
1747647927483 0.0 0
1747647927510 0.0 0
1747647927542 0.0 0
1747647927574 0.0 0
1747647927585 0.0 0
1747647927624 0.0 0
1747647927642 0.0 0
1747647927653 100.0 0
1747647927689 0.0 0
1747647927739 100.0 0
1747647927753 100.0 0
1747647927783 100.0 0
1747647927812 100.0 0
1747647927842 0.0 0
1747647927876 0.0 0
1747647927890 100.0 0
1747647927905 100.0 0
1747647927936 0.0 0
1747647927961 100.0 0
1747647927972 0.0 0
1747647927982 100.0 0
1747647927991 100.0 0
1747647928005 0.0 0
1747647928016 100.0 0
1747647928032 0.0 0
1747647928047 100.0 0
1747647929097 0.0 0
1747647929116 0.0 0
1747647929179 0.0 0
1747647929198 0.0 0
1747647929225 100.0 0
1747647929304 0.0 0
1747647929317 0.0 0
1747647929344 100.0 0
1747647929372 0.0 0
1747647929404 100.0 0
1747647929430 100.0 0
1747647929452 100.0 0
1747647929472 100.0 0
1747647929521 0.0 0
1747647929553 0.0 0
1747647929610 100.0 0
1747647929636 100.0 0
1747647929704 0.0 0
1747647929761 0.0 0
1747647929789 0.0 0
1747647929833 0.0 0
1747647929870 0.0 0
1747647929891 0.0 0
1747647929912 0.0 0
1747647929932 0.0 0
1747647929951 100.0 0
1747647929985 0.0 0
1747647930028 100.0 0
1747647930055 0.0 0
1747647930067 0.0 0
1747647930100 100.0 0
1747647930129 100.0 0
1747647930169 0.0 0
1747647930185 0.0 0
1747647930199 100.0 0
1747647930238 0.0 0
1747647930250 0.0 0
1747647930265 100.0 0
1747647930306 0.0 0
1747647930325 0.0 0
1747647930375 100.0 0
1747647930398 100.0 0
1747647930413 0.0 0
1747647930424 100.0 0
1747647930433 0.0 0
1747647930476 0.0 0
1747647930505 100.0 0
1747647930528 0.0 0
1747647930560 0.0 0
1747647930585 0.0 0
1747647930607 100.0 0
1747647930658 0.0 0
1747647930688 0.0 0
1747647930705 100.0 0
1747647930718 100.0 0
1747647930730 0.0 0
1747647930753 0.0 0
1747647930766 100.0 0
1747647930776 0.0 0
1747647930799 100.0 0
1747647930810 0.0 0
1747647930821 100.0 0
1747647930831 100.0 0
1747647930896 100.0 0
1747647930944 100.0 0
1747647930978 0.0 0
1747647931013 100.0 0
1747647931038 100.0 0
1747647931056 0.0 0
1747647931094 0.0 0
1747647931108 0.0 0
1747647931143 0.0 0
1747647931165 0.0 0
1747647931179 100.0 0
1747647931234 100.0 0
1747647931265 0.0 0
1747647931282 0.0 0
1747647931311 100.0 0
1747647931391 100.0 0
1747647931432 0.0 0
1747647931460 100.0 0
1747647931478 100.0 0
1747647931512 0.0 0
1747647931574 100.0 0
1747647931608 0.0 0
1747647931639 0.0 0
1747647931658 100.0 0
1747647931682 100.0 0
1747647931696 0.0 0
1747647931710 100.0 0
1747647931756 100.0 0
1747647931777 100.0 0
1747647931796 100.0 0
1747647931813 0.0 0
1747647931837 100.0 0
1747647931852 100.0 0
1747647931868 0.0 0
1747647931888 0.0 0
1747647931918 100.0 0
1747647931953 0.0 0
1747647931971 0.0 0
1747647931985 0.0 0
1747647932025 0.0 0
1747647932041 100.0 0
1747647932063 100.0 0
1747647932075 0.0 0
1747647932089 100.0 0
1747647932101 0.0 0
1747647932138 100.0 0
1747647932156 0.0 0
1747647932181 100.0 0
1747647932209 0.0 0
1747647932236 0.0 0
1747647932257 100.0 0
1747647932277 0.0 0
1747647932299 100.0 0
1747647932331 100.0 0
1747647932346 100.0 0
1747647932405 100.0 0
1747647932438 0.0 0
1747647932452 0.0 0
1747647932477 100.0 0
1747647932512 0.0 0
1747647932532 100.0 0
1747647932552 100.0 0
1747647932571 0.0 0
1747647932612 100.0 0
1747647932712 100.0 0
1747647932741 100.0 0
1747647932762 100.0 0
1747647932810 0.0 0
1747647932822 0.0 0
1747647932840 0.0 0
1747647932886 100.0 0
1747647932896 100.0 0
1747647932924 100.0 0
1747647932953 0.0 0
1747647932963 100.0 0
1747647933042 0.0 0
1747647933059 100.0 0
1747647933103 100.0 0
1747647933139 100.0 0
1747647933155 100.0 0
1747647933172 0.0 0
1747647933185 0.0 0
1747647933197 0.0 0
1747647933209 0.0 0
1747647933233 0.0 0
1747647933246 100.0 0
1747647933267 0.0 0
1747647933390 0.0 0
1747647933444 100.0 0
1747647933464 100.0 0
1747647933491 0.0 0
1747647933509 100.0 0
1747647933519 0.0 0
1747647933542 100.0 0
1747647933562 100.0 0
1747647933630 0.0 0
1747647933654 0.0 0
1747647933698 100.0 0
1747647933805 100.0 0
1747647933868 0.0 0
1747647933883 100.0 0
1747647933913 100.0 0
1747647933933 100.0 0
1747647933944 0.0 0
1747647933972 0.0 0
1747647933986 100.0 0
1747647934000 100.0 0
1747647934013 0.0 0
1747647934026 100.0 0
1747647934064 0.0 0
1747647934074 100.0 0
1747647934094 100.0 0
1747647934119 0.0 0
1747647934154 100.0 0
1747647934173 100.0 0
1747647934184 0.0 0
1747647934206 0.0 0
1747647934217 100.0 0
1747647934267 100.0 0
1747647934295 100.0 0
1747647934326 100.0 0
1747647934340 100.0 0
1747647934355 100.0 0
1747647934366 100.0 0
1747647934377 0.0 0
1747647934398 0.0 0
1747647934466 100.0 0
1747647934498 0.0 0
1747647934524 100.0 0
1747647934538 0.0 0
1747647934589 0.0 0
1747647934602 100.0 0
1747647934622 100.0 0
1747647934679 100.0 0
1747647934708 100.0 0
1747647934750 100.0 0
1747647934767 100.0 0
1747647934795 100.0 0
1747647934831 100.0 0
1747647934843 100.0 0
1747647934861 0.0 0
1747647934872 100.0 0
1747647934884 0.0 0
1747647934920 0.0 0
1747647934977 0.0 0
1747647934990 0.0 0
1747647935006 0.0 0
1747647935036 100.0 0
1747647935058 0.0 0
1747647935082 100.0 0
1747647935097 100.0 0
1747647935106 0.0 0
1747647935162 0.0 0
1747647935175 0.0 0
1747647935196 0.0 0
1747647935235 0.0 0
1747647935284 0.0 0
1747647935301 0.0 0
1747647935334 0.0 0
1747647935351 0.0 0
1747647935362 100.0 0
1747647935420 0.0 0
1747647935443 0.0 0
1747647935460 0.0 0
1747647935472 0.0 0
1747647935579 100.0 0
1747647935597 0.0 0
1747647935630 0.0 0
1747647935641 100.0 0
1747647935665 0.0 0
1747647935715 0.0 0
1747647935771 0.0 0
1747647935801 0.0 0
1747647935838 0.0 0
1747647935865 0.0 0
1747647935885 100.0 0
1747647935899 100.0 0
1747647935922 100.0 0
1747647935935 100.0 0
1747647935947 0.0 0
1747647935955 0.0 0
1747647935987 100.0 0
1747647935999 0.0 0
1747647936044 100.0 0
1747647936062 0.0 0
1747647936081 100.0 0
1747647936105 0.0 0
1747647936135 100.0 0
1747647936195 100.0 0
1747647936214 100.0 0
1747647936235 0.0 0
1747647936247 100.0 0
1747647936263 0.0 0
1747647936276 0.0 0
1747647936312 0.0 0
1747647936326 0.0 0
1747647936353 0.0 0
1747647936366 0.0 0
1747647936377 0.0 0
1747647936415 0.0 0
1747647936423 100.0 0
1747647936440 100.0 0
1747647936463 100.0 0
1747647936476 100.0 0
1747647936503 100.0 0
1747647936587 0.0 0
1747647936599 100.0 0
1747647936619 0.0 0
1747647936665 0.0 0
1747647936690 100.0 0
1747647936732 100.0 0
1747647936751 100.0 0
1747647936771 100.0 0
1747647936804 0.0 0
1747647936843 100.0 0
1747647936860 100.0 0
1747647936886 0.0 0
1747647936922 100.0 0
1747647936967 100.0 0
1747647936980 0.0 0
1747647937010 0.0 0
1747647937023 100.0 0
1747647937045 0.0 0
1747647937123 0.0 0
1747647937197 0.0 0
1747647937210 0.0 0
1747647937236 0.0 0
1747647937261 0.0 0
1747647937280 100.0 0
1747647937291 0.0 0
1747647937306 0.0 0
1747647937319 100.0 0
1747647937341 0.0 0
1747647937361 0.0 0
1747647937394 0.0 0
1747647937429 100.0 0
1747647937438 100.0 0
1747647937458 0.0 0
1747647937485 100.0 0
1747647937525 0.0 0
1747647937613 0.0 0
1747647937645 0.0 0
1747647937676 100.0 0
1747647937694 100.0 0
1747647937734 0.0 0
1747647937750 100.0 0
1747647937813 100.0 0
1747647937833 0.0 0
1747647937849 100.0 0
1747647937867 0.0 0
1747647937942 0.0 0
1747647937971 0.0 0
1747647937994 0.0 0
1747647938012 0.0 0
1747647938043 100.0 0
1747647938057 0.0 0
1747647938069 0.0 0
1747647938083 100.0 0
1747647938107 100.0 0
1747647938139 100.0 0
1747647938257 0.0 0
1747647938276 0.0 0
1747647938302 0.0 0
1747647938335 0.0 0
1747647938436 0.0 0
1747647938449 100.0 0
1747647938467 0.0 0
1747647938480 100.0 0
1747647938524 0.0 0
1747647938610 100.0 0
1747647938626 0.0 0
1747647938643 100.0 0
1747647938675 100.0 0
1747647938708 0.0 0
1747647938723 0.0 0
1747647938734 100.0 0
1747647938758 100.0 0
1747647938851 0.0 0
1747647938888 100.0 0
1747647938901 0.0 0
1747647938916 100.0 0
1747647938963 0.0 0
1747647938982 0.0 0
1747647939046 0.0 0
1747647939080 100.0 0
1747647939115 0.0 0
1747647939126 0.0 0
1747647939138 0.0 0
1747647939149 100.0 0
1747647939162 100.0 0
1747647939210 0.0 0
1747647939222 100.0 0
1747647939244 0.0 0
1747647939256 100.0 0
1747647939308 0.0 0
1747647939329 100.0 0
1747647939343 0.0 0
1747647939391 100.0 0
1747647939402 100.0 0
1747647939442 100.0 0
1747647939455 100.0 0
1747647939474 100.0 0
1747647939492 100.0 0
1747647939502 100.0 0
1747647939572 100.0 0
1747647939621 100.0 0
1747647939634 100.0 0
1747647939704 0.0 0
1747647939716 0.0 0
1747647939728 100.0 0
1747647939742 100.0 0
1747647939800 0.0 0
1747647939813 100.0 0
1747647939855 100.0 0
1747647939898 0.0 0
1747647939910 100.0 0
1747647939935 0.0 0
1747647939953 100.0 0
1747647939964 0.0 0
1747647939976 100.0 0
1747647940036 0.0 0
1747647940050 0.0 0
1747647940065 0.0 0
1747647940131 100.0 0
1747647940229 0.0 0
1747647940272 100.0 0
1747647940308 0.0 0
1747647940332 100.0 0
1747647940353 0.0 0
1747647940371 100.0 0
1747647940421 0.0 0
1747647940449 100.0 0
1747647940459 100.0 0
1747647940467 0.0 0
1747647940501 0.0 0
1747647940531 0.0 0
1747647940544 0.0 0
1747647940598 100.0 0
1747647940624 0.0 0
1747647940655 0.0 0
1747647940675 100.0 0
1747647940710 0.0 0
1747647940722 100.0 0
1747647940747 0.0 0
1747647940788 100.0 0
1747647940802 0.0 0
1747647940823 0.0 0
1747647940841 100.0 0
1747647940897 100.0 0
1747647940918 0.0 0
1747647940930 0.0 0
1747647940941 0.0 0
1747647940980 0.0 0
1747647940992 0.0 0
1747647941060 0.0 0
1747647941094 0.0 0
1747647941105 0.0 0
1747647941117 100.0 0
1747647941128 100.0 0
1747647941143 0.0 0
1747647941155 100.0 0
1747647941190 0.0 0
1747647941205 100.0 0
1747647941217 100.0 0
1747647941252 0.0 0
1747647941262 0.0 0
1747647941274 100.0 0
1747647941289 0.0 0
1747647941302 0.0 0
1747647941336 100.0 0
1747647941375 100.0 0
1747647941450 100.0 0
1747647941484 100.0 0
1747647941528 100.0 0
1747647941540 100.0 0
1747647941578 0.0 0
1747647941607 100.0 0
1747647941650 0.0 0
1747647941668 100.0 0
1747647941720 0.0 0
1747647941733 0.0 0
1747647941780 0.0 0
1747647941852 100.0 0
1747647941864 0.0 0
1747647941906 0.0 0
1747647941938 0.0 0
1747647941973 100.0 0
1747647941995 100.0 0
1747647942008 100.0 0
1747647943132 0.0 0
1747647943191 0.0 0
1747647943206 100.0 0
1747647943217 0.0 0
1747647943319 0.0 0
1747647943333 100.0 0
1747647943422 100.0 0
1747647943451 0.0 0
1747647943470 0.0 0
1747647943494 0.0 0
1747647943510 0.0 0
1747647943555 100.0 0
1747647943602 0.0 0
1747647943644 0.0 0
1747647943656 0.0 0
1747647943708 100.0 0
1747647943719 100.0 0
1747647943763 100.0 0
1747647943775 0.0 0
1747647943787 0.0 0
1747647943810 0.0 0
1747647943852 0.0 0
1747647943898 100.0 0
1747647943948 0.0 0
1747647943975 0.0 0
1747647944051 0.0 0
1747647944101 0.0 0
1747647944201 100.0 0
1747647944244 0.0 0
1747647944262 0.0 0
1747647944283 0.0 0
1747647944340 100.0 0
1747647944486 0.0 0
1747647944499 100.0 0
1747647944526 100.0 0
1747647944575 0.0 0
1747647944600 0.0 0
1747647944649 0.0 0
1747647944676 100.0 0
1747647944719 0.0 0
1747647944731 0.0 0
1747647944790 100.0 0
1747647944866 100.0 0
1747647944880 0.0 0
1747647944894 0.0 0
1747647944910 100.0 0
1747647944922 0.0 0
1747647944936 100.0 0
1747647944958 100.0 0
1747647945110 100.0 0
1747647945170 0.0 0
1747647945259 100.0 0
1747647945298 100.0 0
1747647945322 100.0 0
1747647945353 0.0 0
1747647945364 100.0 0
1747647945373 0.0 0
1747647945405 100.0 0
1747647945423 0.0 0
1747647945494 0.0 0
1747647945533 100.0 0
1747647945548 0.0 0
1747647945559 100.0 0
1747647945591 100.0 0
1747647945636 0.0 0
1747647945684 0.0 0
1747647945712 0.0 0
1747647945755 0.0 0
1747647945805 0.0 0
1747647945850 100.0 0
1747647945863 100.0 0
1747647945907 100.0 0
1747647945932 0.0 0
1747647945993 0.0 0
1747647946022 100.0 0
1747647946047 100.0 0
1747647946068 100.0 0
1747647946096 0.0 0
1747647946162 0.0 0
1747647946262 100.0 0
1747647946284 0.0 0
1747647946296 100.0 0
1747647946303 100.0 0
1747647946368 100.0 0
1747647946453 0.0 0
1747647946467 0.0 0
1747647946507 0.0 0
1747647946528 100.0 0
1747647946552 100.0 0
1747647946606 100.0 0
1747647946682 0.0 0
1747647946699 0.0 0
1747647946752 0.0 0
1747647946797 100.0 0
1747647946852 0.0 0
1747647946883 0.0 0
1747647946910 0.0 0
1747647946943 0.0 0
1747647946978 100.0 0
1747647946990 0.0 0
1747647946999 0.0 0
1747647947058 100.0 0
1747647947169 100.0 0
1747647947181 0.0 0
1747647947206 0.0 0
1747647947219 0.0 0
1747647947312 0.0 0
1747647947326 0.0 0
1747647947339 100.0 0
1747647947363 100.0 0
1747647947375 0.0 0
1747647947401 100.0 0
1747647947414 100.0 0
1747647947435 0.0 0
1747647947474 100.0 0
1747647947568 100.0 0
1747647947590 0.0 0
1747647947602 100.0 0
1747647947636 0.0 0
1747647947660 0.0 0
1747647947707 0.0 0
1747647947798 0.0 0
1747647947811 0.0 0
1747647947823 100.0 0
1747647947844 0.0 0
1747647947893 100.0 0
1747647947906 100.0 0
1747647947963 0.0 0
1747647947981 100.0 0
1747647947998 100.0 0
1747647948028 100.0 0
1747647948082 0.0 0
1747647948095 0.0 0
1747647948130 0.0 0
1747647948143 0.0 0
1747647948153 100.0 0
1747647948174 100.0 0
1747647948187 0.0 0
1747647948216 100.0 0
1747647948231 0.0 0
1747647948332 100.0 0
1747647948434 100.0 0
1747647948447 100.0 0
1747647948495 100.0 0
1747647948516 100.0 0
1747647948533 100.0 0
1747647948589 100.0 0
1747647948607 0.0 0
1747647948644 100.0 0
1747647948672 100.0 0
1747647948723 0.0 0
1747647948750 0.0 0
1747647948761 0.0 0
1747647948797 0.0 0
1747647948806 100.0 0
1747647948866 100.0 0
1747647948900 100.0 0
1747647948942 100.0 0
1747647948985 0.0 0
1747647949082 0.0 0
1747647949103 0.0 0
1747647949142 0.0 0
1747647949171 100.0 0
1747647949201 0.0 0
1747647949217 100.0 0
1747647949234 100.0 0
1747647949245 0.0 0
1747647949256 100.0 0
1747647949311 100.0 0
1747647949422 100.0 0
1747647949447 0.0 0
1747647949477 0.0 0
1747647949488 0.0 0
1747647949550 0.0 0
1747647949617 100.0 0
1747647949632 0.0 0
1747647949716 0.0 0
1747647949748 0.0 0
1747647949764 0.0 0
1747647949799 100.0 0
1747647949823 0.0 0
1747647949835 0.0 0
1747647949865 0.0 0
1747647949877 0.0 0
1747647950087 100.0 0
1747647950155 0.0 0
1747647950187 100.0 0
1747647950203 0.0 0
1747647950248 100.0 0
1747647950284 0.0 0
1747647950323 100.0 0
1747647950354 0.0 0
1747647950378 0.0 0
1747647950398 0.0 0
1747647950431 100.0 0
1747647950522 0.0 0
1747647950547 100.0 0
1747647950641 0.0 0
1747647950660 100.0 0
1747647950737 100.0 0
1747647950812 100.0 0
1747647950856 0.0 0
1747647950895 100.0 0
1747647950970 0.0 0
1747647951009 0.0 0
1747647951063 0.0 0
1747647951076 100.0 0
1747647951085 0.0 0
