1748443694970 -0.12046216468043157 0
1748443753251 -0.1319332828687262 0
1748443763798 -0.09551563924359448 0
1748443781386 -0.11688757691628862 0
1748443813115 -0.12616811091213476 0
1748443860683 -0.13343928995371385 0
1748443886099 -0.12148946993325362 0
1748443913593 -0.1211110749606386 0
1748443944009 -0.11934904582109471 0
1748443998924 -0.13726595374653064 0
1748444035942 -0.12507228605861803 0
1748444045081 -0.09929477294407013 0
1748444094326 -0.134050151372502 0
1748444123719 -0.12381360784166104 0
1748444135867 -0.10649369264011817 0
1748444158957 -0.11972162231405868 0
1748444177985 -0.12171798577885423 0
1748444209440 -0.12203896089207394 0
1748444265342 -0.13663329469058105 0
1748444328108 -0.13424196496890736 0
1748444337138 -0.1009440063757044 0
1748444351921 -0.11422051030431477 0
1748444412437 -0.13636146887989306 0
1748444426862 -0.11262699179280225 0
1748444431108 -0.08788138762010236 0
1748444451350 -0.12278695442266595 0
1748444473072 -0.12192861583692949 0
1748444526156 -0.13308519787956571 0
1748444557015 -0.12184356875266007 0
1748444593394 -0.12112651537438765 0
1748444641905 -0.13844530886345197 0
1748444685077 -0.1378925668020456 0
1748444705314 -0.12482378950234858 0
1748444734861 -0.13386135295259444 0
1748444777206 -0.14185291683263035 0
1748444777756 -0.15183054510858604 0
1748444827118 -0.1380843378709087 0
1748444884745 -0.16120270907457246 0
