1748443694969 0.12026969042618336 0
1748443753250 0.14181970967628604 0
1748443763797 0.09056685604389682 0
1748443781385 0.126084814902745 0
1748443813114 0.12407816664695222 0
1748443860682 0.13872512321381006 0
1748443886098 0.11927780664422741 0
1748443913592 0.12593198231975603 0
1748443944008 0.12441244983104792 0
1748443998922 0.13350770191735095 0
1748444035941 0.13041907578319023 0
1748444045080 0.10049120695245325 0
1748444094325 0.1374302160740362 0
1748444123718 0.11634798562122758 0
1748444135866 0.10755211943636431 0
1748444158956 0.12542883886238637 0
1748444177985 0.1318250221106533 0
1748444209439 0.12351723540646689 0
1748444265341 0.13870257933098365 0
1748444328107 0.14618829775273462 0
1748444337137 0.10621215916191584 0
1748444351920 0.11308809507915978 0
1748444412436 0.13818031097530523 0
1748444426861 0.1166086294254351 0
1748444431107 0.10340592430947712 0
1748444451349 0.12401462244360216 0
1748444473071 0.12554582969302064 0
1748444526155 0.14056668883157022 0
1748444557014 0.1306786992063202 0
1748444593393 0.13729041561543867 0
1748444641904 0.14433736019624 0
1748444685076 0.1465456311039335 0
1748444705313 0.13159537983204053 0
1748444734860 0.1303134148204 0
1748444777205 0.14885530578096767 0
1748444777755 0.10202302971936204 0
1748444827117 0.14713139694193536 0
1748444884744 0.16886796059763362 0
