1748443694966 2851.0 0
1748443753248 6691.0 0
1748443763795 895.0 0
1748443781383 1996.0 0
1748443813112 3458.0 0
1748443860679 5353.0 0
1748443886096 2996.0 0
1748443913589 3000.0 0
1748443944005 3297.0 0
1748443998920 6192.0 0
1748444035938 4098.0 0
1748444045078 1126.0 0
1748444094323 5726.0 0
1748444123715 3368.0 0
1748444135864 1494.0 0
1748444158954 2470.0 0
1748444177982 2263.0 0
1748444209437 3492.0 0
1748444265338 6805.0 0
1748444328105 7092.0 0
1748444337135 1276.0 0
1748444351917 1732.0 0
1748444412433 6807.0 0
1748444426858 1943.0 0
1748444431105 528.0 0
1748444451346 2250.0 0
1748444473068 2227.0 0
1748444526153 6395.0 0
1748444557012 3635.0 0
1748444593390 4647.0 0
1748444641901 6519.0 0
1748444685074 5259.0 0
1748444705311 2246.0 0
1748444734858 3439.0 0
1748444777202 3740.0 0
1748444777752 52.0 0
1748444827115 3952.0 0
1748444884742 1654.0 0
