1748443694968 51.139950894423016 0
1748443753249 48.85667314302795 0
1748443763796 50.167597765363126 0
1748443781384 47.49498997995992 0
1748443813113 48.35164835164835 0
1748443860681 48.0291425368952 0
1748443886097 47.930574098798395 0
1748443913591 48.36666666666667 0
1748443944007 48.28632089778587 0
1748443998921 48.11046511627907 0
1748444035940 50.317227916056616 0
1748444045079 48.13499111900533 0
1748444094324 49.02200488997555 0
1748444123717 49.049881235154395 0
1748444135865 48.058902275769746 0
1748444158955 48.987854251012145 0
1748444177983 50.41979673000442 0
1748444209438 48.424971363115695 0
1748444265339 47.964731814842025 0
1748444328106 48.688663282571916 0
1748444337136 49.76489028213166 0
1748444351918 50.404157043879906 0
1748444412435 47.24548259144998 0
1748444426860 50.23160061760164 0
1748444431106 50.9469696969697 0
1748444451348 46.84444444444444 0
1748444473070 46.34036820835205 0
1748444526154 49.163408913213445 0
1748444557013 49.65612104539202 0
1748444593392 49.537335915644505 0
1748444641903 48.673109372603165 0
1748444685075 49.43905685491538 0
1748444705312 46.97239536954586 0
1748444734859 48.7641756324513 0
1748444777204 49.43850267379679 0
1748444777754 53.84615384615385 0
1748444827116 48.22874493927126 0
1748444884743 50.181378476420804 0
