1747636247166 0.5001794379690743 0
1747636247189 0.0 0
1747636247200 0.0 0
1747636247218 0.0 0
1747636247230 0.0 0
1747636247241 0.0 0
1747636247251 0.0 0
1747636247267 0.0 0
1747636247278 0.0 0
1747636247289 0.0 0
1747636247311 0.0 0
1747636247322 0.0 0
1747636247329 0.0 0
1747636247345 0.0 0
1747636247356 0.0 0
1747636247363 0.0 0
1747636247395 0.0 0
1747636247424 0.0 0
1747636247454 0.0 0
1747636247464 0.0 0
1747636247476 0.0 0
1747636247485 0.0 0
1747636247501 0.0 0
1747636247515 0.0 0
1747636247526 0.0 0
1747636247533 0.0 0
1747636247542 0.0 0
1747636247550 0.0 0
1747636247573 0.0 0
1747636247590 0.0 0
1747636247602 0.0 0
1747636247613 0.0 0
1747636247624 0.0 0
1747636247636 0.0 0
1747636247645 0.0 0
1747636247656 0.0 0
1747636247667 0.0 0
1747636247683 0.0 0
1747636247691 0.0 0
1747636247700 0.0 0
1747636247708 0.0 0
1747636247715 0.0 0
1747636247736 0.0 0
1747636247749 0.0 0
1747636247760 0.0 0
1747636247775 0.0 0
1747636247792 0.0 0
1747636247815 0.0 0
1747636247826 0.0 0
1747636247839 0.0 0
1747636247853 0.0 0
1747636247877 0.0 0
1747636247888 0.0 0
1747636247905 0.0 0
1747636247917 0.0 0
1747636247928 0.0 0
1747636247948 0.0 0
1747636247967 0.0 0
1747636248027 0.0 0
1747636248040 0.0 0
1747636248048 0.0 0
1747636248057 0.0 0
1747636248069 0.0 0
1747636248080 0.0 0
1747636248092 0.0 0
1747636248101 0.0 0
1747636248113 0.0 0
1747636248121 0.0 0
1747636248149 0.0 0
1747636248161 0.0 0
1747636248171 0.0 0
1747636248183 0.0 0
1747636248204 0.0 0
1747636248227 0.0 0
1747636248240 0.0 0
1747636248252 0.0 0
1747636248264 0.0 0
1747636248278 0.0 0
1747636248299 0.0 0
1747636248310 0.0 0
1747636248331 0.0 0
1747636248361 0.0 0
1747636248372 0.0 0
1747636248384 0.0 0
1747636248395 0.0 0
1747636248407 0.0 0
1747636248442 0.0 0
1747636248451 0.0 0
1747636248465 0.0 0
1747636248476 0.0 0
1747636248487 0.0 0
1747636248498 0.0 0
1747636248510 0.0 0
1747636248520 0.0 0
1747636248531 0.0 0
1747636248542 0.0 0
1747636248559 0.0 0
1747636248570 0.0 0
1747636248581 0.0 0
1747636248592 0.0 0
1747636248603 0.0 0
1747636248613 0.0 0
1747636248624 0.0 0
1747636248635 0.0 0
1747636248647 0.0 0
1747636248656 0.0 0
1747636248672 0.0 0
1747636248683 0.0 0
1747636248700 0.0 0
1747636248711 0.0 0
1747636248728 0.0 0
1747636248748 0.0 0
1747636248758 0.0 0
1747636248769 0.0 0
1747636248779 0.0 0
1747636248790 0.0 0
1747636248798 0.0 0
1747636248814 0.0 0
1747636248830 0.0 0
1747636248843 0.0 0
1747636248868 0.0 0
1747636248880 0.0 0
1747636248889 0.0 0
1747636248904 0.0 0
1747636248912 0.0 0
1747636248924 0.0 0
1747636248933 0.0 0
1747636248942 0.0 0
1747636248950 0.0 0
1747636248961 0.0 0
1747636248976 0.0 0
1747636248988 0.0 0
1747636248998 0.0 0
1747636249010 0.0 0
1747636249022 0.0 0
1747636249032 0.0 0
1747636249045 0.0 0
1747636249072 0.0 0
1747636249083 0.0 0
1747636249095 0.0 0
1747636249108 0.0 0
1747636249120 0.0 0
1747636249133 0.0 0
1747636249144 0.0 0
1747636249156 0.0 0
1747636249168 0.0 0
1747636249186 0.0 0
1747636249197 0.0 0
1747636249226 0.0 0
1747636249238 0.0 0
1747636249250 0.0 0
1747636249263 0.0 0
1747636249273 0.0 0
1747636249305 0.0 0
1747636249320 0.0 0
1747636249329 0.0 0
1747636249340 0.0 0
1747636249350 0.0 0
1747636249360 0.0 0
1747636249368 0.0 0
1747636249380 0.0 0
1747636249402 0.0 0
1747636249413 0.0 0
1747636249422 0.0 0
1747636249438 0.0 0
1747636249450 0.0 0
1747636249462 0.0 0
1747636249474 0.0 0
1747636249485 0.0 0
1747636249496 0.0 0
1747636249510 0.0 0
1747636249522 0.0 0
1747636249534 0.0 0
1747636249553 0.0 0
1747636249564 0.0 0
1747636249571 0.0 0
1747636249593 0.0 0
1747636249604 0.0 0
1747636249628 0.0 0
1747636249642 0.0 0
1747636249674 0.0 0
1747636249688 0.0 0
1747636249710 0.0 0
1747636249721 0.0 0
1747636249732 0.0 0
1747636249743 0.0 0
1747636249757 0.0 0
1747636249766 0.0 0
1747636249782 0.0 0
1747636249810 0.0 0
1747636249822 0.0 0
1747636249833 0.0 0
1747636249847 0.0 0
1747636249858 0.0 0
1747636249882 0.0 0
1747636249893 0.0 0
1747636249904 0.0 0
1747636249914 0.0 0
1747636249930 0.0 0
1747636249938 0.0 0
1747636249946 0.0 0
1747636249959 0.0 0
1747636249970 0.0 0
1747636249982 0.0 0
1747636249991 0.0 0
1747636250002 0.0 0
1747636250013 0.0 0
1747636250030 0.0 0
1747636250041 0.0 0
1747636250053 0.0 0
1747636250065 0.0 0
1747636250078 0.0 0
1747636250095 0.0 0
1747636250105 0.0 0
1747636250121 0.0 0
1747636250133 0.0 0
1747636250144 0.0 0
1747636250156 0.0 0
1747636250163 0.0 0
1747636250177 0.0 0
1747636250188 0.0 0
1747636250198 0.0 0
1747636250205 0.0 0
1747636250216 0.0 0
1747636250226 0.0 0
1747636250249 0.0 0
1747636250266 0.0 0
1747636250276 0.0 0
1747636250289 0.0 0
1747636250297 0.0 0
1747636250305 0.0 0
1747636250317 0.0 0
1747636250329 0.0 0
1747636250340 0.0 0
1747636250350 0.0 0
1747636250361 0.0 0
1747636250376 0.0 0
1747636250392 0.0 0
1747636250403 0.0 0
1747636250414 0.0 0
1747636250425 0.0 0
1747636250436 0.0 0
1747636250447 0.0 0
1747636250458 0.0 0
1747636250470 0.0 0
1747636250488 0.0 0
1747636250506 0.0 0
1747636250517 0.0 0
1747636250529 0.0 0
1747636250539 0.0 0
1747636250550 0.0 0
1747636250561 0.0 0
1747636250571 0.0 0
1747636250586 0.0 0
1747636250598 0.0 0
1747636250613 0.0 0
1747636250625 0.0 0
1747636250638 0.0 0
1747636250649 0.0 0
1747636250658 0.0 0
1747636250673 0.0 0
1747636250682 0.0 0
1747636250693 0.0 0
1747636250705 0.0 0
1747636250713 0.0 0
1747636250746 0.0 0
1747636250757 0.0 0
1747636250785 0.0 0
1747636250796 0.0 0
1747636250804 0.0 0
1747636250815 0.0 0
1747636250825 0.0 0
1747636250834 0.0 0
1747636250845 0.0 0
1747636250861 0.0 0
1747636250872 0.0 0
1747636250890 0.0 0
1747636250906 0.0 0
1747636250918 0.0 0
1747636250926 0.0 0
1747636250937 0.0 0
1747636250976 0.0 0
1747636250987 0.0 0
1747636250997 0.0 0
1747636251008 0.0 0
1747636251042 0.0 0
1747636251058 0.0 0
1747636251080 0.0 0
1747636251093 0.0 0
1747636251116 0.0 0
1747636251123 0.0 0
1747636251130 0.0 0
1747636251151 0.0 0
1747636251163 0.0 0
1747636251173 0.0 0
1747636251185 0.0 0
1747636251203 0.0 0
1747636251219 0.0 0
1747636251234 0.0 0
1747636251242 0.0 0
1747636251253 0.0 0
1747636251265 0.0 0
1747636251277 0.0 0
1747636251288 0.0 0
1747636251305 0.0 0
1747636251321 0.0 0
1747636251333 0.0 0
1747636251344 0.0 0
1747636251355 0.0 0
1747636251364 0.0 0
1747636251375 0.0 0
1747636251388 0.0 0
1747636251396 0.0 0
1747636251412 0.0 0
1747636251423 0.0 0
1747636251434 0.0 0
1747636251448 0.0 0
1747636251459 0.0 0
1747636251474 0.0 0
1747636251485 0.0 0
1747636251501 0.0 0
1747636251513 0.0 0
1747636251534 0.0 0
1747636251546 0.0 0
1747636251558 0.0 0
1747636251570 0.0 0
1747636251582 0.0 0
1747636251591 0.0 0
1747636251608 0.0 0
1747636251631 0.0 0
1747636251642 0.0 0
1747636251653 0.0 0
1747636251664 0.0 0
1747636251676 0.0 0
1747636251685 0.0 0
1747636251693 0.0 0
1747636251737 0.0 0
1747636251753 0.0 0
1747636251762 0.0 0
1747636251774 0.0 0
1747636251789 0.0 0
1747636251803 0.0 0
1747636251820 0.0 0
1747636251831 0.0 0
1747636251842 0.0 0
1747636251853 0.0 0
1747636251864 0.0 0
1747636251875 0.0 0
1747636251886 0.0 0
1747636251897 0.0 0
1747636251905 0.0 0
1747636251914 0.0 0
1747636251934 0.0 0
1747636251943 0.0 0
1747636251951 0.0 0
1747636251963 0.0 0
1747636251975 0.0 0
1747636251987 0.0 0
1747636251996 0.0 0
1747636252004 0.0 0
1747636252015 0.0 0
1747636252025 0.0 0
1747636252034 0.0 0
1747636252043 0.0 0
1747636252060 0.0 0
1747636252070 0.0 0
1747636252080 0.0 0
1747636252095 0.0 0
1747636252111 0.0 0
1747636252123 0.0 0
1747636252146 0.0 0
1747636252156 0.0 0
1747636252167 0.0 0
1747636252176 0.0 0
1747636252194 0.0 0
1747636252205 0.0 0
1747636252216 0.0 0
1747636252227 0.0 0
1747636252239 0.0 0
1747636252250 0.0 0
1747636252258 0.0 0
1747636252265 0.0 0
1747636252275 0.0 0
1747636252289 0.0 0
1747636252306 0.0 0
1747636252318 0.0 0
1747636252332 0.0 0
1747636252355 0.0 0
1747636252372 0.0 0
1747636252384 0.0 0
1747636252392 0.0 0
1747636252402 0.0 0
1747636252420 0.0 0
1747636252431 0.0 0
1747636252442 0.0 0
1747636252464 0.0 0
1747636252484 0.0 0
1747636252498 0.0 0
1747636252508 0.0 0
1747636252524 0.0 0
1747636252549 0.0 0
1747636252569 0.0 0
1747636252580 0.0 0
1747636252592 0.0 0
1747636252601 0.0 0
1747636252614 0.0 0
1747636252642 0.0 0
1747636252653 0.0 0
1747636252665 0.0 0
1747636252676 0.0 0
1747636252685 0.0 0
1747636252696 0.0 0
1747636252707 0.0 0
1747636252719 0.0 0
1747636252731 0.0 0
1747636252740 0.0 0
1747636252753 0.0 0
1747636252763 0.0 0
1747636252776 0.0 0
1747636252790 0.0 0
1747636252799 0.0 0
1747636252812 0.0 0
1747636252821 0.0 0
1747636252830 0.0 0
1747636252839 0.0 0
1747636252866 0.0 0
1747636252877 0.0 0
1747636252891 0.0 0
1747636252901 0.0 0
1747636252909 0.0 0
1747636252917 0.0 0
1747636252928 0.0 0
1747636252941 0.0 0
1747636252952 0.0 0
1747636252963 0.0 0
1747636252975 0.0 0
1747636252989 0.0 0
1747636253000 0.0 0
1747636253010 0.0 0
1747636253021 0.0 0
1747636253030 0.0 0
1747636253041 0.0 0
1747636253054 0.0 0
1747636253065 0.0 0
1747636253076 0.0 0
1747636253087 0.0 0
1747636253100 0.0 0
1747636253112 0.0 0
1747636253125 0.0 0
1747636253135 0.0 0
1747636253150 0.0 0
1747636253164 0.0 0
1747636253178 0.0 0
1747636253191 0.0 0
1747636253202 0.0 0
1747636253226 0.0 0
1747636253241 0.0 0
1747636253258 0.0 0
1747636253270 0.0 0
1747636253292 0.0 0
1747636253305 0.0 0
1747636253319 0.0 0
1747636253332 0.0 0
1747636253345 0.0 0
1747636253359 0.0 0
1747636253380 0.0 0
1747636253392 0.0 0
1747636253405 0.0 0
1747636253421 0.0 0
1747636253433 0.0 0
1747636253446 0.0 0
1747636253457 0.0 0
1747636253464 0.0 0
1747636253480 0.0 0
1747636253491 0.0 0
1747636253505 0.0 0
1747636253526 0.0 0
1747636253541 0.0 0
1747636253558 0.0 0
1747636253575 0.0 0
1747636253591 0.0 0
1747636253600 0.0 0
1747636253617 0.0 0
1747636253628 0.0 0
1747636253638 0.0 0
1747636253650 0.0 0
1747636253658 0.0 0
1747636253669 0.0 0
1747636253681 0.0 0
1747636253693 0.0 0
1747636253704 0.0 0
1747636253716 0.0 0
1747636253724 0.0 0
1747636253735 0.0 0
1747636253745 0.0 0
1747636253757 0.0 0
1747636253776 0.0 0
1747636253788 0.0 0
1747636253799 0.0 0
1747636253811 0.0 0
1747636253822 0.0 0
1747636253833 0.0 0
1747636253848 0.0 0
1747636253864 0.0 0
1747636253875 0.0 0
1747636253886 0.0 0
1747636253895 0.0 0
1747636253906 0.0 0
1747636253914 0.0 0
1747636253925 0.0 0
1747636253937 0.0 0
1747636253948 0.0 0
1747636253961 0.0 0
1747636253983 0.0 0
1747636254002 0.0 0
1747636254021 0.0 0
1747636254041 0.0 0
1747636254052 0.0 0
1747636254071 0.0 0
1747636254083 0.0 0
1747636254097 0.0 0
1747636254112 0.0 0
1747636254121 0.0 0
1747636254138 0.0 0
1747636254151 0.0 0
1747636254162 0.0 0
1747636254175 0.0 0
1747636254194 0.0 0
1747636254205 0.0 0
1747636254216 0.0 0
1747636254226 0.0 0
1747636254238 0.0 0
1747636254247 0.0 0
1747636254257 0.0 0
1747636254270 0.0 0
1747636254281 0.0 0
1747636254304 0.0 0
1747636254314 0.0 0
1747636254331 0.0 0
1747636254347 0.0 0
1747636254364 0.0 0
1747636254381 0.0 0
1747636254393 0.0 0
1747636254410 0.0 0
1747636254422 0.0 0
1747636254444 0.0 0
1747636254455 0.0 0
1747636254466 0.0 0
1747636254477 0.0 0
1747636254493 0.0 0
1747636254505 0.0 0
1747636254519 0.0 0
1747636254535 0.0 0
1747636254549 0.0 0
1747636254558 0.0 0
1747636254567 0.0 0
1747636254579 0.0 0
1747636254591 0.0 0
1747636254603 0.0 0
1747636254615 0.0 0
1747636254624 0.0 0
1747636254635 0.0 0
1747636254645 0.0 0
1747636254670 0.0 0
1747636254680 0.0 0
1747636254697 0.0 0
1747636254708 0.0 0
1747636254724 0.0 0
1747636254741 0.0 0
1747636254752 0.0 0
1747636254763 0.0 0
1747636254778 0.0 0
1747636254788 0.0 0
1747636254800 0.0 0
1747636254815 0.0 0
1747636254826 0.0 0
1747636254843 0.0 0
1747636254854 0.0 0
1747636254863 0.0 0
1747636254875 0.0 0
1747636254889 0.0 0
1747636254897 0.0 0
1747636254911 0.0 0
1747636254925 0.0 0
1747636254938 0.0 0
1747636254949 0.0 0
1747636254960 0.0 0
1747636254971 0.0 0
1747636254982 0.0 0
1747636254999 0.0 0
1747636255019 0.0 0
1747636255037 0.0 0
1747636255050 0.0 0
1747636255062 0.0 0
1747636255073 0.0 0
1747636255085 0.0 0
1747636255096 0.0 0
1747636255108 0.0 0
1747636255119 0.0 0
1747636255130 0.0 0
1747636255141 0.0 0
1747636255172 0.0 0
1747636255183 0.0 0
1747636255224 0.0 0
1747636255253 0.0 0
1747636255269 0.0 0
1747636255286 0.0 0
1747636255297 0.0 0
1747636255309 0.0 0
1747636255321 0.0 0
1747636255332 0.0 0
1747636255343 0.0 0
1747636255355 0.0 0
1747636255367 0.0 0
1747636255378 0.0 0
1747636255401 0.0 0
1747636255413 0.0 0
1747636255425 0.0 0
1747636255437 0.0 0
1747636255454 0.0 0
1747636255470 0.0 0
1747636255481 0.0 0
1747636255505 0.0 0
1747636255518 0.0 0
1747636255540 0.0 0
1747636255552 0.0 0
1747636255573 0.0 0
1747636255587 0.0 0
1747636255598 0.0 0
1747636255610 0.0 0
1747636255627 0.0 0
1747636255643 0.0 0
1747636255654 0.0 0
1747636255666 0.0 0
1747636255688 0.0 0
1747636255698 0.0 0
1747636255710 0.0 0
1747636255725 0.0 0
1747636255736 0.0 0
1747636255747 0.0 0
1747636255762 0.0 0
1747636255779 0.0 0
1747636255789 0.0 0
1747636255801 0.0 0
1747636255813 0.0 0
1747636255825 0.0 0
1747636255836 0.0 0
1747636255847 0.0 0
1747636255858 0.0 0
1747636255868 0.0 0
1747636255879 0.0 0
1747636255895 0.0 0
1747636255907 0.0 0
1747636255938 0.0 0
1747636255949 0.0 0
1747636255960 0.0 0
1747636255970 0.0 0
1747636255985 0.0 0
1747636255996 0.0 0
1747636256008 0.0 0
1747636256021 0.0 0
1747636256032 0.0 0
1747636256044 0.0 0
1747636256055 0.0 0
1747636256066 0.0 0
1747636256079 0.0 0
1747636256096 0.0 0
1747636256107 0.0 0
1747636256123 0.0 0
1747636256134 0.0 0
1747636256150 0.0 0
1747636256164 0.0 0
1747636256172 0.0 0
1747636256183 0.0 0
1747636256195 0.0 0
1747636256206 0.0 0
1747636256218 0.0 0
1747636256253 0.0 0
1747636256274 0.0 0
1747636256286 0.0 0
1747636256297 0.0 0
1747636256320 0.0 0
1747636256335 0.0 0
1747636256351 0.0 0
1747636256359 0.0 0
1747636256376 0.0 0
1747636256387 0.0 0
1747636256398 0.0 0
1747636256409 0.0 0
1747636256420 0.0 0
1747636256450 0.0 0
1747636256477 0.0 0
1747636256489 0.0 0
1747636256500 0.0 0
1747636256509 0.0 0
1747636256520 0.0 0
1747636256531 0.0 0
1747636256542 0.0 0
1747636256554 0.0 0
1747636256574 0.0 0
1747636256585 0.0 0
1747636256596 0.0 0
1747636256609 0.0 0
1747636256620 0.0 0
1747636256630 0.0 0
1747636256647 0.0 0
1747636256668 0.0 0
1747636256679 0.0 0
1747636256695 0.0 0
1747636256705 0.0 0
1747636256716 0.0 0
1747636256727 0.0 0
1747636256738 0.0 0
1747636256749 0.0 0
1747636256771 0.0 0
1747636256814 0.0 0
1747636256834 0.0 0
1747636256854 0.0 0
1747636256866 0.0 0
1747636256883 0.0 0
1747636256894 0.0 0
1747636256906 0.0 0
1747636256923 0.0 0
1747636256940 0.0 0
1747636256951 0.0 0
1747636256962 0.0 0
1747636256978 0.0 0
1747636256994 0.0 0
1747636257005 0.0 0
1747636257017 0.0 0
1747636257033 0.0 0
1747636257045 0.0 0
1747636257062 0.0 0
1747636257073 0.0 0
1747636257096 0.0 0
1747636257106 0.0 0
1747636257123 0.0 0
1747636257134 0.0 0
1747636257150 0.0 0
1747636257161 0.0 0
1747636257173 0.0 0
1747636257183 0.0 0
1747636257194 0.0 0
1747636257216 0.0 0
1747636257231 0.0 0
1747636257243 0.0 0
1747636257255 0.0 0
1747636257274 0.0 0
1747636257285 0.0 0
1747636257296 0.0 0
1747636257307 0.0 0
1747636257324 0.0 0
1747636257336 0.0 0
1747636257347 0.0 0
1747636257363 0.0 0
1747636257372 0.0 0
1747636257382 0.0 0
1747636257393 0.0 0
1747636257404 0.0 0
1747636257421 0.0 0
1747636257432 0.0 0
1747636257444 0.0 0
1747636257457 0.0 0
1747636257483 0.0 0
1747636257498 0.0 0
1747636257510 0.0 0
1747636257522 0.0 0
1747636257530 0.0 0
1747636257541 0.0 0
1747636257552 0.0 0
1747636257564 0.0 0
1747636257576 0.0 0
1747636257584 0.0 0
1747636257601 0.0 0
1747636257612 0.0 0
1747636257623 0.0 0
1747636257631 0.0 0
1747636257645 0.0 0
1747636257659 0.0 0
1747636257677 0.0 0
1747636257688 0.0 0
1747636257703 0.0 0
1747636257717 0.0 0
1747636257734 0.0 0
1747636257746 0.0 0
1747636257754 0.0 0
1747636257767 0.0 0
1747636257775 0.0 0
1747636257786 0.0 0
1747636257798 0.0 0
1747636257813 0.0 0
1747636257825 0.0 0
1747636257839 0.0 0
1747636257854 0.0 0
1747636257866 0.0 0
1747636257878 0.0 0
1747636257896 0.0 0
1747636257905 0.0 0
1747636257916 0.0 0
1747636257931 0.0 0
1747636257958 0.0 0
1747636257970 0.0 0
1747636257980 0.0 0
1747636257988 0.0 0
1747636257998 0.0 0
1747636258009 0.0 0
1747636258019 0.0 0
1747636258030 0.0 0
1747636258040 0.0 0
1747636258055 0.0 0
1747636258068 0.0 0
1747636258086 0.0 0
1747636258097 0.0 0
1747636258107 0.0 0
1747636258118 0.0 0
1747636258131 0.0 0
1747636258143 0.0 0
1747636258150 0.0 0
1747636258159 0.0 0
1747636258175 0.0 0
1747636258189 0.0 0
1747636258199 0.0 0
1747636258208 0.0 0
1747636258218 0.0 0
1747636258230 0.0 0
1747636258239 0.0 0
1747636258247 0.0 0
1747636258258 0.0 0
1747636259387 0.0 0
1747636259403 0.0 0
1747636259417 0.0 0
1747636259434 0.0 0
1747636259450 0.0 0
1747636259468 0.0 0
1747636259482 0.0 0
1747636259497 0.0 0
1747636259515 0.0 0
1747636259537 0.0 0
1747636259554 0.0 0
1747636259577 0.0 0
1747636259591 0.0 0
1747636259612 0.0 0
1747636259621 0.0 0
1747636259635 0.0 0
1747636259653 0.0 0
1747636259665 0.0 0
1747636259683 0.0 0
1747636259697 0.0 0
1747636259708 0.0 0
1747636259716 0.0 0
1747636259728 0.0 0
1747636259739 0.0 0
1747636259747 0.0 0
1747636259758 0.0 0
1747636259774 0.0 0
1747636259801 0.0 0
1747636259821 0.0 0
1747636259831 0.0 0
1747636259843 0.0 0
1747636259856 0.0 0
1747636259867 0.0 0
1747636259879 0.0 0
1747636259890 0.0 0
1747636259911 0.0 0
1747636259922 0.0 0
1747636259936 0.0 0
1747636259947 0.0 0
1747636259960 0.0 0
1747636259979 0.0 0
1747636259992 0.0 0
1747636260004 0.0 0
1747636260016 0.0 0
1747636260033 0.0 0
1747636260045 0.0 0
1747636260056 0.0 0
1747636260072 0.0 0
1747636260083 0.0 0
1747636260094 0.0 0
1747636260105 0.0 0
1747636260116 0.0 0
1747636260130 0.0 0
1747636260142 0.0 0
1747636260153 0.0 0
1747636260164 0.0 0
1747636260191 0.0 0
1747636260203 0.0 0
1747636260220 0.0 0
1747636260232 0.0 0
1747636260243 0.0 0
1747636260254 0.0 0
1747636260266 0.0 0
1747636260277 0.0 0
1747636260284 0.0 0
1747636260306 0.0 0
1747636260317 0.0 0
1747636260328 0.0 0
1747636260339 0.0 0
1747636260349 0.0 0
1747636260360 0.0 0
1747636260371 0.0 0
1747636260379 0.0 0
1747636260388 0.0 0
1747636260397 0.0 0
1747636260409 0.0 0
1747636260433 0.0 0
1747636260443 0.0 0
1747636260455 0.0 0
1747636260462 0.0 0
1747636260474 0.0 0
1747636260484 0.0 0
1747636260493 0.0 0
1747636260509 0.0 0
1747636260531 0.0 0
1747636260539 0.0 0
1747636260550 0.0 0
1747636260564 0.0 0
1747636260573 0.0 0
1747636260584 0.0 0
1747636260595 0.0 0
1747636260607 0.0 0
1747636260620 0.0 0
1747636260636 0.0 0
1747636260645 0.0 0
1747636260654 0.0 0
1747636260665 0.0 0
1747636260676 0.0 0
1747636260683 0.0 0
1747636260697 0.0 0
1747636260708 0.0 0
1747636260720 0.0 0
1747636260731 0.0 0
1747636260748 0.0 0
1747636260764 0.0 0
1747636260781 0.0 0
1747636260797 0.0 0
1747636260831 0.0 0
1747636260842 0.0 0
1747636260853 0.0 0
1747636260879 0.0 0
1747636260890 0.0 0
1747636260901 0.0 0
1747636260912 0.0 0
1747636260923 0.0 0
1747636260932 0.0 0
1747636260941 0.0 0
1747636260962 0.0 0
1747636260974 0.0 0
1747636260988 0.0 0
1747636261018 0.0 0
1747636261029 0.0 0
1747636261048 0.0 0
1747636261060 0.0 0
1747636261074 0.0 0
1747636261085 0.0 0
1747636261093 0.0 0
1747636261120 0.0 0
1747636261131 0.0 0
1747636261147 0.0 0
1747636261159 0.0 0
1747636261170 0.0 0
1747636261181 0.0 0
1747636261198 0.0 0
1747636261208 0.0 0
1747636261221 0.0 0
1747636261244 0.0 0
1747636261255 0.0 0
1747636261267 0.0 0
1747636261281 0.0 0
1747636261292 0.0 0
1747636261299 0.0 0
1747636261320 0.0 0
1747636261330 0.0 0
1747636261341 0.0 0
1747636261350 0.0 0
1747636261358 0.0 0
1747636261370 0.0 0
1747636261381 0.0 0
1747636261388 0.0 0
1747636261400 0.0 0
1747636261407 0.0 0
1747636261418 0.0 0
1747636261431 0.0 0
1747636261461 0.0 0
1747636261472 0.0 0
1747636261484 0.0 0
1747636261501 0.0 0
1747636261512 0.0 0
1747636261524 0.0 0
1747636261531 0.0 0
1747636261546 0.0 0
1747636261561 0.0 0
1747636261572 0.0 0
1747636261583 0.0 0
1747636261594 0.0 0
1747636261610 0.0 0
1747636261621 0.0 0
1747636261644 0.0 0
1747636261656 0.0 0
1747636261674 0.0 0
1747636261685 0.0 0
1747636261703 0.0 0
1747636261718 0.0 0
1747636261725 0.0 0
1747636261742 0.0 0
1747636261749 0.0 0
1747636261757 0.0 0
1747636261769 0.0 0
1747636261782 0.0 0
1747636261789 0.0 0
1747636261800 0.0 0
1747636261809 0.0 0
1747636261825 0.0 0
1747636261837 0.0 0
1747636261861 0.0 0
1747636261871 0.0 0
1747636261888 0.0 0
1747636261898 0.0 0
1747636261912 0.0 0
1747636261924 0.0 0
1747636261935 0.0 0
1747636261945 0.0 0
1747636261956 0.0 0
1747636261973 0.0 0
1747636261986 0.0 0
1747636262010 0.0 0
1747636262022 0.0 0
1747636262045 0.0 0
1747636262065 0.0 0
1747636262078 0.0 0
1747636262095 0.0 0
1747636262107 0.0 0
1747636262125 0.0 0
1747636262150 0.0 0
1747636262165 0.0 0
1747636262178 0.0 0
1747636262196 0.0 0
1747636262219 0.0 0
1747636262242 0.0 0
1747636262257 0.0 0
1747636262286 0.0 0
1747636262298 0.0 0
1747636262317 0.0 0
1747636262326 0.0 0
1747636262339 0.0 0
1747636262351 0.0 0
1747636262373 0.0 0
1747636262384 0.0 0
1747636262391 0.0 0
1747636262408 0.0 0
1747636262415 0.0 0
1747636262426 0.0 0
1747636262437 0.0 0
1747636262448 0.0 0
1747636262486 0.0 0
1747636262497 0.0 0
1747636262512 0.0 0
1747636262533 0.0 0
1747636262542 0.0 0
1747636262553 0.0 0
1747636262564 0.0 0
1747636262575 0.0 0
1747636262591 0.0 0
1747636262602 0.0 0
1747636262613 0.0 0
1747636262621 0.0 0
1747636262632 0.0 0
1747636262646 0.0 0
1747636262654 0.0 0
1747636262666 0.0 0
1747636262688 0.0 0
1747636262699 0.0 0
1747636262710 0.0 0
1747636262723 0.0 0
1747636262735 0.0 0
1747636262746 0.0 0
1747636262754 0.0 0
1747636262765 0.0 0
1747636262774 0.0 0
1747636262786 0.0 0
1747636262797 0.0 0
1747636262804 0.0 0
1747636262816 0.0 0
1747636262830 0.0 0
1747636262845 0.0 0
1747636262854 0.0 0
1747636262877 0.0 0
1747636262889 0.0 0
1747636262900 0.0 0
1747636262911 0.0 0
1747636262923 0.0 0
1747636262934 0.0 0
1747636262945 0.0 0
1747636262962 0.0 0
1747636262971 0.0 0
1747636262994 0.0 0
1747636263014 0.0 0
1747636263034 0.0 0
1747636263046 0.0 0
1747636263058 0.0 0
1747636263070 0.0 0
1747636263092 0.0 0
1747636263102 0.0 0
1747636263113 0.0 0
1747636263124 0.0 0
1747636263139 0.0 0
1747636263152 0.0 0
1747636263163 0.0 0
1747636263175 0.0 0
1747636263188 0.0 0
1747636263199 0.0 0
1747636263207 0.0 0
1747636263215 0.0 0
1747636263231 0.0 0
1747636263244 0.0 0
1747636263252 0.0 0
1747636263262 0.0 0
1747636263281 0.0 0
1747636263297 0.0 0
1747636263313 0.0 0
1747636263353 0.0 0
1747636263364 0.0 0
1747636263375 0.0 0
1747636263387 0.0 0
1747636263405 0.0 0
1747636263420 0.0 0
1747636263429 0.0 0
1747636263456 0.0 0
1747636263471 0.0 0
1747636263485 0.0 0
1747636263498 0.0 0
1747636263525 0.0 0
1747636263536 0.0 0
1747636263548 0.0 0
1747636263555 0.0 0
1747636263563 0.0 0
1747636263576 0.0 0
1747636263587 0.0 0
1747636263597 0.0 0
1747636263608 0.0 0
1747636263617 0.0 0
1747636263628 0.0 0
1747636263645 0.0 0
1747636263657 0.0 0
1747636263664 0.0 0
1747636263675 0.0 0
1747636263687 0.0 0
1747636263699 0.0 0
1747636263711 0.0 0
1747636263721 0.0 0
1747636263729 0.0 0
1747636263741 0.0 0
1747636263757 0.0 0
1747636263772 0.0 0
1747636263789 0.0 0
1747636263800 0.0 0
1747636263817 0.0 0
1747636263828 0.0 0
1747636263843 0.0 0
1747636263859 0.0 0
1747636263870 0.0 0
1747636263888 0.0 0
1747636263899 0.0 0
1747636263911 0.0 0
1747636263921 0.0 0
1747636263933 0.0 0
1747636263944 0.0 0
1747636263964 0.0 0
1747636263972 0.0 0
1747636263983 0.0 0
1747636263994 0.0 0
1747636264003 0.0 0
1747636264012 0.0 0
1747636264024 0.0 0
1747636264031 0.0 0
1747636264039 0.0 0
1747636264048 0.0 0
1747636264055 0.0 0
1747636264063 0.0 0
1747636264081 0.0 0
1747636264096 0.0 0
1747636264114 0.0 0
1747636264126 0.0 0
1747636264134 0.0 0
1747636264147 0.0 0
1747636264156 0.0 0
1747636264168 0.0 0
1747636264180 0.0 0
1747636264191 0.0 0
1747636264206 0.0 0
1747636264223 0.0 0
1747636264234 0.0 0
1747636264242 0.0 0
1747636264253 0.0 0
1747636264263 0.0 0
1747636264271 0.0 0
1747636264280 0.0 0
1747636264292 0.0 0
1747636264300 0.0 0
1747636264309 0.0 0
1747636264325 0.0 0
1747636264335 0.0 0
1747636264349 0.0 0
1747636264360 0.0 0
1747636264371 0.0 0
1747636264382 0.0 0
1747636264393 0.0 0
1747636264401 0.0 0
1747636264409 0.0 0
1747636264421 0.0 0
1747636264437 0.0 0
1747636264451 0.0 0
1747636264460 0.0 0
1747636264467 0.0 0
1747636264483 0.0 0
1747636264504 0.0 0
1747636264517 0.0 0
1747636264534 0.0 0
1747636264545 0.0 0
1747636264563 0.0 0
1747636264575 0.0 0
1747636264589 0.0 0
1747636264602 0.0 0
1747636264617 0.0 0
1747636264632 0.0 0
1747636264643 0.0 0
1747636264673 0.0 0
1747636264686 0.0 0
1747636264706 0.0 0
1747636264722 0.0 0
1747636264737 0.0 0
1747636264749 0.0 0
1747636264762 0.0 0
1747636264778 0.0 0
1747636264791 0.0 0
1747636264802 0.0 0
1747636264814 0.0 0
1747636264826 0.0 0
1747636264838 0.0 0
1747636264850 0.0 0
1747636264862 0.0 0
1747636264874 0.0 0
1747636264891 0.0 0
1747636264901 0.0 0
1747636264967 0.0 0
1747636264988 0.0 0
1747636265001 0.0 0
1747636265014 0.0 0
1747636265024 0.0 0
1747636265041 0.0 0
1747636265057 0.0 0
1747636265072 0.0 0
1747636265085 0.0 0
1747636265095 0.0 0
1747636265126 0.0 0
1747636265149 0.0 0
1747636265161 0.0 0
1747636265174 0.0 0
1747636265186 0.0 0
1747636265199 0.0 0
1747636265208 0.0 0
1747636265219 0.0 0
1747636265228 0.0 0
1747636265241 0.0 0
1747636265254 0.0 0
1747636265274 0.0 0
1747636265288 0.0 0
1747636265305 0.0 0
1747636265316 0.0 0
1747636265334 0.0 0
1747636265348 0.0 0
1747636265361 0.0 0
1747636265375 0.0 0
1747636265388 0.0 0
1747636265396 0.0 0
1747636265406 0.0 0
1747636265415 0.0 0
1747636265439 0.0 0
1747636265455 0.0 0
1747636265467 0.0 0
1747636265482 0.0 0
1747636265498 0.0 0
1747636265507 0.0 0
1747636265523 0.0 0
1747636265542 0.0 0
1747636265566 0.0 0
1747636265577 0.0 0
1747636265589 0.0 0
1747636265605 0.0 0
1747636265616 0.0 0
1747636265627 0.0 0
1747636265638 0.0 0
1747636265654 0.0 0
1747636265665 0.0 0
1747636265679 0.0 0
1747636265689 0.0 0
1747636265700 0.0 0
1747636265710 0.0 0
1747636265720 0.0 0
1747636265735 0.0 0
1747636265747 0.0 0
1747636265767 0.0 0
1747636265785 0.0 0
1747636265795 0.0 0
1747636265814 0.0 0
1747636265826 0.0 0
1747636265857 0.0 0
1747636265882 0.0 0
1747636265893 0.0 0
1747636265904 0.0 0
1747636265921 0.0 0
1747636265936 0.0 0
1747636265950 0.0 0
1747636265962 0.0 0
1747636265986 0.0 0
1747636266007 0.0 0
1747636266018 0.0 0
1747636266035 0.0 0
1747636266046 0.0 0
1747636266064 0.0 0
1747636266080 0.0 0
1747636266091 0.0 0
1747636266099 0.0 0
1747636266111 0.0 0
1747636266126 0.0 0
1747636266149 0.0 0
1747636266161 0.0 0
1747636266176 0.0 0
1747636266196 0.0 0
1747636266232 0.0 0
1747636266243 0.0 0
1747636266254 0.0 0
1747636266265 0.0 0
1747636266280 0.0 0
1747636266295 0.0 0
1747636266313 0.0 0
1747636266333 0.0 0
1747636266345 0.0 0
1747636266357 0.0 0
1747636266369 0.0 0
1747636266381 0.0 0
1747636266391 0.0 0
1747636266403 0.0 0
1747636266414 0.0 0
1747636266421 0.0 0
1747636266430 0.0 0
1747636266442 0.0 0
1747636266458 0.0 0
1747636266469 0.0 0
1747636266481 0.0 0
1747636266493 0.0 0
1747636266502 0.0 0
1747636266510 0.0 0
1747636266521 0.0 0
1747636266538 0.0 0
1747636266565 0.0 0
1747636266584 0.0 0
1747636266596 0.0 0
1747636266608 0.0 0
1747636266620 0.0 0
1747636266632 0.0 0
1747636266643 0.0 0
1747636266654 0.0 0
1747636266666 0.0 0
1747636266674 0.0 0
1747636266690 0.0 0
1747636266702 0.0 0
1747636266713 0.0 0
1747636266736 0.0 0
1747636266750 0.0 0
1747636266762 0.0 0
1747636266774 0.0 0
1747636266786 0.0 0
1747636266797 0.0 0
1747636266814 0.0 0
1747636266825 0.0 0
1747636266856 0.0 0
1747636266867 0.0 0
1747636266878 0.0 0
1747636266887 0.0 0
1747636266899 0.0 0
1747636266914 0.0 0
1747636266931 0.0 0
1747636266941 0.0 0
1747636266948 0.0 0
1747636266956 0.0 0
1747636266975 0.0 0
1747636266986 0.0 0
1747636266999 0.0 0
1747636267009 0.0 0
1747636267020 0.0 0
1747636267032 0.0 0
1747636267047 0.0 0
1747636267054 0.0 0
1747636267066 0.0 0
1747636267077 0.0 0
1747636267088 0.0 0
1747636267098 0.0 0
1747636267105 0.0 0
1747636267121 0.0 0
1747636267138 0.0 0
1747636267147 0.0 0
1747636267158 0.0 0
1747636267175 0.0 0
1747636267194 0.0 0
1747636267205 0.0 0
1747636267213 0.0 0
1747636267221 0.0 0
1747636267231 0.0 0
1747636267241 0.0 0
1747636267253 0.0 0
1747636267264 0.0 0
1747636267282 0.0 0
1747636267293 0.0 0
1747636267304 0.0 0
1747636267318 0.0 0
1747636267329 0.0 0
1747636267341 0.0 0
1747636267354 0.0 0
1747636267364 0.0 0
1747636267381 0.0 0
1747636267398 0.0 0
1747636267419 0.0 0
1747636267438 0.0 0
1747636267453 0.0 0
1747636267475 0.0 0
1747636267492 0.0 0
1747636267507 0.0 0
1747636267515 0.0 0
1747636267523 0.0 0
1747636267535 0.0 0
1747636267546 0.0 0
1747636267570 0.0 0
1747636267582 0.0 0
1747636267614 0.0 0
1747636267631 0.0 0
1747636267645 0.0 0
1747636267657 0.0 0
1747636267668 0.0 0
1747636267679 0.0 0
1747636267695 0.0 0
1747636267705 0.0 0
1747636267721 0.0 0
1747636267730 0.0 0
1747636267741 0.0 0
1747636267751 0.0 0
1747636267760 0.0 0
1747636267771 0.0 0
1747636267782 0.0 0
1747636267793 0.0 0
1747636267805 0.0 0
1747636267817 0.0 0
1747636267833 0.0 0
1747636267843 0.0 0
1747636267866 0.0 0
1747636267875 0.0 0
1747636267904 0.0 0
1747636267914 0.0 0
1747636267930 0.0 0
1747636267941 0.0 0
1747636267953 0.0 0
1747636267964 0.0 0
1747636267978 0.0 0
1747636267997 0.0 0
1747636268005 0.0 0
1747636268018 0.0 0
1747636268037 0.0 0
1747636268046 0.0 0
1747636268061 0.0 0
1747636268073 0.0 0
1747636268080 0.0 0
1747636268089 0.0 0
1747636268100 0.0 0
1747636268114 0.0 0
1747636268125 0.0 0
1747636268136 0.0 0
1747636268149 0.0 0
1747636268162 0.0 0
1747636268183 0.0 0
1747636268194 0.0 0
1747636268218 0.0 0
1747636268250 0.0 0
1747636268262 0.0 0
1747636268272 0.0 0
1747636268285 0.0 0
1747636268297 0.0 0
1747636268306 0.0 0
1747636268320 0.0 0
1747636268334 0.0 0
1747636268343 0.0 0
1747636268355 0.0 0
1747636268364 0.0 0
1747636268375 0.0 0
1747636268403 0.0 0
1747636268415 0.0 0
1747636268438 0.0 0
1747636268450 0.0 0
1747636268476 0.0 0
1747636268495 0.0 0
1747636268507 0.0 0
1747636268519 0.0 0
1747636268536 0.0 0
1747636268547 0.0 0
1747636268562 0.0 0
1747636268579 0.0 0
1747636268592 0.0 0
1747636268604 0.0 0
1747636268619 0.0 0
1747636268667 0.0 0
1747636268680 0.0 0
1747636268692 0.0 0
1747636268702 0.0 0
1747636268710 0.0 0
1747636268725 0.0 0
1747636268732 0.0 0
1747636268744 0.0 0
1747636268764 0.0 0
1747636268785 0.0 0
1747636268797 0.0 0
1747636268820 0.0 0
1747636268845 0.0 0
1747636268856 0.0 0
1747636268871 0.0 0
1747636268891 0.0 0
1747636268902 0.0 0
1747636268918 0.0 0
1747636268929 0.0 0
1747636268941 0.0 0
1747636268952 0.0 0
1747636268964 0.0 0
1747636268974 0.0 0
1747636268984 0.0 0
1747636268995 0.0 0
1747636269005 0.0 0
1747636269015 0.0 0
1747636269026 0.0 0
1747636269038 0.0 0
1747636269056 0.0 0
1747636269071 0.0 0
1747636269081 0.0 0
1747636269091 0.0 0
1747636269105 0.0 0
1747636269117 0.0 0
1747636269127 0.0 0
1747636269146 0.0 0
1747636269166 0.0 0
1747636269191 0.0 0
1747636269204 0.0 0
1747636269216 0.0 0
1747636269229 0.0 0
1747636269243 0.0 0
1747636269265 0.0 0
1747636269274 0.0 0
1747636269286 0.0 0
1747636269298 0.0 0
1747636269310 0.0 0
1747636269339 0.0 0
1747636269352 0.0 0
1747636269379 0.0 0
1747636269393 0.0 0
1747636269411 0.0 0
1747636269436 0.0 0
1747636269466 0.0 0
1747636269486 0.0 0
1747636269499 0.0 0
1747636269515 0.0 0
1747636269524 0.0 0
1747636269536 0.0 0
1747636269556 0.0 0
1747636269569 0.0 0
1747636269585 0.0 0
1747636269600 0.0 0
1747636269615 0.0 0
1747636269625 0.0 0
1747636269637 0.0 0
1747636269648 0.0 0
1747636269665 0.0 0
1747636269674 0.0 0
1747636269710 0.0 0
1747636269725 0.0 0
1747636269740 0.0 0
1747636269751 0.0 0
1747636269773 0.0 0
1747636269784 0.0 0
1747636269801 0.0 0
1747636269819 0.0 0
1747636269830 0.0 0
1747636269841 0.0 0
1747636269853 0.0 0
1747636269871 0.0 0
1747636269898 0.0 0
1747636269914 0.0 0
1747636269925 0.0 0
1747636269936 0.0 0
1747636269955 0.0 0
1747636269972 0.0 0
1747636269983 0.0 0
1747636269998 0.0 0
1747636270025 0.0 0
1747636270039 0.0 0
1747636270061 0.0 0
1747636270083 0.0 0
1747636270095 0.0 0
1747636270108 0.0 0
1747636270122 0.0 0
1747636270133 0.0 0
1747636270145 0.0 0
1747636270165 0.0 0
1747636270180 0.0 0
1747636270192 0.0 0
1747636270212 0.0 0
1747636270229 0.0 0
1747636270255 0.0 0
1747636270271 0.0 0
1747636270284 0.0 0
1747636270296 0.0 0
1747636270313 0.0 0
1747636270328 0.0 0
1747636270339 0.0 0
1747636270348 0.0 0
1747636270363 0.0 0
1747636270380 0.0 0
1747636270391 0.0 0
1747636270402 0.0 0
1747636270414 0.0 0
1747636270432 0.0 0
1747636270443 0.0 0
1747636270454 0.0 0
1747636270470 0.0 0
1747636270488 0.0 0
1747636270518 0.0 0
1747636270529 0.0 0
1747636270539 0.0 0
1747636270550 0.0 0
1747636270566 0.0 0
1747636270575 0.0 0
1747636270588 0.0 0
1747636270596 0.0 0
1747636270607 0.0 0
1747636270622 0.0 0
1747636270630 0.0 0
1747636270637 0.0 0
1747636270649 0.0 0
1747636270660 0.0 0
1747636270676 0.0 0
1747636270688 0.0 0
1747636270708 0.0 0
1747636270720 0.0 0
1747636270732 0.0 0
1747636270746 0.0 0
1747636270757 0.0 0
1747636270766 0.0 0
1747636270778 0.0 0
1747636270794 0.0 0
1747636270805 0.0 0
1747636270816 0.0 0
1747636270830 0.0 0
1747636270847 0.0 0
1747636270877 0.0 0
1747636270889 0.0 0
1747636270914 0.0 0
1747636270927 0.0 0
1747636270942 0.0 0
1747636270952 0.0 0
1747636270961 0.0 0
1747636270972 0.0 0
1747636270983 0.0 0
1747636271016 0.0 0
1747636271028 0.0 0
1747636271039 0.0 0
1747636271061 0.0 0
1747636271072 0.0 0
1747636271090 0.0 0
1747636271104 0.0 0
1747636271121 0.0 0
1747636271133 0.0 0
1747636271148 0.0 0
1747636271167 0.0 0
1747636271187 0.0 0
1747636271208 0.0 0
1747636271220 0.0 0
1747636271245 0.0 0
1747636271268 0.0 0
1747636271282 0.0 0
1747636271306 0.0 0
1747636271337 0.0 0
1747636271349 0.0 0
1747636271360 0.0 0
1747636271372 0.0 0
1747636271384 0.0 0
1747636271398 0.0 0
1747636271408 0.0 0
1747636271420 0.0 0
1747636271436 0.0 0
1747636271453 0.0 0
1747636271464 0.0 0
1747636271472 0.0 0
1747636271482 0.0 0
1747636271500 0.0 0
1747636271512 0.0 0
1747636271547 0.0 0
1747636271558 0.0 0
1747636271567 0.0 0
1747636271575 0.0 0
1747636271583 0.0 0
1747636271593 0.0 0
1747636271602 0.0 0
1747636271614 0.0 0
1747636271623 0.0 0
1747636271638 0.0 0
1747636271648 0.0 0
1747636271661 0.0 0
1747636271670 0.0 0
1747636271679 0.0 0
1747636271690 0.0 0
1747636271703 0.0 0
1747636271710 0.0 0
1747636271723 0.0 0
1747636271740 0.0 0
1747636271751 0.0 0
1747636271764 0.0 0
1747636271777 0.0 0
1747636271784 0.0 0
1747636271809 0.0 0
1747636271820 0.0 0
1747636271830 0.0 0
1747636271841 0.0 0
1747636271857 0.0 0
1747636271864 0.0 0
1747636271881 0.0 0
1747636271892 0.0 0
1747636271900 0.0 0
1747636271916 0.0 0
1747636271928 0.0 0
1747636271943 0.0 0
1747636271954 0.0 0
1747636271965 0.0 0
1747636271982 0.0 0
1747636271992 0.0 0
1747636272004 0.0 0
1747636272022 0.0 0
1747636272037 0.0 0
1747636272051 0.0 0
1747636272065 0.0 0
1747636272076 0.0 0
1747636272087 0.0 0
1747636272099 0.0 0
1747636272124 0.0 0
1747636272143 0.0 0
1747636272155 0.0 0
1747636272173 0.0 0
1747636272188 0.0 0
1747636272210 0.0 0
1747636272229 0.0 0
1747636272242 0.0 0
1747636272255 0.0 0
1747636272272 0.0 0
1747636272285 0.0 0
1747636272310 0.0 0
1747636272323 0.0 0
1747636272359 0.0 0
1747636272368 0.0 0
1747636272375 0.0 0
1747636272387 0.0 0
1747636272397 0.0 0
1747636272410 0.0 0
1747636272418 0.0 0
1747636272434 0.0 0
1747636272445 0.0 0
1747636272457 0.0 0
1747636272467 0.0 0
1747636272475 0.0 0
1747636272484 0.0 0
1747636272493 0.0 0
1747636272508 0.0 0
1747636272524 0.0 0
1747636272536 0.0 0
1747636272556 0.0 0
1747636272565 0.0 0
1747636272576 0.0 0
1747636272586 0.0 0
1747636272598 0.0 0
1747636272607 0.0 0
1747636272616 0.0 0
1747636272623 0.0 0
1747636272637 0.0 0
1747636272654 0.0 0
1747636272665 0.0 0
1747636272675 0.0 0
1747636272685 0.0 0
1747636272697 0.0 0
1747636272706 0.0 0
1747636272726 0.0 0
1747636272738 0.0 0
1747636272764 0.0 0
1747636272774 0.0 0
1747636272782 0.0 0
1747636272796 0.0 0
1747636272804 0.0 0
1747636272821 0.0 0
1747636272836 0.0 0
1747636272872 0.0 0
1747636272885 0.0 0
1747636272900 0.0 0
1747636272914 0.0 0
1747636272937 0.0 0
1747636272971 0.0 0
1747636272983 0.0 0
1747636272992 0.0 0
1747636273008 0.0 0
1747636273025 0.0 0
1747636273037 0.0 0
1747636273049 0.0 0
1747636273059 0.0 0
1747636273070 0.0 0
1747636273091 0.0 0
1747636273103 0.0 0
1747636273113 0.0 0
1747636273124 0.0 0
1747636273143 0.0 0
1747636273154 0.0 0
1747636273173 0.0 0
1747636273200 0.0 0
1747636273211 0.0 0
1747636273225 0.0 0
1747636273237 0.0 0
1747636273248 0.0 0
1747636273265 0.0 0
1747636273278 0.0 0
1747636273294 0.0 0
1747636273312 0.0 0
1747636273327 0.0 0
1747636273345 0.0 0
1747636273400 0.0 0
1747636273410 0.0 0
1747636273423 0.0 0
1747636273436 0.0 0
1747636273448 0.0 0
1747636273462 0.0 0
1747636273473 0.0 0
1747636273483 0.0 0
1747636273494 0.0 0
1747636273504 0.0 0
1747636273513 0.0 0
1747636273524 0.0 0
1747636273538 0.0 0
1747636273547 0.0 0
1747636273561 0.0 0
1747636273605 0.0 0
1747636273617 0.0 0
1747636273630 0.0 0
1747636273642 0.0 0
1747636273650 0.0 0
1747636273673 0.0 0
1747636273687 0.0 0
1747636273704 0.0 0
1747636273715 0.0 0
1747636273726 0.0 0
1747636273743 0.0 0
1747636273755 0.0 0
1747636273779 0.0 0
1747636273791 0.0 0
1747636273805 0.0 0
1747636273819 0.0 0
1747636273836 0.0 0
1747636273847 0.0 0
1747636273862 0.0 0
1747636273873 0.0 0
1747636273885 0.0 0
1747636273892 0.0 0
1747636273901 0.0 0
1747636273908 0.0 0
1747636273917 0.0 0
1747636273926 0.0 0
1747636273934 0.0 0
1747636273945 0.0 0
1747636273955 0.0 0
1747636273991 0.0 0
1747636274002 0.0 0
1747636274010 0.0 0
1747636274026 0.0 0
1747636274039 0.0 0
1747636274051 0.0 0
1747636274063 0.0 0
1747636274075 0.0 0
1747636274083 0.0 0
1747636274094 0.0 0
1747636274108 0.0 0
1747636274119 0.0 0
1747636274130 0.0 0
1747636274147 0.0 0
1747636274165 0.0 0
1747636274180 0.0 0
1747636274193 0.0 0
1747636274203 0.0 0
1747636274216 0.0 0
1747636274232 0.0 0
1747636274252 0.0 0
1747636274265 0.0 0
1747636274278 0.0 0
1747636274292 0.0 0
1747636274304 0.0 0
1747636274313 0.0 0
1747636274324 0.0 0
1747636274346 0.0 0
1747636274356 0.0 0
1747636274368 0.0 0
1747636274380 0.0 0
1747636274392 0.0 0
1747636274411 0.0 0
1747636274429 0.0 0
1747636274440 0.0 0
1747636274450 0.0 0
1747636274478 0.0 0
1747636274488 0.0 0
1747636274499 0.0 0
1747636274519 0.0 0
1747636274530 0.0 0
1747636274541 0.0 0
1747636274554 0.0 0
1747636274567 0.0 0
1747636274586 0.0 0
1747636274599 0.0 0
1747636274611 0.0 0
1747636274624 0.0 0
1747636274635 0.0 0
1747636274654 0.0 0
1747636274665 0.0 0
1747636274676 0.0 0
1747636274689 0.0 0
1747636274706 0.0 0
1747636274718 0.0 0
1747636274729 0.0 0
1747636274756 0.0 0
1747636274774 0.0 0
1747636274792 0.0 0
1747636274813 0.0 0
1747636274823 0.0 0
1747636274832 0.0 0
1747636274842 0.0 0
1747636274853 0.0 0
1747636274865 0.0 0
1747636274876 0.0 0
1747636274889 0.0 0
1747636274900 0.0 0
1747636274908 0.0 0
1747636274917 0.0 0
1747636274930 0.0 0
1747636274942 0.0 0
1747636274956 0.0 0
1747636274974 0.0 0
1747636274986 0.0 0
1747636275010 0.0 0
1747636275021 0.0 0
1747636275033 0.0 0
1747636275045 0.0 0
1747636275065 0.0 0
1747636275077 0.0 0
1747636275088 0.0 0
1747636275096 0.0 0
1747636275113 0.0 0
1747636275123 0.0 0
1747636275131 0.0 0
1747636275139 0.0 0
1747636275146 0.0 0
1747636275158 0.0 0
1747636275176 0.0 0
1747636275206 0.0 0
1747636275219 0.0 0
1747636275233 0.0 0
1747636275245 0.0 0
1747636275273 0.0 0
1747636275289 0.0 0
1747636275304 0.0 0
1747636275323 0.0 0
1747636275331 0.0 0
1747636275344 0.0 0
1747636275359 0.0 0
1747636275371 0.0 0
1747636275386 0.0 0
1747636275404 0.0 0
1747636275416 0.0 0
1747636275436 0.0 0
1747636275448 0.0 0
1747636275463 0.0 0
1747636275482 0.0 0
1747636275501 0.0 0
1747636275518 0.0 0
1747636275538 0.0 0
1747636275548 0.0 0
1747636275562 0.0 0
1747636275574 0.0 0
1747636275588 0.0 0
1747636275601 0.0 0
1747636275610 0.0 0
1747636275622 0.0 0
1747636275635 0.0 0
1747636275646 0.0 0
1747636275656 0.0 0
1747636275666 0.0 0
1747636275680 0.0 0
1747636275693 0.0 0
1747636275700 0.0 0
1747636275712 0.0 0
1747636275720 0.0 0
1747636275736 0.0 0
1747636275767 0.0 0
1747636275782 0.0 0
1747636275793 0.0 0
1747636275811 0.0 0
1747636275835 0.0 0
1747636275848 0.0 0
1747636275861 0.0 0
1747636275872 0.0 0
1747636275882 0.0 0
1747636275894 0.0 0
1747636275903 0.0 0
1747636275920 0.0 0
1747636275929 0.0 0
1747636275937 0.0 0
1747636275947 0.0 0
1747636275956 0.0 0
1747636275966 0.0 0
1747636275980 0.0 0
1747636275993 0.0 0
1747636276006 0.0 0
1747636276018 0.0 0
1747636276042 0.0 0
1747636276055 0.0 0
1747636276066 0.0 0
1747636276081 0.0 0
1747636276092 0.0 0
1747636276100 0.0 0
1747636276112 0.0 0
1747636276123 0.0 0
1747636276133 0.0 0
1747636276144 0.0 0
1747636276154 0.0 0
1747636276164 0.0 0
1747636276174 0.0 0
1747636276189 0.0 0
1747636276204 0.0 0
1747636276216 0.0 0
1747636276226 0.0 0
1747636276287 0.0 0
1747636276299 0.0 0
1747636276311 0.0 0
1747636276321 0.0 0
1747636276333 0.0 0
1747636276348 0.0 0
1747636276360 0.0 0
1747636276375 0.0 0
1747636276389 0.0 0
1747636276400 0.0 0
1747636276414 0.0 0
1747636276438 0.0 0
1747636276468 0.0 0
1747636276477 0.0 0
1747636276506 0.0 0
1747636276518 0.0 0
1747636276530 0.0 0
1747636276547 0.0 0
1747636276560 0.0 0
1747636276572 0.0 0
1747636276584 0.0 0
1747636276595 0.0 0
1747636276604 0.0 0
1747636276616 0.0 0
1747636276628 0.0 0
1747636276641 0.0 0
1747636276661 0.0 0
1747636276673 0.0 0
1747636276697 0.0 0
1747636276709 0.0 0
1747636276718 0.0 0
1747636276751 0.0 0
1747636276763 0.0 0
1747636276774 0.0 0
1747636276788 0.0 0
1747636276802 0.0 0
1747636276814 0.0 0
1747636276826 0.0 0
1747636276834 0.0 0
1747636276852 0.0 0
1747636276865 0.0 0
1747636276876 0.0 0
1747636276891 0.0 0
1747636276903 0.0 0
1747636276916 0.0 0
1747636276933 0.0 0
1747636276944 0.0 0
1747636276955 0.0 0
1747636276967 0.0 0
1747636276994 0.0 0
1747636277011 0.0 0
1747636277023 0.0 0
1747636277035 0.0 0
1747636277053 0.0 0
1747636277076 0.0 0
1747636277090 0.0 0
1747636277108 0.0 0
1747636277122 0.0 0
1747636277133 0.0 0
1747636277145 0.0 0
1747636277156 0.0 0
1747636277167 0.0 0
1747636277177 0.0 0
1747636277189 0.0 0
1747636277200 0.0 0
1747636277208 0.0 0
1747636277217 0.0 0
1747636277226 0.0 0
1747636278178 0.0 0
1747636278195 0.0 0
1747636278209 0.0 0
1747636278260 0.0 0
1747636278276 0.0 0
1747636278288 0.0 0
1747636278300 0.0 0
1747636278309 0.0 0
1747636278336 0.0 0
1747636278351 0.0 0
1747636278367 0.0 0
1747636278379 0.0 0
1747636278423 0.0 0
1747636278450 0.0 0
1747636278462 0.0 0
1747636278486 0.0 0
1747636278497 0.0 0
1747636278511 0.0 0
1747636278525 0.0 0
1747636278537 0.0 0
1747636278551 0.0 0
1747636278563 0.0 0
1747636278580 0.0 0
1747636278598 0.0 0
1747636278610 0.0 0
1747636278623 0.0 0
1747636278631 0.0 0
1747636278643 0.0 0
1747636278667 0.0 0
1747636278678 0.0 0
1747636278694 0.0 0
1747636278705 0.0 0
1747636278726 0.0 0
1747636278765 0.0 0
1747636278776 0.0 0
1747636278794 0.0 0
1747636278806 0.0 0
1747636278836 0.0 0
1747636278850 0.0 0
1747636278862 0.0 0
1747636278871 0.0 0
1747636278887 0.0 0
1747636278904 0.0 0
1747636278913 0.0 0
1747636278939 0.0 0
1747636278962 0.0 0
1747636278971 0.0 0
1747636278998 0.0 0
1747636279010 0.0 0
1747636279036 0.0 0
1747636279047 0.0 0
1747636279066 0.0 0
1747636279086 0.0 0
1747636279106 0.0 0
1747636279117 0.0 0
1747636279130 0.0 0
1747636279138 0.0 0
1747636279155 0.0 0
1747636279178 0.0 0
1747636279190 0.0 0
1747636279207 0.0 0
1747636279226 0.0 0
1747636279238 0.0 0
1747636279253 0.0 0
1747636279274 0.0 0
1747636279297 0.0 0
1747636279308 0.0 0
1747636279319 0.0 0
1747636279339 0.0 0
1747636279350 0.0 0
1747636279372 0.0 0
1747636279383 0.0 0
1747636279400 0.0 0
1747636279421 0.0 0
1747636279433 0.0 0
1747636279445 0.0 0
1747636279459 0.0 0
1747636279473 0.0 0
1747636279485 0.0 0
1747636279492 0.0 0
1747636279505 0.0 0
1747636279529 0.0 0
1747636279542 0.0 0
1747636279554 0.0 0
1747636279566 0.0 0
1747636279582 0.0 0
1747636279594 0.0 0
1747636279605 0.0 0
1747636279617 0.0 0
1747636279664 0.0 0
1747636279691 0.0 0
1747636279703 0.0 0
1747636279715 0.0 0
1747636279724 0.0 0
1747636279753 0.0 0
1747636279773 0.0 0
1747636279783 0.0 0
1747636279793 0.0 0
1747636279805 0.0 0
1747636279819 0.0 0
1747636279834 0.0 0
1747636279847 0.0 0
1747636279858 0.0 0
1747636279899 0.0 0
1747636279914 0.0 0
1747636279929 0.0 0
1747636279939 0.0 0
1747636279947 0.0 0
1747636279957 0.0 0
1747636279970 0.0 0
1747636279982 0.0 0
1747636279991 0.0 0
1747636280003 0.0 0
1747636280014 0.0 0
1747636280044 0.0 0
1747636280061 0.0 0
1747636280093 0.0 0
1747636280104 0.0 0
1747636280115 0.0 0
1747636280126 0.0 0
1747636280135 0.0 0
1747636280147 0.0 0
1747636280155 0.0 0
1747636280164 0.0 0
1747636280175 0.0 0
1747636280186 0.0 0
1747636280195 0.0 0
1747636280206 0.0 0
1747636280218 0.0 0
1747636280229 0.0 0
1747636280250 0.0 0
1747636280270 0.0 0
1747636280282 0.0 0
1747636280290 0.0 0
1747636280312 0.0 0
1747636280324 0.0 0
1747636280336 0.0 0
1747636280351 0.0 0
1747636280364 0.0 0
1747636280372 0.0 0
1747636280381 0.0 0
1747636280398 0.0 0
1747636280433 0.0 0
1747636280454 0.0 0
1747636280465 0.0 0
1747636280478 0.0 0
1747636280501 0.0 0
1747636280524 0.0 0
1747636280535 0.0 0
1747636280546 0.0 0
1747636280558 0.0 0
1747636280569 0.0 0
1747636280587 0.0 0
1747636280597 0.0 0
1747636280610 0.0 0
1747636280626 0.0 0
1747636280637 0.0 0
1747636280650 0.0 0
1747636280679 0.0 0
1747636280692 0.0 0
1747636280704 0.0 0
1747636280721 0.0 0
1747636280736 0.0 0
1747636280743 0.0 0
1747636280754 0.0 0
1747636280762 0.0 0
1747636280775 0.0 0
1747636280791 0.0 0
1747636280812 0.0 0
1747636280839 0.0 0
1747636280851 0.0 0
1747636280869 0.0 0
1747636280883 0.0 0
1747636280897 0.0 0
1747636280909 0.0 0
1747636280922 0.0 0
1747636280941 0.0 0
1747636280951 0.0 0
1747636280963 0.0 0
1747636281009 0.0 0
1747636281020 0.0 0
1747636281034 0.0 0
1747636281045 0.0 0
1747636281064 0.0 0
1747636281092 0.0 0
1747636281106 0.0 0
1747636281118 0.0 0
1747636281125 0.0 0
1747636281150 0.0 0
1747636281167 0.0 0
1747636281179 0.0 0
1747636281188 0.0 0
1747636281199 0.0 0
1747636281210 0.0 0
1747636281222 0.0 0
1747636281233 0.0 0
1747636281265 0.0 0
1747636281285 0.0 0
1747636281304 0.0 0
1747636281315 0.0 0
1747636281328 0.0 0
1747636281344 0.0 0
1747636281356 0.0 0
1747636281366 0.0 0
1747636281375 0.0 0
1747636281389 0.0 0
1747636281401 0.0 0
1747636281409 0.0 0
1747636281421 0.0 0
1747636281432 0.0 0
1747636281439 0.0 0
1747636281452 0.0 0
1747636281464 0.0 0
1747636281486 0.0 0
1747636281498 0.0 0
1747636281511 0.0 0
1747636281523 0.0 0
1747636281534 0.0 0
1747636281546 0.0 0
1747636281559 0.0 0
1747636281572 0.0 0
1747636281581 0.0 0
1747636281593 0.0 0
1747636281604 0.0 0
1747636281616 0.0 0
1747636281634 0.0 0
1747636281651 0.0 0
1747636281660 0.0 0
1747636281672 0.0 0
1747636281685 0.0 0
1747636281709 0.0 0
1747636281723 0.0 0
1747636281734 0.0 0
1747636281742 0.0 0
1747636281752 0.0 0
1747636281764 0.0 0
1747636281779 0.0 0
1747636281799 0.0 0
1747636281809 0.0 0
1747636281821 0.0 0
1747636281833 0.0 0
1747636281844 0.0 0
1747636281859 0.0 0
1747636281872 0.0 0
1747636281890 0.0 0
1747636281917 0.0 0
1747636281929 0.0 0
1747636281938 0.0 0
1747636281946 0.0 0
1747636281958 0.0 0
1747636281969 0.0 0
1747636281989 0.0 0
1747636282005 0.0 0
1747636282017 0.0 0
1747636282028 0.0 0
1747636282043 0.0 0
1747636282060 0.0 0
1747636282088 0.0 0
1747636282107 0.0 0
1747636282127 0.0 0
1747636282138 0.0 0
1747636282173 0.0 0
1747636282184 0.0 0
1747636282208 0.0 0
1747636282220 0.0 0
1747636282231 0.0 0
1747636282242 0.0 0
1747636282260 0.0 0
1747636282276 0.0 0
1747636282289 0.0 0
1747636282302 0.0 0
1747636282315 0.0 0
1747636282328 0.0 0
1747636282343 0.0 0
1747636282360 0.0 0
1747636282372 0.0 0
1747636282390 0.0 0
1747636282404 0.0 0
1747636282415 0.0 0
1747636282426 0.0 0
1747636282438 0.0 0
1747636282450 0.0 0
1747636282468 0.0 0
1747636282480 0.0 0
1747636282493 0.0 0
1747636282505 0.0 0
1747636282517 0.0 0
1747636282548 0.0 0
1747636282560 0.0 0
1747636282570 0.0 0
1747636282581 0.0 0
1747636282591 0.0 0
1747636282603 0.0 0
1747636282625 0.0 0
1747636282642 0.0 0
1747636282650 0.0 0
1747636282670 0.0 0
1747636282680 0.0 0
1747636282692 0.0 0
1747636282705 0.0 0
1747636282728 0.0 0
1747636282743 0.0 0
1747636282759 0.0 0
1747636282772 0.0 0
1747636282792 0.0 0
1747636282802 0.0 0
1747636282836 0.0 0
1747636282847 0.0 0
1747636282870 0.0 0
1747636282882 0.0 0
1747636282894 0.0 0
1747636282907 0.0 0
1747636282923 0.0 0
1747636282933 0.0 0
1747636282945 0.0 0
1747636282958 0.0 0
1747636282977 0.0 0
1747636282998 0.0 0
1747636283022 0.0 0
1747636283034 0.0 0
1747636283046 0.0 0
1747636283060 0.0 0
1747636283071 0.0 0
1747636283080 0.0 0
1747636283110 0.0 0
1747636283131 0.0 0
1747636283159 0.0 0
1747636283182 0.0 0
1747636283194 0.0 0
1747636283201 0.0 0
1747636283215 0.0 0
1747636283227 0.0 0
1747636283244 0.0 0
1747636283255 0.0 0
1747636283266 0.0 0
1747636283274 0.0 0
1747636283284 0.0 0
1747636283296 0.0 0
1747636283309 0.0 0
1747636283322 0.0 0
1747636283359 0.0 0
1747636283370 0.0 0
1747636283381 0.0 0
1747636283397 0.0 0
1747636283418 0.0 0
1747636283429 0.0 0
1747636283446 0.0 0
1747636283457 0.0 0
1747636283467 0.0 0
1747636283491 0.0 0
1747636283502 0.0 0
1747636283526 0.0 0
1747636283540 0.0 0
1747636283554 0.0 0
1747636283568 0.0 0
1747636283592 0.0 0
1747636283606 0.0 0
1747636283631 0.0 0
1747636283645 0.0 0
1747636283663 0.0 0
1747636283688 0.0 0
1747636283707 0.0 0
1747636283726 0.0 0
1747636283754 0.0 0
1747636283767 0.0 0
1747636283785 0.0 0
1747636283797 0.0 0
1747636283809 0.0 0
1747636283821 0.0 0
1747636283833 0.0 0
1747636283845 0.0 0
1747636283876 0.0 0
1747636283903 0.0 0
1747636283918 0.0 0
1747636283930 0.0 0
1747636283952 0.0 0
1747636283964 0.0 0
1747636283986 0.0 0
1747636283998 0.0 0
1747636284006 0.0 0
1747636284025 0.0 0
1747636284048 0.0 0
1747636284064 0.0 0
1747636284080 0.0 0
1747636284115 0.0 0
1747636284127 0.0 0
1747636284150 0.0 0
1747636284162 0.0 0
1747636284175 0.0 0
1747636284190 0.0 0
1747636284202 0.0 0
1747636284214 0.0 0
1747636284230 0.0 0
1747636284238 0.0 0
1747636284250 0.0 0
1747636284269 0.0 0
1747636284281 0.0 0
1747636284304 0.0 0
1747636284318 0.0 0
1747636284336 0.0 0
1747636284359 0.0 0
1747636284377 0.0 0
1747636284388 0.0 0
1747636284416 0.0 0
1747636284428 0.0 0
1747636284440 0.0 0
1747636284452 0.0 0
1747636284469 0.0 0
1747636284479 0.0 0
1747636284494 0.0 0
1747636284510 0.0 0
1747636284518 0.0 0
1747636284542 0.0 0
1747636284566 0.0 0
1747636284576 0.0 0
1747636284591 0.0 0
1747636284604 0.0 0
1747636284616 0.0 0
1747636284630 0.0 0
1747636284646 0.0 0
1747636284657 0.0 0
1747636284669 0.0 0
1747636284698 0.0 0
1747636284715 0.0 0
1747636284739 0.0 0
1747636284750 0.0 0
1747636284770 0.0 0
1747636284782 0.0 0
1747636284794 0.0 0
1747636284813 0.0 0
1747636284822 0.0 0
1747636284834 0.0 0
1747636284857 0.0 0
1747636284868 0.0 0
1747636284879 0.0 0
1747636284902 0.0 0
1747636284914 0.0 0
1747636284932 0.0 0
1747636284944 0.0 0
1747636284969 0.0 0
1747636284984 0.0 0
1747636284996 0.0 0
1747636285012 0.0 0
1747636285023 0.0 0
1747636285040 0.0 0
