1747636247163 0.012236927297637059 0
1747636247187 -0.0008011822609327114 0
1747636247198 0.0 0
1747636247216 -0.23467660860200965 0
1747636247227 -0.0001945819517964823 0
1747636247239 -0.004941645809917245 0
1747636247249 -0.03564937378167582 0
1747636247265 -0.0091436056762728 0
1747636247276 0.012104212594489492 0
1747636247287 0.11157141315912329 0
1747636247309 0.001167488341821992 0
1747636247319 0.0 0
1747636247327 -0.01560507278821002 0
1747636247343 0.0009742367411872409 0
1747636247354 -0.0035516951506482934 0
1747636247361 -0.003372364541144089 0
1747636247393 -0.0309299291337563 0
1747636247422 0.004305999679281766 0
1747636247452 -0.00802854682410183 0
1747636247462 0.018041828383866865 0
1747636247473 -0.213265438032305 0
1747636247482 -0.02664895500259031 0
1747636247499 -0.003135886292514683 0
1747636247513 -0.04006328988909539 0
1747636247523 -0.002875092864807608 0
1747636247531 0.005856125460812509 0
1747636247540 0.003127307131828284 0
1747636247548 0.019093650835172594 0
1747636247571 -0.0047443315773878034 0
1747636247588 -0.03659996241325742 0
1747636247599 0.008668659694116728 0
1747636247611 0.0021810620720234208 0
1747636247622 0.013256315754287706 0
1747636247633 0.0019250419533079028 0
1747636247643 0.00717807490363255 0
1747636247654 -0.000994419920082607 0
1747636247665 -0.005767753726910601 0
1747636247681 0.2724501086684281 0
1747636247689 -0.011267835993953928 0
1747636247698 0.0019930027934888296 0
1747636247706 -0.00214671041156586 0
1747636247713 0.001737158086689907 0
1747636247734 -0.004216301612068865 0
1747636247747 -0.008311340103959218 0
1747636247758 0.000661307674736061 0
1747636247773 -0.011760084925168472 0
1747636247788 -0.00213118610531151 0
1747636247812 0.003452338070229919 0
1747636247823 0.0034501016308483247 0
1747636247836 0.005143443479313867 0
1747636247851 0.005761839128549569 0
1747636247875 -0.0035540333049324884 0
1747636247886 -0.011331650327431966 0
1747636247903 -0.0032255166963403798 0
1747636247915 -0.019791066509204966 0
1747636247926 0.011352666411630595 0
1747636247946 -0.010808641449628686 0
1747636247965 0.1293421003544645 0
1747636248025 0.07355571766548315 0
1747636248037 -0.12278227255961459 0
1747636248046 -0.011057637361121114 0
1747636248054 -0.0031121770420807445 0
1747636248067 -0.0024597849614902976 0
1747636248078 -0.007468023756066722 0
1747636248090 0.5712829216545086 0
1747636248099 -0.006942296344991679 0
1747636248111 -0.01180611726989136 0
1747636248119 -0.0012786311774962468 0
1747636248147 0.00204336591312941 0
1747636248159 0.002098391727997308 0
1747636248168 -0.02733947668509617 0
1747636248181 -0.03242093142965377 0
1747636248202 0.0029532764125363648 0
1747636248225 0.0018284422292918073 0
1747636248238 -0.006569340641856673 0
1747636248250 -0.002486187498146083 0
1747636248262 0.010669836089756388 0
1747636248276 -0.008254781835765524 0
1747636248297 0.011207963056810067 0
1747636248308 -0.0026288887584117724 0
1747636248329 -0.018622143538040387 0
1747636248359 -0.011070726532842459 0
1747636248370 -0.009766681404744283 0
1747636248382 -0.003085957088031566 0
1747636248393 -0.0016228325801476463 0
1747636248405 0.001120577820819062 0
1747636248440 -0.037629166307718724 0
1747636248449 -0.0023793790357494633 0
1747636248463 0.150804382437623 0
1747636248474 -0.015560596936862995 0
1747636248485 -0.00939867503231827 0
1747636248496 -0.0032514462742297906 0
1747636248507 0.1256016025075538 0
1747636248518 -0.00016952666007896054 0
1747636248528 0.010119936195348265 0
1747636248540 0.018922117392740936 0
1747636248557 -0.06982773834651815 0
1747636248568 0.006855036003668754 0
1747636248579 -0.0019835922608883966 0
1747636248590 0.0015006667522916332 0
1747636248601 0.005248834624094648 0
1747636248611 -0.004612231948830948 0
1747636248622 0.0 0
1747636248633 0.00213118610531151 0
1747636248645 -0.017730087173347397 0
1747636248654 0.011762617453779017 0
1747636248670 -0.2394983042420447 0
1747636248681 -0.002349613578227309 0
1747636248698 0.0035152490393874597 0
1747636248709 0.004815803717406227 0
1747636248726 -0.12413854925434273 0
1747636248746 0.026310813561356474 0
1747636248755 0.047286655426903655 0
1747636248767 0.009753447669798326 0
1747636248777 0.052007899825788684 0
1747636248788 -0.0663076381607882 0
1747636248796 -0.00042621039249867034 0
1747636248812 0.01538266267291388 0
1747636248828 -0.046197112062651535 0
1747636248840 0.12472966880491716 0
1747636248866 -0.020971360707499647 0
1747636248878 0.00888285454932458 0
1747636248887 -0.0036856477891995167 0
1747636248902 -0.021320036941013292 0
1747636248910 -0.04518224765111228 0
1747636248922 -0.011905288155972821 0
1747636248931 -0.04323563665659892 0
1747636248940 0.0020361988833288566 0
1747636248948 -0.0008533907156424417 0
1747636248959 0.00018655940999533365 0
1747636248974 0.0 0
1747636248985 2.3479292892868 0
1747636248996 -0.04235688740497058 0
1747636249008 -0.05465750513450112 0
1747636249020 -0.08487246719516629 0
1747636249030 0.0044866586907108385 0
1747636249043 0.0016312472643616063 0
1747636249070 0.0 0
1747636249081 -0.01252274701058478 0
1747636249092 -0.000543494712208349 0
1747636249106 0.004630471975666925 0
1747636249118 -0.11029898033480165 0
1747636249131 -0.0034125368269955704 0
1747636249142 0.002244389593261319 0
1747636249153 -0.001097560637320826 0
1747636249165 0.002854510797736568 0
1747636249184 0.0050842468364630505 0
1747636249195 0.005144119049757202 0
1747636249224 0.0 0
1747636249236 -0.0062113800079794225 0
1747636249248 -0.0011161639372453901 0
1747636249261 -0.015340032211316475 0
1747636249271 -0.04891657023968757 0
1747636249303 -0.02445325169595635 0
1747636249318 -0.0019398414505926987 0
1747636249327 0.0015145688925817245 0
1747636249338 -0.6440352039188808 0
1747636249348 -0.036930077000497 0
1747636249358 -0.02718971047794327 0
1747636249366 0.0001945819517964823 0
1747636249378 -0.044839776991013214 0
1747636249399 -0.009384772003052015 0
1747636249411 0.007833382679761445 0
1747636249420 -0.00478914138511638 0
1747636249436 -0.0012586044464777963 0
1747636249448 0.005144119049757202 0
1747636249460 -0.03536344179724559 0
1747636249472 0.00255077879576628 0
1747636249483 0.01046091123711639 0
1747636249494 -0.02770977499536352 0
1747636249508 -0.005593785938972514 0
1747636249520 -0.011698435083793745 0
1747636249532 -0.018108633493925146 0
1747636249551 -0.0016945963516644365 0
1747636249562 -0.0009143385753271114 0
1747636249569 -1.212644483478148 0
1747636249591 -0.08442589120126846 0
1747636249602 0.11803270863875445 0
1747636249626 0.0032703494378965637 0
1747636249640 -0.001373936027579659 0
1747636249671 0.0 0
1747636249686 0.01632708867850408 0
1747636249709 -0.011230910821252693 0
1747636249719 -0.006532776912229672 0
1747636249730 -0.03585660981021927 0
1747636249741 -0.0370544586724455 0
1747636249755 0.0745295801080736 0
1747636249764 -0.0008542952884341219 0
1747636249780 -0.015761793459747462 0
1747636249808 0.023659503070005257 0
1747636249820 0.012585987739791337 0
1747636249831 0.0005016070473093299 0
1747636249845 0.008595102171910987 0
1747636249856 -0.001484903790871018 0
1747636249880 -0.031783496561867 0
1747636249891 -0.008122369651353968 0
1747636249902 -0.0013674695268898812 0
1747636249912 0.03156414319619956 0
1747636249928 -0.039392366174062436 0
1747636249936 -0.015308712811327363 0
1747636249944 0.006651063331709843 0
1747636249957 0.03875915510941143 0
1747636249968 0.1496233512191833 0
1747636249980 -0.010042898873404121 0
1747636249988 -0.024133787746861566 0
1747636250000 -0.019439632403962372 0
1747636250011 0.0005201259101020357 0
1747636250028 0.006017334931199598 0
1747636250039 0.005396492791149865 0
1747636250050 0.0013574151374916542 0
1747636250063 0.0017049488842494555 0
1747636250076 -0.0027128864678417786 0
1747636250093 0.0018296405467948848 0
1747636250103 -0.000555056219569162 0
1747636250119 0.0 0
1747636250130 0.011186089585093074 0
1747636250142 0.023407171916768055 0
1747636250154 -0.008558641922835543 0
1747636250161 0.007825366178938664 0
1747636250175 0.023326744612223987 0
1747636250186 -0.001167488341821992 0
1747636250196 -0.009919842191513642 0
1747636250203 -0.0033127486297175575 0
1747636250214 0.005227583354932075 0
1747636250224 -0.008446557543342097 0
1747636250247 0.01996302209716336 0
1747636250263 -0.005878044061458307 0
1747636250274 0.005293688817297467 0
1747636250287 0.007552929169497972 0
1747636250295 0.005389224819322325 0
1747636250303 0.06322804453465397 0
1747636250315 0.001167264582156782 0
1747636250327 0.0008084490378565026 0
1747636250338 -0.018612867293012286 0
1747636250348 -0.013005776546741918 0
1747636250359 -0.00013227903037476703 0
1747636250374 0.0 0
1747636250390 0.00651125137355746 0
1747636250401 0.006655707999741847 0
1747636250412 -0.004605933404891483 0
1747636250423 0.05676497589679202 0
1747636250434 -0.08364359184590255 0
1747636250445 0.0028450970745327138 0
1747636250456 -0.0045203424550208544 0
1747636250467 0.002111158507989467 0
1747636250485 0.013332438967402925 0
1747636250504 -0.030710885759546468 0
1747636250515 0.0012223274359223631 0
1747636250527 0.006537299854124757 0
1747636250537 0.03490655030116574 0
1747636250548 0.0028213157203065267 0
1747636250559 0.029720782012605616 0
1747636250569 -0.0010560283173365115 0
1747636250584 -0.008425648105024249 0
1747636250596 5.095813259772928 0
1747636250611 -0.030217379880229357 0
1747636250622 0.0 0
1747636250636 0.1925138893666048 0
1747636250647 -0.00020278945888906386 0
1747636250655 0.006592626811808407 0
1747636250671 0.020005606196557127 0
1747636250680 0.08490570086601178 0
1747636250691 0.00997666351268743 0
1747636250703 -0.0005880068922432317 0
1747636250711 -0.021328828422559586 0
1747636250744 0.030880685864955477 0
1747636250755 -0.0011283382382675585 0
1747636250783 -0.001154604881994253 0
1747636250794 -2.264738326394451 0
1747636250802 0.0 0
1747636250813 0.13183222767817845 0
1747636250823 0.01401707020920577 0
1747636250832 0.010861073692031523 0
1747636250843 0.0037698993376174225 0
1747636250859 0.03644995571213321 0
1747636250870 0.012505522439672952 0
1747636250888 -0.3318763927852338 0
1747636250904 0.008595102171910987 0
1747636250916 -0.004094423982803106 0
1747636250924 0.004397390516637712 0
1747636250935 0.0038277955035838644 0
1747636250973 0.7170139520117844 0
1747636250985 0.0019284341010415128 0
1747636250995 0.0030388297667440474 0
1747636251006 -0.006655707999741847 0
1747636251040 0.0019690783248727025 0
1747636251056 -0.0031116736355406033 0
1747636251078 -0.008689257685727796 0
1747636251090 0.02533013032296124 0
1747636251113 -0.0005073279998747025 0
1747636251121 0.002144261284751413 0
1747636251128 0.0030446538978304238 0
1747636251149 -0.009850800725482943 0
1747636251161 -0.4144190918134095 0
1747636251171 -0.010902906284295308 0
1747636251182 -0.0982420481026992 0
1747636251201 0.0030142905342581006 0
1747636251217 -0.05232564290573872 0
1747636251232 -0.0003816631625206734 0
1747636251240 -0.01084460486945335 0
1747636251251 0.004511559445770259 0
1747636251263 0.0015050170404478011 0
1747636251275 0.04077752029795255 0
1747636251286 -0.00978234804359306 0
1747636251303 -0.005699664889792844 0
1747636251319 -0.0028966600607709743 0
1747636251331 -0.05668319560611352 0
1747636251342 0.02118892678742049 0
1747636251353 -0.003827345071076949 0
1747636251361 0.006871098774412028 0
1747636251373 -0.014932301866240087 0
1747636251385 0.003136140245730835 0
1747636251394 -0.0019172304517653773 0
1747636251410 -0.0005514582232046429 0
1747636251421 -0.0764871425989422 0
1747636251432 -0.0065440561624792795 0
1747636251446 0.014136121913351446 0
1747636251457 -0.01855671070104143 0
1747636251472 0.006775639562331464 0
1747636251483 0.002585277338022956 0
1747636251499 -0.044426787351538814 0
1747636251511 0.011498178710633935 0
1747636251532 -0.004831289279950244 0
1747636251544 0.07493748896043625 0
1747636251556 -0.011506004975688046 0
1747636251568 -0.011734020950079535 0
1747636251580 0.20454568720378433 0
1747636251589 0.0076443919229490145 0
1747636251606 -0.018153527238977705 0
1747636251629 0.02722580594219727 0
1747636251640 -0.002250511738483045 0
1747636251651 -0.00020278945888906386 0
1747636251661 -0.0003896946964746701 0
1747636251674 -0.017083965799900947 0
1747636251683 -0.0034429987593286035 0
1747636251691 -0.007465584040018527 0
1747636251734 -0.026213566504110785 0
1747636251751 -0.0010828696867748384 0
1747636251760 0.022913121754297296 0
1747636251772 0.006838903148241409 0
1747636251787 -0.10628422292336978 0
1747636251801 -0.004435680392176388 0
1747636251818 0.0033748600916274386 0
1747636251829 0.03404892539635064 0
1747636251839 0.009140838331513088 0
1747636251851 -0.004876390683023366 0
1747636251862 0.003639414920544078 0
1747636251873 4.017857596263671e-05 0
1747636251884 0.05037052729181268 0
1747636251895 0.009618818778237094 0
1747636251903 0.0013969888698024413 0
1747636251912 -0.0018218160165771782 0
1747636251931 0.008966370445448844 0
1747636251941 -0.003329908194530651 0
1747636251949 0.05275753878189087 0
1747636251961 0.042541329759890306 0
1747636251973 -0.2695194451132159 0
1747636251985 0.05027945868545965 0
1747636251993 -0.03794852492715922 0
1747636252002 0.0005898158952322004 0
1747636252013 -0.004164910296124495 0
1747636252023 1.91468769517683 0
1747636252032 -0.002917655635605161 0
1747636252041 -0.0028458500298046757 0
1747636252058 0.05983729135204947 0
1747636252068 0.007626046963423119 0
1747636252078 0.01923665606673391 0
1747636252093 0.002203038743058287 0
1747636252109 0.0 0
1747636252121 0.008668659694116728 0
1747636252144 0.0856355535540481 0
1747636252153 1.060186119088985 0
1747636252165 0.0010501744097522441 0
1747636252174 -0.0013849805003344348 0
1747636252191 -0.0006834229285032025 0
1747636252203 -0.020998220693599492 0
1747636252214 -0.0014953203411271852 0
1747636252225 0.006597433516223102 0
1747636252237 -0.0008463420025966761 0
1747636252248 -0.005987095156294994 0
1747636252256 -0.01868091461636977 0
1747636252263 -0.057508080092887964 0
1747636252273 0.01859523552648755 0
1747636252287 0.008735687652354497 0
1747636252304 -0.003425486408253777 0
1747636252316 -0.0333642038065999 0
1747636252330 -0.014649623663171815 0
1747636252353 0.004171815428954659 0
1747636252370 0.0735282041114171 0
1747636252382 -0.004846341186091252 0
1747636252390 0.005156934738194986 0
1747636252400 0.003975528857817817 0
1747636252418 -0.00542114520657594 0
1747636252429 -0.0024019705986152115 0
1747636252440 0.018622143538040387 0
1747636252462 -0.0011855886445406839 0
1747636252482 -0.0028811191877208867 0
1747636252496 0.0 0
1747636252505 -0.004164910296124495 0
1747636252522 -0.011774768290673816 0
1747636252546 -0.0035554408706841407 0
1747636252567 0.0071052622127483625 0
1747636252578 0.015118237267048331 0
1747636252590 0.006501709795068387 0
1747636252599 0.00606718964339493 0
1747636252612 -0.009583527659570233 0
1747636252640 0.07679658560603779 0
1747636252651 0.0130750541315681 0
1747636252663 0.0677155168069548 0
1747636252674 -0.2022968537909235 0
1747636252683 0.028976151566629076 0
1747636252694 0.12453098301134656 0
1747636252705 -0.0005201259101020357 0
1747636252717 0.010372440399759224 0
1747636252728 -0.002853518425876965 0
1747636252738 -0.006456237688578294 0
1747636252750 0.0 0
1747636252761 0.012733752005310647 0
1747636252773 0.004772003660429926 0
1747636252787 0.03498681636890627 0
1747636252797 0.005423193950749437 0
1747636252810 -0.0015209314648217396 0
1747636252819 0.002508044741545226 0
1747636252828 0.0 0
1747636252837 0.007357518457719979 0
1747636252864 -0.0015801603859840227 0
1747636252875 -0.004612231948830948 0
1747636252890 0.0064903767289829 0
1747636252899 -0.005116547166435112 0
1747636252907 -0.0027628546438848585 0
1747636252915 0.0028379014314516976 0
1747636252926 0.04026018564195912 0
1747636252939 0.005640703421101192 0
1747636252949 -0.014957387616609806 0
1747636252961 -0.004462923835808346 0
1747636252973 0.001006734159099827 0
1747636252987 0.00606718964339493 0
1747636252998 -0.0021406151089507224 0
1747636253007 -0.0041426921478598675 0
1747636253019 0.003415048221050731 0
1747636253028 0.01620623048471521 0
1747636253039 0.009905125239781282 0
1747636253052 -0.009384772003052015 0
1747636253063 0.011736939742427826 0
1747636253074 0.0013699202845065784 0
1747636253085 -0.002045733274065792 0
1747636253098 -0.001860571737572515 0
1747636253110 0.010605315505772591 0
1747636253123 0.0 0
1747636253132 0.0006667239948553687 0
1747636253148 0.007260989374530495 0
1747636253162 -0.0016594621387081541 0
1747636253175 0.002934468481612797 0
1747636253189 0.006615085747086144 0
1747636253200 0.0014283441342687825 0
1747636253223 0.003695271497099148 0
1747636253239 -0.0027373057648013665 0
1747636253255 -0.021951273638472477 0
1747636253268 0.006114819283308635 0
1747636253289 -0.003900329299089899 0
1747636253303 -0.004959017489720037 0
1747636253317 0.0 0
1747636253330 0.029858383428299596 0
1747636253343 -0.03377554160705176 0
1747636253357 0.0002302544855693148 0
1747636253378 -0.00115921783574383 0
1747636253390 -0.0031212071402294183 0
1747636253403 0.004954057987007742 0
1747636253419 0.006777106449445528 0
1747636253431 0.029167819139628924 0
1747636253444 0.02153733800822967 0
1747636253455 -0.002007554503580082 0
1747636253462 0.013293933944174177 0
1747636253478 0.04014555715788923 0
1747636253489 0.00014486922707917932 0
1747636253503 -0.018037494202390265 0
1747636253524 -0.0008385844593113698 0
1747636253539 -0.010604714397610362 0
1747636253556 -0.1276045875374359 0
1747636253573 0.024601870446823264 0
1747636253589 -0.018622143538040387 0
1747636253598 0.0 0
1747636253615 -0.00019869745014580026 0
1747636253626 0.0 0
1747636253636 -0.0856355535540481 0
1747636253648 0.002104934073440361 0
1747636253656 -0.00014126733607610094 0
1747636253667 0.0037227118930292374 0
1747636253679 -0.011212105922698294 0
1747636253691 0.08038255516143461 0
1747636253701 0.00044442254202702454 0
1747636253714 0.01329511959246508 0
1747636253722 -0.020998220693599492 0
1747636253733 -0.001772176603377613 0
1747636253743 -0.007709874504322784 0
1747636253755 0.0024789991090465955 0
1747636253773 0.008560555277633145 0
1747636253786 0.0016741603569247257 0
1747636253797 0.0012108246435435033 0
1747636253808 0.029720782012605616 0
1747636253820 0.0 0
1747636253831 0.0005972920746502129 0
1747636253846 0.30091277875267686 0
1747636253862 0.0056205762406499795 0
1747636253873 0.0018329942674286147 0
1747636253884 0.058811672134298346 0
1747636253893 -0.011522403054739108 0
1747636253904 -0.008250410919285266 0
1747636253912 -0.006243183870979468 0
1747636253923 0.00018614268995038912 0
1747636253935 -0.01320258302487884 0
1747636253946 0.03557315095880956 0
1747636253958 -0.0031677495832115265 0
1747636253981 -0.002220333257131268 0
1747636253999 0.0009086928554341647 0
1747636254018 0.0 0
1747636254039 -0.016822398118300864 0
1747636254050 -0.012080539434774103 0
1747636254069 0.0012151138183916067 0
1747636254081 0.0006111637179601676 0
1747636254095 0.008017000063276922 0
1747636254110 0.020587319686899634 0
1747636254119 0.0091436056762728 0
1747636254136 0.006025107151095252 0
1747636254149 0.021376396410367083 0
1747636254160 -0.01039334903876211 0
1747636254173 -0.004895293395115346 0
1747636254191 -0.0019446843165527362 0
1747636254203 0.00018225635206410841 0
1747636254214 0.021576481849690982 0
1747636254224 -0.022342892712302026 0
1747636254236 -0.01039334903876211 0
1747636254245 0.024761578350028738 0
1747636254255 -0.05982270274879331 0
1747636254268 0.007803465928045755 0
1747636254279 -0.007114929410001835 0
1747636254301 0.00870967457899854 0
1747636254312 0.0014575758214357404 0
1747636254329 -0.04471446112250981 0
1747636254344 -0.01211112404064722 0
1747636254362 0.0024882516695588514 0
1747636254379 -0.005926899574633082 0
1747636254391 -0.1954573958895393 0
1747636254408 0.025220186347679436 0
1747636254420 0.02492788528620943 0
1747636254442 -0.004946949797720556 0
1747636254453 0.02158026324026678 0
1747636254464 0.004591248156135632 0
1747636254475 -0.011785251817710092 0
1747636254491 0.03062616942118425 0
1747636254503 -0.007695846944629065 0
1747636254517 0.0019334047309784441 0
1747636254533 0.005210970084655138 0
1747636254547 0.0015054367220325964 0
1747636254556 -0.0032300397838283448 0
1747636254565 0.021819250416170343 0
1747636254576 0.00014194913044364836 0
1747636254589 0.004031211948020761 0
1747636254601 -0.004645254507557804 0
1747636254613 -0.014365516950156068 0
1747636254622 -0.01128526288122049 0
1747636254633 0.025428771215830887 0
1747636254643 0.0651387780910273 0
1747636254667 0.0005260543393502044 0
1747636254678 0.02483059485248262 0
1747636254695 -0.0008479565590329882 0
1747636254706 -0.011312156453940743 0
1747636254722 -0.0027585873468020366 0
1747636254739 -0.014957387616609806 0
1747636254750 1.8714984118068843 0
1747636254761 0.024575151045589532 0
1747636254776 0.011153666473710439 0
1747636254786 0.020652285147582394 0
1747636254798 -0.005045553679632801 0
1747636254813 -0.0064643621253269515 0
1747636254824 0.0005879790293530702 0
1747636254841 0.0073707494868574825 0
1747636254852 0.0 0
1747636254861 -0.013148254018471146 0
1747636254872 0.003177168571292566 0
1747636254887 -0.056326981740607435 0
1747636254895 -0.02653887695184559 0
1747636254909 0.005257494643743037 0
1747636254923 0.057383733018879765 0
1747636254936 -0.008226698644268704 0
1747636254946 -0.003022501181643047 0
1747636254958 -0.006552894339000404 0
1747636254969 -0.003264998261836222 0
1747636254980 0.006027231902200114 0
1747636254997 -0.002508044741545226 0
1747636255016 0.019280788258594365 0
1747636255035 -0.011803729388576614 0
1747636255048 -0.0091436056762728 0
1747636255060 -0.02709594518027305 0
1747636255071 0.008415254669765424 0
1747636255083 -0.006128008668894532 0
1747636255094 -0.003242073747263655 0
1747636255105 -0.1918860023862303 0
1747636255117 -0.0033462083135858455 0
1747636255128 0.0130750541315681 0
1747636255139 -0.0008463420025966761 0
1747636255170 -0.004170387023698457 0
1747636255181 0.1974705168108787 0
1747636255222 -0.00301337780193835 0
1747636255250 -0.016115564218771652 0
1747636255267 0.005125284000364536 0
1747636255284 -0.025001031240927365 0
1747636255295 0.013522131525689833 0
1747636255307 0.013973985339296134 0
1747636255319 0.0031621680768275156 0
1747636255330 0.0037777615468130316 0
1747636255341 -0.28458860789237117 0
1747636255353 -0.0016643772697103967 0
1747636255365 0.0004102376627008415 0
1747636255376 0.002393192910779495 0
1747636255399 0.00044442254202702454 0
1747636255411 0.003991818737457426 0
1747636255423 0.011471015304412274 0
1747636255435 0.00023993604939578708 0
1747636255452 -0.01917612259501535 0
1747636255469 0.003629203986317389 0
1747636255479 0.0 0
1747636255502 0.05028932082668106 0
1747636255516 0.005448016742790061 0
1747636255538 -0.001694117808252104 0
1747636255550 -0.005116547166435112 0
1747636255571 -0.10028868884136752 0
1747636255585 -0.08673593223038806 0
1747636255596 -0.029617057268871653 0
1747636255608 -0.0638576495793092 0
1747636255625 -0.0036622565094685663 0
1747636255641 0.0025655078836070997 0
1747636255652 0.001008139985659345 0
1747636255663 0.0019269509143216453 0
1747636255686 -0.004328805527102873 0
1747636255696 0.03746099785194167 0
1747636255707 -0.07178457370781728 0
1747636255723 0.00023352358120397744 0
1747636255734 0.03581708881900404 0
1747636255745 0.006053287739006221 0
1747636255760 0.017860232120755565 0
1747636255777 0.0 0
1747636255787 -0.0032669696335465817 0
1747636255798 -0.0019112340640493437 0
1747636255811 0.0022159303508815947 0
1747636255823 -0.014984962461956406 0
1747636255834 0.006735149735035569 0
1747636255845 0.0007463650132848783 0
1747636255855 -0.01916571801110459 0
1747636255866 -0.040542811817385754 0
1747636255877 -0.002945668451021102 0
1747636255893 0.007903223969311632 0
1747636255904 -0.007877470419890287 0
1747636255936 0.06691512684253433 0
1747636255947 -0.008725350756962454 0
1747636255958 0.01168662104506545 0
1747636255968 0.0036259622563247235 0
1747636255983 -0.05993206355349802 0
1747636255994 0.014203565885330125 0
1747636256006 0.0034923537469324847 0
1747636256018 0.0046010304763510574 0
1747636256030 -0.003547341290815033 0
1747636256042 -0.0017077802137550906 0
1747636256053 0.006257240712444564 0
1747636256064 0.013696888444213054 0
1747636256077 0.0008203695331002666 0
1747636256094 0.0015863026065320441 0
1747636256105 0.01860785016825451 0
1747636256121 -0.029648718790466676 0
1747636256132 0.028213172026538873 0
1747636256148 -0.002486187498146083 0
1747636256162 0.04932403191045026 0
1747636256170 -0.0038156619869991483 0
1747636256181 -0.0005701012905038225 0
1747636256193 -0.2655538294410855 0
1747636256204 -0.008296837757700739 0
1747636256215 0.03298917357547514 0
1747636256251 -0.021376396410367083 0
1747636256272 -0.00845279499392199 0
1747636256284 0.003506956840802877 0
1747636256295 -0.003932256186642544 0
1747636256317 -0.0318478559088723 0
1747636256333 0.0003388235616501678 0
1747636256349 0.0036172013958793107 0
1747636256357 0.003085008784413276 0
1747636256373 0.04042924371447531 0
1747636256385 -0.029646035224638156 0
1747636256396 -0.0031213863712182587 0
1747636256407 -0.015260938444971313 0
1747636256418 -0.11143112053842731 0
1747636256448 -0.027646615862813816 0
1747636256474 -0.001957595577382015 0
1747636256487 0.0020459197622570975 0
1747636256498 -0.01714973857627997 0
1747636256507 0.002435723694971631 0
1747636256518 -0.03858842266754931 0
1747636256529 -0.0012859593851268483 0
1747636256540 -0.06293704820390911 0
1747636256552 0.35653109007625183 0
1747636256572 -0.02065798741992184 0
1747636256583 -0.08740183027842273 0
1747636256594 -0.0539457254587768 0
1747636256607 0.0958211326841338 0
1747636256618 0.03927554036018889 0
1747636256627 -0.01115629566594953 0
1747636256645 -0.00406274628889785 0
1747636256666 -0.0016250989327287288 0
1747636256677 0.004180213138825247 0
1747636256693 0.009444870204047592 0
1747636256703 0.00787861219214092 0
1747636256714 0.03857170710218309 0
1747636256725 -0.00983619332218508 0
1747636256736 -0.008118990581241926 0
1747636256747 -0.0004462071825610871 0
1747636256769 -0.0023804772221521346 0
1747636256811 -0.00899501287458543 0
1747636256832 -0.025173131693572614 0
1747636256852 0.015582737665549134 0
1747636256864 0.0360240066663179 0
1747636256881 0.02474189779857576 0
1747636256892 -0.002880503202313367 0
1747636256904 -0.0030799323181796576 0
1747636256921 0.03711342140208286 0
1747636256938 -0.010071706010288988 0
1747636256949 0.058816647373948074 0
1747636256960 0.03591444690087314 0
1747636256976 0.0021046611588993636 0
1747636256992 0.04096223483611551 0
1747636257003 0.0001945819517964823 0
1747636257015 -0.004180213138825247 0
1747636257031 -0.007683406477546203 0
1747636257043 -0.0005607913830467715 0
1747636257060 0.027355612592960814 0
1747636257071 0.001372317574686262 0
1747636257094 0.014250754240587813 0
1747636257104 -0.008308090161063368 0
1747636257121 -0.002170126966657351 0
1747636257132 0.010640494938453577 0
1747636257148 0.0017667270655228027 0
1747636257159 0.010442345700960575 0
1747636257170 0.06243818260112865 0
1747636257181 -0.000987708406658085 0
1747636257192 -0.007362397711264124 0
1747636257214 -0.043828853707907546 0
1747636257229 0.012250467768473699 0
1747636257241 0.0016399432014454584 0
1747636257253 -0.020005606196557127 0
1747636257272 0.021107080991890338 0
1747636257283 -0.006144187746793229 0
1747636257294 -0.00746488395273146 0
1747636257305 -0.004351953588028668 0
1747636257322 -0.017864366487794263 0
1747636257334 0.0010969814953481064 0
1747636257345 0.001810217877581382 0
1747636257361 0.010089688385703269 0
1747636257370 0.0024826450530654525 0
1747636257380 -0.0040019574115803935 0
1747636257391 0.010769934354966978 0
1747636257402 -0.03040543136702498 0
1747636257419 -0.010566455751580864 0
1747636257430 -0.006495385801492905 0
1747636257441 0.006949808306168167 0
1747636257455 0.0027929484782925405 0
1747636257481 0.014614882192042856 0
1747636257496 0.03783181609921352 0
1747636257508 -0.07059160431157416 0
1747636257520 0.0 0
1747636257528 -0.050043215994380816 0
1747636257539 -0.00026382519139889345 0
1747636257550 0.002004901094549997 0
1747636257562 0.0017150474071532154 0
1747636257574 0.022350851703166346 0
1747636257582 -0.004266033064444618 0
1747636257599 -0.01343430278153071 0
1747636257610 0.020364173802776817 0
1747636257621 -0.024713964527398786 0
1747636257629 -0.001423261864925531 0
1747636257643 0.2075990836959722 0
1747636257657 0.00761195141327944 0
1747636257675 -0.004182740212057852 0
1747636257686 -0.08551690645971985 0
1747636257701 -0.003146858708622481 0
1747636257715 0.0020563598779303996 0
1747636257732 -0.006802079037517266 0
1747636257744 1.407953629150023 0
1747636257752 0.0014799591975695535 0
1747636257765 0.2346265667938013 0
1747636257773 0.018269929431635842 0
1747636257784 0.004751487742835257 0
1747636257796 -0.1018389009259744 0
1747636257811 0.0723915966768043 0
1747636257823 0.0017277805209373759 0
1747636257837 -0.0021363579269108005 0
1747636257852 -0.018640177845087855 0
1747636257864 0.0063795201704153846 0
1747636257876 -0.003608538992925121 0
1747636257894 0.0031910881982426813 0
1747636257903 -0.005123340641266405 0
1747636257914 0.0028888477943300904 0
1747636257929 0.005138452013309768 0
1747636257956 0.012044928101178493 0
1747636257968 0.0019643499505741318 0
1747636257977 0.030459592797752684 0
1747636257986 -0.4049897643274912 0
1747636257996 -0.00242572487173666 0
1747636258006 -0.08477875678847317 0
1747636258017 -0.034315003059767125 0
1747636258028 -0.07105253706447506 0
1747636258038 -0.008407296239378864 0
1747636258053 0.02571289256789227 0
1747636258065 0.060701369866881204 0
1747636258084 -0.0055509047081673335 0
1747636258095 0.013676432897515623 0
1747636258105 -0.005796553487414266 0
1747636258116 -0.0034033973655724385 0
1747636258129 -0.0016733509931629784 0
1747636258141 0.009914807950836982 0
1747636258148 -0.004285636190966201 0
1747636258157 0.007137519056797858 0
1747636258173 -0.006738453682986861 0
1747636258187 0.023316049962952983 0
1747636258196 -0.002593660698004516 0
1747636258206 -0.006522528866406439 0
1747636258216 -0.018143226343761514 0
1747636258227 -0.012198766875511947 0
1747636258237 0.007668163173133185 0
1747636258245 0.0 0
1747636258256 0.0013969888698024413 0
1747636259384 -0.0307306902644064 0
1747636259401 0.02415837496128226 0
1747636259414 -0.018039868004262487 0
1747636259431 -0.003790151724928071 0
1747636259446 0.005458143162578581 0
1747636259465 -0.11637956391084978 0
1747636259479 0.00557304153101315 0
1747636259495 -0.1496233512191833 0
1747636259513 0.0003995383561123282 0
1747636259535 -0.29690876372034614 0
1747636259551 0.05750891595833147 0
1747636259574 -0.0010157823429687342 0
1747636259589 -0.0009341913074083363 0
1747636259610 -0.015766417540451844 0
1747636259619 0.010444134107731245 0
1747636259633 -0.0013727885501509669 0
1747636259648 -0.035516166973201674 0
1747636259663 -0.0005531143839822239 0
1747636259681 0.010964180838652467 0
1747636259695 -0.008924928257221729 0
1747636259706 0.009906452965041597 0
1747636259714 -0.012152617544217998 0
1747636259726 0.005777872261804687 0
1747636259737 0.0006494446011530069 0
1747636259745 -0.004840062286973459 0
1747636259756 -0.015520212453090286 0
1747636259772 0.0023418185559352183 0
1747636259798 -0.057508080092887964 0
1747636259819 -0.016477652611042982 0
1747636259828 0.0076013488550456575 0
1747636259841 0.18701544239499385 0
1747636259854 -0.03350802114943645 0
1747636259865 0.0011253393403648489 0
1747636259877 0.002094484031316458 0
1747636259887 -0.015817240762890553 0
1747636259909 0.017615351312324393 0
1747636259920 -0.012857131251787663 0
1747636259934 -0.3861882645041319 0
1747636259944 -0.0789268027857994 0
1747636259958 -0.12282893818197593 0
1747636259977 0.002880503202313367 0
1747636259990 0.003048366386070168 0
1747636260002 0.00626664065846778 0
1747636260014 0.0045203424550208544 0
1747636260031 0.015961093782617734 0
1747636260043 -0.06707588108876511 0
1747636260054 -0.0025028468190974504 0
1747636260070 0.019315139506630188 0
1747636260081 0.014819496528268082 0
1747636260092 0.0030250309480578095 0
1747636260103 0.0005201259101020357 0
1747636260114 -0.003400669007111056 0
1747636260128 0.002911929968741781 0
1747636260139 0.001421876012093196 0
1747636260151 0.022338680766290878 0
1747636260162 -0.017166236177532136 0
1747636260188 0.005649006492940233 0
1747636260201 0.0012753697225160415 0
1747636260217 0.0012939534698625285 0
1747636260230 0.004050287736968309 0
1747636260241 0.01890146939301612 0
1747636260252 0.01201070316346683 0
1747636260263 -0.057899239120009625 0
1747636260275 0.008432073777285715 0
1747636260282 -0.0009057251498229037 0
1747636260304 -0.008229374854830331 0
1747636260315 0.019158846047766 0
1747636260326 0.034797144433982546 0
1747636260337 -0.0011314452994595763 0
1747636260347 -0.0006149780633067325 0
1747636260358 -0.11877334579427844 0
1747636260369 -0.0077708994617795134 0
1747636260377 0.00114431060293893 0
1747636260386 0.006576969146074597 0
1747636260395 -0.010447316403293657 0
1747636260407 0.0012851865572412484 0
1747636260430 0.00977002648643836 0
1747636260441 3.857421405999205 0
1747636260453 0.0004008194982196604 0
1747636260460 0.002385053983196211 0
1747636260472 -0.014725929946204454 0
1747636260482 -0.008294938604440144 0
1747636260491 0.0 0
1747636260507 0.0006115374674744892 0
1747636260528 -0.1486241289036392 0
1747636260537 0.0002534997403429979 0
1747636260548 0.015520212453090286 0
1747636260561 0.003974169514176368 0
1747636260571 0.0026416192139106145 0
1747636260582 -0.005080570007155026 0
1747636260593 0.007954107695935696 0
1747636260605 0.025602800133224496 0
1747636260617 -0.0025755286582463256 0
1747636260634 0.001919488395163709 0
1747636260643 0.014596382323516637 0
1747636260652 0.000649960327658069 0
1747636260663 -0.027057971598272456 0
1747636260674 0.0013700713975723106 0
1747636260681 0.05231016300644457 0
1747636260695 0.15779975673711497 0
1747636260706 0.30191742048766956 0
1747636260718 0.027572378974470003 0
1747636260729 -0.023659503070005257 0
1747636260746 0.21093666700108096 0
1747636260762 0.012761458030164444 0
1747636260779 0.038076960090520716 0
1747636260795 -0.00523458448432768 0
1747636260828 0.0009349676728121944 0
1747636260840 -0.003506956840802877 0
1747636260851 0.0023597276331381724 0
1747636260877 -0.07014684058623787 0
1747636260888 0.004579941855597614 0
1747636260899 0.0005806453979879275 0
1747636260910 0.042319916863564226 0
1747636260921 0.010213176212492136 0
1747636260931 0.06906494212287272 0
1747636260939 0.003048898146479892 0
1747636260959 -0.012131632784283657 0
1747636260972 -0.0007245085656201098 0
1747636260987 0.001937150026003978 0
1747636261016 -0.0028856016034097516 0
1747636261027 -0.03886306392154584 0
1747636261046 -0.0003202163527113392 0
1747636261058 -0.00790898632010816 0
1747636261072 0.02100696692710874 0
1747636261082 0.0025634535881653877 0
1747636261091 -0.009097144235164565 0
1747636261118 -0.031844245481796145 0
1747636261129 0.01577510063334505 0
1747636261145 0.007747741389519718 0
1747636261157 -0.0007908612477513236 0
1747636261168 -0.012175980218253552 0
1747636261179 0.012700658334717617 0
1747636261196 0.00042621039249867034 0
1747636261206 -0.05993206355349802 0
1747636261219 0.0011908434693489657 0
1747636261242 0.053972993041854 0
1747636261253 0.005303925476527586 0
1747636261265 -0.06498206803975114 0
1747636261279 -0.00857726049311242 0
1747636261290 -0.005138452013309768 0
1747636261297 -0.01127160866456687 0
1747636261318 -0.13024697303891 0
1747636261328 0.0518012658614286 0
1747636261339 0.0023017212004259025 0
1747636261348 0.10902781911977129 0
1747636261356 -0.009909805554454695 0
1747636261368 0.021115717743651046 0
1747636261379 0.0031052319898638757 0
1747636261386 -0.0013338274683625518 0
1747636261398 -0.03319842552712616 0
1747636261405 -0.01970497127566625 0
1747636261416 0.01201070316346683 0
1747636261428 -0.0042742141000351895 0
1747636261458 0.007552929169497972 0
1747636261470 0.0 0
1747636261482 0.005849858558617667 0
1747636261499 -0.010752074913261075 0
1747636261510 -0.008887807031393554 0
1747636261522 0.025089055552875564 0
1747636261529 0.0003202163527113392 0
1747636261544 -0.013129490997045648 0
1747636261559 0.00038371345257741125 0
1747636261569 0.06849935554644837 0
1747636261581 0.01859523552648755 0
1747636261592 0.009643579475174885 0
1747636261608 -0.009055002450851933 0
1747636261619 0.0026079406825978337 0
1747636261642 0.0017077802137550906 0
1747636261654 -0.0045779400071332835 0
1747636261671 0.10358371006878346 0
1747636261683 0.0 0
1747636261701 -0.002882625765522407 0
1747636261716 0.0184490411549169 0
1747636261723 0.04323563665659892 0
1747636261740 -0.0071052622127483625 0
1747636261747 -0.02781353898576586 0
1747636261756 0.0009597441975813569 0
1747636261767 -0.001052662436342918 0
1747636261780 0.32132366588407063 0
1747636261787 0.0005196980356418592 0
1747636261798 -0.008816509187871526 0
1747636261807 -0.0027315153764257165 0
1747636261823 -0.0009779067346289785 0
1747636261835 0.003099385931074814 0
1747636261859 -0.027240318967836068 0
1747636261869 -0.002264739155444165 0
1747636261885 -0.003379889149586979 0
1747636261895 0.014250754240587813 0
1747636261910 -0.04187543223542441 0
1747636261922 0.04519067311815364 0
1747636261933 -0.027339972624705503 0
1747636261943 -0.01999500519515341 0
1747636261954 0.04248621441711387 0
1747636261971 0.0019395165436271074 0
1747636261984 0.021327026990929355 0
1747636262008 -0.018663572732657285 0
1747636262020 0.005595273342685934 0
1747636262041 -0.003262052663207784 0
1747636262062 0.002399360493954288 0
1747636262076 0.0035879081004593885 0
1747636262093 -0.5365852594256341 0
1747636262105 -0.1588228547775447 0
1747636262123 0.002963389480392916 0
1747636262148 -0.0010145799851284337 0
1747636262163 -0.006940873134071497 0
1747636262175 -0.06601026492853557 0
1747636262194 -0.0007026306853254815 0
1747636262217 0.017982008901586556 0
1747636262239 -0.04168198578793854 0
1747636262255 0.0036067466949879527 0
1747636262283 -0.022297085253507057 0
1747636262296 -0.011446094272648867 0
1747636262315 0.004664909210133837 0
1747636262324 0.0 0
1747636262337 -0.009553014140622776 0
1747636262349 0.020349526725819234 0
1747636262371 -0.025101495686842883 0
1747636262382 0.001279136791610005 0
1747636262389 -0.0017668416591017822 0
1747636262406 -0.0057387994324019104 0
1747636262413 0.023207498222992298 0
1747636262424 0.002669282407998303 0
1747636262435 -0.008551065950202186 0
1747636262446 -0.044679522090479075 0
1747636262483 -0.013295758249213138 0
1747636262495 -0.011506004975688046 0
1747636262510 0.037629166307718724 0
1747636262530 -0.000858696585713601 0
1747636262540 -0.0015974757388978105 0
1747636262550 0.01900015025917657 0
1747636262562 -0.0060877147987765425 0
1747636262573 -0.004356243465196859 0
1747636262589 0.0029039761666852753 0
1747636262600 0.008996141262778166 0
1747636262610 -0.012120867912277825 0
1747636262619 0.003455711041555228 0
1747636262630 0.0043973945893290645 0
1747636262643 0.00014221155893633908 0
1747636262652 -0.04855323643216963 0
1747636262664 0.07418084175399228 0
1747636262686 -0.0002552177492610602 0
1747636262697 0.0045521596836637585 0
1747636262708 -0.017642730253362403 0
1747636262721 -0.01313672167383617 0
1747636262732 -0.0030212836038746756 0
1747636262744 -0.002835470906334892 0
1747636262752 -0.05491878231992952 0
1747636262763 -0.016540549579338492 0
1747636262772 0.036633560514087345 0
1747636262784 -0.0475769865677372 0
1747636262795 -0.0045203424550208544 0
1747636262802 -0.008421228090551994 0
1747636262814 0.0023017212004259025 0
1747636262828 -0.0023989757902598895 0
1747636262843 -0.0014393806221043538 0
1747636262852 0.018021351891577015 0
1747636262875 0.011523691505473475 0
1747636262887 -0.0001968977880786495 0
1747636262898 -0.016646110718715742 0
1747636262909 -4.017857596263671e-05 0
1747636262921 -0.004895743381126185 0
1747636262932 0.018166859163463184 0
1747636262943 0.03249103401988129 0
1747636262960 0.0 0
1747636262969 0.004856309695582498 0
1747636262992 -0.0010519545720641813 0
1747636263012 0.002228397239650652 0
1747636263032 -0.07543152598325457 0
1747636263044 0.023713808740057397 0
1747636263056 -0.023719919576373528 0
1747636263068 -0.0005250875532993728 0
1747636263088 0.07057093020738675 0
1747636263100 -0.007412770678952734 0
1747636263110 0.14025992441121285 0
1747636263122 -0.03688520769535924 0
1747636263137 0.011931059628022973 0
1747636263150 -0.00028430182485575053 0
1747636263161 0.019555423508005227 0
1747636263173 -0.009036965250581001 0
1747636263186 0.007334110508508113 0
1747636263197 -0.060726077550176026 0
1747636263205 -0.006115516689132609 0
1747636263213 0.004932856950697334 0
1747636263229 -0.022202237170907038 0
1747636263242 0.0 0
1747636263250 -0.0005469067296857795 0
1747636263260 0.006437693298828455 0
1747636263278 0.0025994666141753303 0
1747636263295 0.021897295570606275 0
1747636263311 0.020983107253256132 0
1747636263351 -0.008247628378988856 0
1747636263362 0.0012576854138251735 0
1747636263373 0.0006486954487390464 0
1747636263385 0.020312225441762644 0
1747636263403 -0.0018800425750525322 0
1747636263418 0.04235289080363422 0
1747636263427 -0.030235145259571716 0
1747636263454 -0.031112048222910974 0
1747636263469 0.05275753878189087 0
1747636263483 0.9532390899789955 0
1747636263496 0.008521723644861817 0
1747636263523 0.0008802385336829965 0
1747636263534 0.040589281030524574 0
1747636263545 0.005692298825348765 0
1747636263553 0.0004967160157396998 0
1747636263561 0.1256051502554132 0
1747636263573 0.00662373813077615 0
1747636263585 -0.0042742141000351895 0
1747636263595 0.07443637312747946 0
1747636263606 -0.007334110508508113 0
1747636263615 -0.050785737715504334 0
1747636263626 0.00543339166018839 0
1747636263643 -0.0478710413376453 0
1747636263654 -0.0007894968272570793 0
1747636263662 0.007990725814700152 0
1747636263673 0.000650044828328207 0
1747636263685 -0.017042757917987282 0
1747636263697 0.0028546495575595804 0
1747636263708 0.032142828129471994 0
1747636263719 -0.012024572765373208 0
1747636263727 0.0010228823528269891 0
1747636263739 -0.008564775319753349 0
1747636263755 4.695394193600395 0
1747636263770 -0.0069735242713185415 0
1747636263787 -0.008560555277633145 0
1747636263798 -0.0443323309145262 0
1747636263815 0.04585692227396408 0
1747636263826 0.00050554707627079 0
1747636263841 0.06159226573614632 0
1747636263857 0.12328724439040671 0
1747636263868 -0.013233722607741766 0
1747636263886 -0.029720782012605616 0
1747636263897 0.0021394049500600893 0
1747636263909 0.09062750931491598 0
1747636263919 0.010148458692307268 0
1747636263930 -0.05054189709144838 0
1747636263942 0.005027580098227064 0
1747636263961 -0.0017025465781098565 0
1747636263970 0.022723734522047522 0
1747636263980 -0.011221941600719449 0
1747636263992 -0.0014062501586674535 0
1747636264001 -0.0011710038274938357 0
1747636264010 -0.004895293395115346 0
1747636264022 -0.0018227838770852622 0
1747636264029 0.0018280693418117376 0
1747636264037 0.0024617033798248846 0
1747636264046 -0.00627975202654517 0
1747636264053 -0.00018655940999533365 0
1747636264061 0.0025496948445087706 0
1747636264078 -0.03249103401988129 0
1747636264094 -0.015588918049322612 0
1747636264111 -0.0027169800955653633 0
1747636264124 0.025986500220194293 0
1747636264132 0.051325207211015335 0
1747636264145 0.0031408158918384394 0
1747636264154 -0.016147765870544954 0
1747636264166 -0.017918945656485837 0
1747636264178 -0.0045811129881509136 0
1747636264189 0.003393824315104966 0
1747636264204 0.0049578422255592 0
1747636264221 0.005044841619922155 0
1747636264232 -0.0037698993376174225 0
1747636264240 -0.06484147494528561 0
1747636264251 -0.010450257666912691 0
1747636264261 -0.004876557104354974 0
1747636264269 -0.4602751195948094 0
1747636264278 -0.0822535766826976 0
1747636264289 -0.004664909210133837 0
1747636264298 -0.054311029118555364 0
1747636264307 -0.0008089885802575298 0
1747636264323 -0.00040814470856047607 0
1747636264332 0.029196071590936592 0
1747636264347 0.003358391967472467 0
1747636264358 0.033812451663747786 0
1747636264369 -0.008557285067949063 0
1747636264379 0.006838903148241409 0
1747636264390 -0.0015358945686907417 0
1747636264399 0.06850006403291671 0
1747636264407 0.008379210701811501 0
1747636264419 0.07656215517891325 0
1747636264435 0.15580658961671293 0
1747636264449 0.007600764804590661 0
1747636264457 -0.014774168265495815 0
1747636264465 -0.01303241479588626 0
1747636264480 -0.03637512898000267 0
1747636264502 -0.01285918252329555 0
1747636264515 -0.0073706912610866865 0
1747636264532 -0.09473785027171133 0
1747636264543 -0.0003715017699113291 0
1747636264560 -0.01073185929844456 0
1747636264573 -6.885995806864444e-05 0
1747636264587 -0.001794973167812699 0
1747636264600 0.0026517386086467396 0
1747636264615 -0.0010455087457500447 0
1747636264630 0.06041093798876292 0
1747636264641 0.005936674047842413 0
1747636264671 -0.08684039438325622 0
1747636264684 -0.0007552552381641078 0
1747636264703 -0.007296896889218102 0
1747636264718 0.0550613338837433 0
1747636264734 0.0 0
1747636264747 0.0011806763629931835 0
1747636264760 -0.023290192446688434 0
1747636264775 0.002052451302743948 0
1747636264789 0.0028191068363366133 0
1747636264800 0.004942792905480031 0
1747636264812 0.010159392439155621 0
1747636264824 -0.023329945579898002 0
1747636264836 -0.018039868004262487 0
1747636264848 -0.0030378041259093136 0
1747636264860 -0.0011643550536750223 0
1747636264872 0.0 0
1747636264889 -0.0027517988113261124 0
1747636264899 0.004946949797720556 0
1747636264956 0.000922050239451381 0
1747636264985 0.005333708848292648 0
1747636264999 -0.002911929968741781 0
1747636265012 -0.0013077121076021001 0
1747636265022 0.00016260237900575395 0
1747636265039 0.01254979718631496 0
1747636265055 0.005249707612462856 0
1747636265070 -0.014942509767933855 0
1747636265083 -0.27499161827414653 0
1747636265092 0.007277627040787097 0
1747636265124 -0.0007939309106060976 0
1747636265147 0.0 0
1747636265158 -0.0025322988299895217 0
1747636265172 -0.011011864941724677 0
1747636265183 0.010148458692307268 0
1747636265196 -0.06480464159431569 0
1747636265205 -0.008421228090551994 0
1747636265216 -0.0019039557938636425 0
1747636265226 0.006875475287478722 0
1747636265239 -0.00808463510669178 0
1747636265252 -0.00804211946412783 0
1747636265272 0.06835747381906399 0
1747636265285 0.04137392317796928 0
1747636265302 0.0020450694679305195 0
1747636265314 -0.006847931858438657 0
1747636265332 -0.042976581684175105 0
1747636265346 -0.000793989266639779 0
1747636265359 0.030577567691794157 0
1747636265373 0.015677414242198963 0
1747636265386 0.006397786304228651 0
1747636265394 0.08230277293749322 0
1747636265404 -0.0018277293979917881 0
1747636265413 0.008890349361949684 0
1747636265436 0.0011697678679263366 0
1747636265453 -0.0014823661751469717 0
1747636265465 -0.09465383451517015 0
1747636265479 0.0025585144116883406 0
1747636265496 0.0028241278216537976 0
1747636265505 -0.00857726049311242 0
1747636265521 0.003673461808762022 0
1747636265540 -0.002371764931552861 0
1747636265564 0.0006563594416243793 0
1747636265575 -0.001719172573910163 0
1747636265587 -0.01864940219310453 0
1747636265603 -0.010147496520706139 0
1747636265614 -0.0013745032981772776 0
1747636265625 0.005202310618698105 0
1747636265636 0.022908083639442668 0
1747636265652 0.0009349676728121944 0
1747636265663 0.16240189011892192 0
1747636265677 0.013001396044771001 0
1747636265687 -0.016600546584525207 0
1747636265698 0.003307850877984021 0
1747636265708 -0.0032286643334410404 0
1747636265718 -0.024217429582366917 0
1747636265733 0.0009341913074083363 0
1747636265745 0.00048070935655952047 0
1747636265765 -0.02406408981371076 0
1747636265782 0.02075208218573733 0
1747636265793 -0.015961093782617734 0
1747636265812 -0.004768633600050455 0
1747636265824 -0.016477652611042982 0
1747636265855 -0.07524831288379642 0
1747636265880 0.016822424939622046 0
1747636265891 0.0 0
1747636265902 0.00114431060293893 0
1747636265918 -0.0015832876966060995 0
1747636265934 0.0010843366890272935 0
1747636265948 0.017926872610402385 0
1747636265960 -0.01938560723417099 0
1747636265983 0.00025067539573002704 0
1747636266005 0.6590837966210608 0
1747636266016 0.008685160198938622 0
1747636266033 0.0025247060111089742 0
1747636266044 -0.0038164333164703986 0
1747636266062 0.055953488117811055 0
1747636266078 -0.042766660002126075 0
1747636266089 -0.03808221664190802 0
1747636266097 -0.001292036150647311 0
1747636266109 -0.0028133782919025404 0
1747636266124 0.0037122260601670245 0
1747636266147 0.0015073689359413932 0
1747636266159 0.008924928257221729 0
1747636266174 0.0010886659127364105 0
1747636266194 0.009515005695294336 0
1747636266230 0.19386323510184605 0
1747636266241 0.0026734782845873857 0
1747636266252 -0.07151127934549548 0
1747636266263 0.0008586555197113079 0
1747636266278 -0.03688520769535924 0
1747636266293 0.02109169546987031 0
1747636266311 -0.07558690760877278 0
1747636266331 -0.0038865711563097274 0
1747636266343 -0.008429603904121653 0
1747636266355 -0.05513156855865522 0
1747636266367 0.0031288925510369165 0
1747636266379 -0.03518964855205183 0
1747636266389 -0.0006107904250131209 0
1747636266401 -0.0007737497088084362 0
1747636266412 -0.0073766420100206415 0
1747636266419 -0.009477411224143703 0
1747636266428 -0.0009885763126914907 0
1747636266441 -0.0010241236873759889 0
1747636266456 0.8843672238005175 0
1747636266467 0.026123658013071798 0
1747636266478 -0.00022415379111263807 0
1747636266491 0.002109488458799011 0
1747636266500 0.0008541493492817471 0
1747636266508 0.001866359229630529 0
1747636266519 0.008149433192600882 0
1747636266536 0.0002995939174536057 0
1747636266562 -0.02491635414156943 0
1747636266582 -0.010154189445114935 0
1747636266594 0.0016741603569247257 0
1747636266606 -0.03131441259181502 0
1747636266618 -0.013497296447157272 0
1747636266630 -0.055811222119713504 0
1747636266641 0.008785391773566157 0
1747636266652 0.056231549529452765 0
1747636266664 0.0019334052033557186 0
1747636266672 -0.002593660698004516 0
1747636266688 -0.005034789438302066 0
1747636266699 0.000264705921707125 0
1747636266711 -0.0025634535881653877 0
1747636266733 0.0015419538314511757 0
1747636266748 0.016441233176239297 0
1747636266760 0.0003916276942168581 0
1747636266772 -0.5070440584482974 0
1747636266784 -0.0023770741731833204 0
1747636266795 -0.003974169514176368 0
1747636266812 0.01812723613396721 0
1747636266823 0.011613663910053905 0
1747636266853 -0.0024704916960693875 0
1747636266865 0.006081743199087603 0
1747636266876 -0.029767413265214402 0
1747636266885 0.0003756888420022845 0
1747636266897 -0.006597433516223102 0
1747636266912 -0.021502346378352927 0
1747636266929 0.029050874357666647 0
1747636266938 0.0007384398116940206 0
1747636266946 -0.013740468619090012 0
1747636266954 -0.014774168265495815 0
1747636266973 -0.0012328843481059341 0
1747636266984 -0.0004047309459836336 0
1747636266997 0.0009053820952665066 0
1747636267007 -0.04838130184226016 0
1747636267018 0.09872017847146128 0
1747636267030 0.0557851822276615 0
1747636267045 0.004362033458656546 0
1747636267052 0.0074759067682946415 0
1747636267064 0.019837598639756156 0
1747636267075 -0.004153208167677471 0
1747636267086 -0.04000213768443731 0
1747636267095 -0.19250474827592762 0
1747636267103 -0.005720094768411715 0
1747636267119 -0.00392680184151295 0
1747636267136 -0.1694718974576452 0
1747636267145 0.01295572242408377 0
1747636267156 -0.0032444064889138643 0
1747636267173 0.020341923916314772 0
1747636267192 -0.0005131909563230053 0
1747636267203 0.11624277643478492 0
1747636267211 -0.009718536013141875 0
1747636267219 -0.02770977499536352 0
1747636267229 0.0 0
1747636267239 0.02987456030738354 0
1747636267251 0.0016326820801923594 0
1747636267262 -0.003242073747263655 0
1747636267280 -0.012542299084354013 0
1747636267291 0.2747223965454705 0
1747636267302 -0.0007897278069527218 0
1747636267316 0.0008385844593113698 0
1747636267327 -0.00014084948999906405 0
1747636267339 -0.009508035270463008 0
1747636267352 -0.0023352358120370623 0
1747636267361 0.011646259791149713 0
1747636267374 0.0028352412104758755 0
1747636267395 -0.009893503949881212 0
1747636267416 0.052768359119168246 0
1747636267436 0.04874737765493326 0
1747636267451 -0.011747638913579784 0
1747636267472 0.03350802114943645 0
1747636267490 -0.010298343555694773 0
1747636267505 -0.06117559160919623 0
1747636267513 0.019847074455955432 0
1747636267521 0.056432463270674034 0
1747636267533 0.0029662726040042865 0
1747636267544 -0.0008533907156424417 0
1747636267568 -0.018216214543099345 0
1747636267580 -0.000845943966724247 0
1747636267612 0.045635722810059086 0
1747636267629 0.0313225241680364 0
1747636267643 -0.0038706177044555076 0
1747636267655 0.02838446157935831 0
1747636267666 0.0 0
1747636267677 0.00022110308604936663 0
1747636267693 0.003674405788551875 0
1747636267703 -0.010848934218030916 0
1747636267719 -0.008304584929618851 0
1747636267728 -0.015582737665549134 0
1747636267739 0.013293933944174177 0
1747636267748 -0.01016299952445658 0
1747636267758 -0.0013699202845065784 0
1747636267769 -0.01115629566594953 0
1747636267780 0.003156313424573559 0
1747636267790 -0.0006957581399261906 0
1747636267803 -0.010837927267100497 0
1747636267815 0.0042507523180170485 0
1747636267831 0.0012333844366862914 0
1747636267841 0.010063799850667153 0
1747636267863 0.0007111248740069077 0
1747636267873 0.012693944169974571 0
1747636267902 -0.04732737585839475 0
1747636267911 -0.03918112587649432 0
1747636267928 0.001634696135581319 0
1747636267939 0.004330357205841881 0
1747636267950 -0.057957951209527424 0
1747636267962 0.0062620771817992965 0
1747636267976 -0.0019226650588945998 0
1747636267995 0.015308712811327363 0
1747636268003 0.0014804459325434842 0
1747636268016 0.0014405595938605288 0
1747636268034 0.008412452581984127 0
1747636268044 -0.5961745050554378 0
1747636268059 0.0 0
1747636268071 -0.07216863097606749 0
1747636268078 -0.031146974713064584 0
1747636268087 -0.0070604538850504266 0
1747636268098 0.01419714757160162 0
1747636268112 -0.004831289279950244 0
1747636268123 0.014100997987111874 0
1747636268134 0.02363000626570157 0
1747636268147 -0.0007305196303817652 0
1747636268160 0.09851629724600065 0
1747636268181 0.005198933228352951 0
1747636268192 0.07014684058623787 0
1747636268215 -0.00035909515282125546 0
1747636268247 -0.001282964889946844 0
1747636268260 0.0035152490393874597 0
1747636268270 -0.004703321149140231 0
1747636268283 -0.0011253393403648489 0
1747636268295 0.0004098173564154466 0
1747636268304 -0.0023290403347611495 0
1747636268317 0.03492191588127001 0
1747636268331 0.019308198719471713 0
1747636268341 0.0022828727912238118 0
1747636268353 -0.01921113146389487 0
1747636268362 0.002178296812358772 0
1747636268373 -0.0003201138470231915 0
1747636268401 0.0 0
1747636268413 0.0 0
1747636268436 -0.0028888477943300904 0
1747636268448 0.011006582519479537 0
1747636268473 -0.001504377930533385 0
1747636268492 0.00516639758534834 0
1747636268505 -0.07171386951767875 0
1747636268517 0.0015096445272060174 0
1747636268534 0.024226143326476383 0
1747636268545 0.019669114339397026 0
1747636268560 -0.0005542309895869705 0
1747636268577 -0.01611378919153328 0
1747636268590 0.27648348040665116 0
1747636268601 1.6974792156777825 0
1747636268616 0.014744830447208198 0
1747636268665 0.03907182672162816 0
1747636268678 0.0030446538978304238 0
1747636268690 0.005202310618698105 0
1747636268700 -0.002255779722886124 0
1747636268708 0.042586682881279286 0
1747636268723 -0.020610760832401046 0
1747636268730 -0.011436688178538459 0
1747636268742 -0.0011908434693489657 0
1747636268762 0.007441900130185977 0
1747636268783 0.008612004254038649 0
1747636268795 -0.08920505879175335 0
1747636268817 -0.00035723077591654314 0
1747636268843 0.023207498222992298 0
1747636268854 0.06243818260112865 0
1747636268869 0.011095886569365231 0
1747636268889 0.0008224437611835438 0
1747636268900 0.041988119102683935 0
1747636268916 -0.07678070334541065 0
1747636268927 0.0 0
1747636268939 0.03463893481825212 0
1747636268950 -0.006380960356337762 0
1747636268962 -0.0014777721550767353 0
1747636268972 -0.0023711772890813677 0
1747636268982 -0.008455151731951388 0
1747636268993 -0.10211252004719246 0
1747636269003 0.006110534145992692 0
1747636269013 0.00392859833305233 0
1747636269023 -0.007785460319411093 0
1747636269036 0.014850961691985668 0
1747636269048 -0.004159140487482067 0
1747636269069 -0.055811222119713504 0
1747636269079 0.0033412008201103467 0
1747636269089 0.019832718356925398 0
1747636269102 -0.03316133881311733 0
1747636269115 0.01957939818929964 0
1747636269124 0.009199511499295283 0
1747636269143 0.00242572487173666 0
1747636269164 0.030133886071376573 0
1747636269189 -0.021576481849690982 0
1747636269201 -0.0073952311108224505 0
1747636269214 -0.008115239915972013 0
1747636269226 -0.05325459715402444 0
1747636269240 -0.006213907142232803 0
1747636269262 0.006786675229061709 0
1747636269272 -0.05324147028922222 0
1747636269283 0.0062545732119781506 0
1747636269295 0.005222019427546935 0
1747636269307 -0.0195846652306362 0
1747636269337 0.006330601641243361 0
1747636269350 -0.0019763716015226635 0
1747636269376 -0.00171451921802979 0
1747636269391 0.010224366609430912 0
1747636269408 -0.002044060632926076 0
1747636269433 0.025874492283148347 0
1747636269463 0.021485960835750398 0
1747636269483 0.03160663745288818 0
1747636269497 -0.0002806711379457963 0
1747636269513 0.04970319636045259 0
1747636269522 0.3651487402062581 0
1747636269533 -0.025310507623733262 0
1747636269553 0.0004578287560155756 0
1747636269567 -0.08463923019889928 0
1747636269583 -0.020441265196228756 0
1747636269598 0.0 0
1747636269613 0.0007742600672372916 0
1747636269623 0.0006486954487390464 0
1747636269635 -0.004418570463256296 0
1747636269646 0.008629503731766392 0
1747636269663 0.01924820514640916 0
1747636269672 -0.002908984275387781 0
1747636269708 -0.011520873343836401 0
1747636269723 0.4642632142608284 0
1747636269738 0.0017707823155658285 0
1747636269749 0.00013030257250152102 0
1747636269771 0.0014934352647524018 0
1747636269782 0.006508570651195184 0
1747636269799 0.0029499494396958343 0
1747636269816 -0.007482650297252265 0
1747636269828 -0.0386876384871537 0
1747636269839 -0.0044383079679395105 0
1747636269851 0.028666275193949684 0
1747636269869 0.0317987324128089 0
1747636269896 0.023241830697411245 0
1747636269912 -0.0337526865048598 0
1747636269923 -0.009181775915484006 0
1747636269934 0.025902135848604634 0
1747636269953 -0.009017216758360142 0
1747636269969 2.8668513177806045 0
1747636269981 -0.18701544239499385 0
1747636269996 0.01680115365150623 0
1747636270023 -0.03492937704289063 0
1747636270037 0.004283543046298476 0
1747636270058 0.021326998251882973 0
1747636270081 -0.022508863680317102 0
1747636270092 0.038135511539559346 0
1747636270106 0.008782274624618057 0
1747636270120 0.003136140245730835 0
1747636270131 0.012017909995254194 0
1747636270142 -0.003086668031671469 0
1747636270163 6.298408146354572 0
1747636270178 0.0 0
1747636270190 -0.005142854171884472 0
1747636270208 0.0002483992397774217 0
1747636270226 -0.008357511056831676 0
1747636270253 -0.04042924371447531 0
1747636270268 0.01192580037829622 0
1747636270282 -0.02753147159759061 0
1747636270294 0.0928930904023056 0
1747636270311 0.11584633598501051 0
1747636270326 -0.3318763927852338 0
1747636270337 0.016453377739973064 0
1747636270346 -0.006925595916587453 0
1747636270361 0.006608958067450205 0
1747636270378 -0.16844965319575136 0
1747636270389 -0.027886417240823882 0
1747636270401 -0.0079827935417271 0
1747636270412 -0.057441467916562704 0
1747636270430 -0.015677414242198963 0
1747636270441 0.0027517988113261124 0
1747636270452 -0.06039783217405295 0
1747636270468 0.0013077121076021001 0
1747636270486 0.025181851246678197 0
1747636270515 -0.0009723421582758841 0
1747636270527 0.7948156301788691 0
1747636270536 1.060186119088985 0
1747636270548 0.018879460236734102 0
1747636270564 -0.026615294136323513 0
1747636270573 0.01493776246917472 0
1747636270586 -0.0019498809829742068 0
1747636270594 -0.0019269509143216453 0
1747636270605 0.005110667268821992 0
1747636270620 -0.006554648939611446 0
1747636270628 0.0008084490378565026 0
1747636270635 0.19427269515158394 0
1747636270647 -0.0005689271437615097 0
1747636270657 -0.004254646903064459 0
1747636270674 0.00808463510669178 0
1747636270686 0.0020021030148802007 0
1747636270706 0.003500854388045608 0
1747636270718 -0.031031024738912293 0
1747636270730 0.01860785016825451 0
1747636270744 0.01347115707708924 0
1747636270755 -0.005267898542460814 0
1747636270764 0.007036183934375938 0
1747636270776 -0.019459453204242784 0
1747636270792 0.002051360172640624 0
1747636270803 0.00425791212455973 0
1747636270814 -0.01146810393817658 0
1747636270828 0.06923144221111789 0
1747636270845 0.05697280687067622 0
1747636270874 0.463919943313047 0
1747636270887 -0.006907727908794749 0
1747636270911 -0.019725325941608505 0
1747636270925 0.00115921783574383 0
1747636270940 0.005853154321151077 0
1747636270950 0.0029005230727905413 0
1747636270958 -0.0026880403651500322 0
1747636270970 0.1311806894668574 0
1747636270981 0.00589685096230133 0
1747636271014 0.05432590048178839 0
1747636271026 0.16589263138165994 0
1747636271037 0.005856494629425721 0
1747636271059 -0.0005723369772192877 0
1747636271070 0.014611513424198598 0
1747636271088 0.0006008810897775212 0
1747636271102 0.04423034724302619 0
1747636271119 0.09681069328530455 0
1747636271131 -0.0028082224031726133 0
1747636271146 -0.0048179838926872475 0
1747636271165 0.2655538294410855 0
1747636271184 0.04518224765111228 0
1747636271206 -0.001860692579885518 0
1747636271217 -0.002674224280185631 0
1747636271242 -0.009140529871349164 0
1747636271266 -0.004703321149140231 0
1747636271280 0.010198183556866544 0
1747636271303 0.0030152763842443207 0
1747636271334 0.05855092105946708 0
1747636271346 0.00044807339763472376 0
1747636271358 0.001683934993380025 0
1747636271370 -0.00862843134596061 0
1747636271382 -0.02573143226039164 0
1747636271396 0.02420442006903706 0
1747636271406 0.020462257130646724 0
1747636271418 0.012376172997559812 0
1747636271434 0.0011144591908480357 0
1747636271451 0.017866326717862147 0
1747636271462 -0.010774137712617758 0
1747636271470 -0.046076540093826314 0
1747636271480 0.002575130554041357 0
1747636271498 -0.00566001186894559 0
1747636271510 0.009422889766594373 0
1747636271544 0.004815803717406227 0
1747636271555 0.008588465732577327 0
1747636271565 0.012093519960757653 0
1747636271573 0.021479707125583475 0
1747636271581 -0.001895891745768944 0
1747636271591 0.00044468611333429596 0
1747636271600 0.007558208651855642 0
1747636271612 -0.0016669761461556934 0
1747636271621 0.0013690297733554703 0
1747636271636 0.020438070713500105 0
1747636271645 -0.02501482153886335 0
1747636271659 -0.011335005378339235 0
1747636271668 0.0007996446742254187 0
1747636271677 -0.005917382636918089 0
1747636271688 0.0036322878188531165 0
1747636271700 -0.0012149023932880938 0
1747636271708 0.2508416184509412 0
1747636271720 0.003736298664382339 0
1747636271738 -0.0007464129662191183 0
1747636271749 0.006955776520392001 0
1747636271762 -0.004052229648048022 0
1747636271775 0.013291756876689154 0
1747636271782 -0.0012730245557751622 0
1747636271807 -0.0014854552303953266 0
1747636271818 -0.0026360748517261236 0
1747636271828 0.004105630778218354 0
1747636271839 0.006789301591043194 0
1747636271855 -0.013093622967328373 0
1747636271862 0.04422050103889642 0
1747636271879 0.0978261541426342 0
1747636271890 0.0019159940884142677 0
1747636271897 0.04873404853798554 0
1747636271914 -0.009308146151509253 0
1747636271926 0.009042326757310459 0
1747636271941 0.0014399617951171319 0
1747636271952 -0.006846281432412435 0
1747636271963 0.012905346834660714 0
1747636271980 -0.002588495285745698 0
1747636271990 -0.004647670226418777 0
1747636272002 0.0 0
1747636272020 -0.013725683241378624 0
1747636272035 -0.09014041940165828 0
1747636272049 0.26391077745197694 0
1747636272063 -0.000858696585713601 0
1747636272074 0.003690643701745842 0
1747636272085 0.006208316536748972 0
1747636272097 -0.010797110837652094 0
1747636272122 -0.04839491264560423 0
1747636272141 -0.022826158953387746 0
1747636272153 -0.007358951492341081 0
1747636272171 0.0009835912783851377 0
1747636272186 -0.011498373683251314 0
1747636272208 0.005982715256312472 0
1747636272226 0.006598199249409935 0
1747636272240 0.007392899472458629 0
1747636272253 0.047286655426903655 0
1747636272270 0.006710409311909412 0
1747636272282 0.019450173308355894 0
1747636272307 -0.0002008928798090172 0
1747636272321 0.010398297675768525 0
1747636272357 -0.00019431727735001367 0
1747636272365 0.020055724425804517 0
1747636272373 -0.07210484859481439 0
1747636272385 0.0033604112975896996 0
1747636272395 -0.0001706840801604893 0
1747636272408 -0.008071696801741768 0
1747636272416 0.00039589445749509274 0
1747636272431 0.020587319686899634 0
1747636272443 0.0 0
1747636272455 0.026615294136323513 0
1747636272465 0.003452338070229919 0
1747636272473 0.0019930027934888296 0
1747636272482 -0.0005029525649146495 0
1747636272491 -0.001990534127962525 0
1747636272506 0.061887828124734576 0
1747636272522 0.06238344850297499 0
1747636272534 0.016584771266048563 0
1747636272554 0.08961523382850614 0
1747636272562 0.03752612567280959 0
1747636272574 -0.007120247469731083 0
1747636272584 0.008569057083663525 0
1747636272596 0.0 0
1747636272605 0.11022992436666142 0
1747636272614 0.010999315578635609 0
1747636272621 0.04397665433332969 0
1747636272635 -0.0018397387285144845 0
1747636272652 -0.008996141262778166 0
1747636272663 0.01313672167383617 0
1747636272673 -0.019189755117273135 0
1747636272683 -0.10011971485825637 0
1747636272695 0.013373592178197198 0
1747636272704 -0.001745115884890486 0
1747636272724 -0.0032786707767187037 0
1747636272736 0.0008366317634358067 0
1747636272761 0.004387724566733498 0
1747636272772 -0.0007979117380007701 0
1747636272780 -0.0024124376732371226 0
1747636272794 -0.021193804942147815 0
1747636272802 0.0034553910128031495 0
1747636272819 0.02075208218573733 0
1747636272834 0.001794973167812699 0
1747636272870 -0.005002786350188663 0
1747636272883 -0.0037739021752863397 0
1747636272898 0.009929005162228435 0
1747636272912 -0.020438070713500105 0
1747636272935 -0.06251527126505203 0
1747636272969 -0.00394304447029073 0
1747636272981 -0.019551878082726955 0
1747636272990 0.0019148934110775977 0
1747636273006 -0.014243392911953482 0
1747636273023 -0.017747580005464482 0
1747636273035 -0.0424622031229538 0
1747636273047 0.04398040375137327 0
1747636273056 0.0076046544390831385 0
1747636273068 0.001967041350329679 0
1747636273089 0.002044448201046366 0
1747636273100 -0.00572487433617469 0
1747636273111 -0.00554318339794403 0
1747636273122 0.013692407698259149 0
1747636273140 -0.0006829561805876764 0
1747636273152 0.0006561999542348005 0
1747636273171 0.09858214221952634 0
1747636273197 0.0012673078429494683 0
1747636273209 -0.010063089939564038 0
1747636273223 0.013754148204371581 0
1747636273234 0.01805425402235473 0
1747636273246 -0.011665578876612948 0
1747636273263 -0.004474514231600594 0
1747636273276 -0.015592669465207097 0
1747636273292 0.002410653255733508 0
1747636273309 0.010461470003512278 0
1747636273325 0.000599793839248875 0
1747636273343 0.0007927304277380728 0
1747636273395 -0.0021037256576731107 0
1747636273407 0.001476620333551728 0
1747636273421 -0.002433139177355018 0
1747636273434 0.012131632784283657 0
1747636273446 0.10581084913930014 0
1747636273459 -0.05335176260033145 0
1747636273470 -0.8060288019731829 0
1747636273480 0.06096911888043439 0
1747636273492 0.003974169514176368 0
1747636273502 -0.09831524130126823 0
1747636273511 -0.4170437380737298 0
1747636273522 0.000510928039588359 0
1747636273535 -0.012160331671835589 0
1747636273545 0.05716250259787007 0
1747636273559 -0.07609410068982345 0
1747636273602 0.04948935582751815 0
1747636273615 0.010703884808392938 0
1747636273628 0.006974806405359082 0
1747636273640 -0.016225587998040344 0
1747636273648 0.005779283624160147 0
1747636273670 0.0031299666314284166 0
1747636273685 0.0 0
1747636273702 -0.014537410266061567 0
1747636273713 -0.00561304563492701 0
1747636273724 0.004142453199518465 0
1747636273741 -0.0011735304994444373 0
1747636273752 -0.0007463650132848783 0
1747636273776 0.0016835858755924185 0
1747636273789 0.012182146226618394 0
1747636273803 -0.00529278933180264 0
1747636273817 0.06074248228100303 0
1747636273834 -0.012479918446871477 0
1747636273845 -0.010473320490195672 0
1747636273859 -0.06335755634667053 0
1747636273871 -0.1824908521238251 0
1747636273883 0.0008522996986677599 0
1747636273890 0.00487628559476729 0
1747636273899 -0.03345994094869626 0
1747636273906 0.007044463933658799 0
1747636273915 0.008806813193906308 0
1747636273924 0.001387033982614535 0
1747636273932 0.01965480103200265 0
1747636273943 -0.0009076373241201171 0
1747636273953 -0.04074675928548421 0
1747636273988 0.03218597788941053 0
1747636273999 0.003952392406719398 0
1747636274007 0.004430328579137754 0
1747636274023 0.0026033060570069297 0
1747636274037 0.00708992134451791 0
1747636274049 -0.009036965250581001 0
1747636274061 -0.15147988790509082 0
1747636274073 0.03593324089053616 0
1747636274081 0.036869767475694135 0
1747636274092 0.003477085892495162 0
1747636274106 0.0006547833168564596 0
1747636274116 0.0 0
1747636274128 -0.004543968905919777 0
1747636274145 0.005319779340956535 0
1747636274163 0.002520125114548941 0
1747636274178 -0.00034979990548291616 0
1747636274191 -0.0073549492206018115 0
1747636274200 0.0036839935635048517 0
1747636274214 -0.01688369484348923 0
1747636274230 0.002199628235442006 0
1747636274250 -0.038890843248918616 0
1747636274263 0.001318616754607467 0
1747636274276 0.005129602722219594 0
1747636274290 0.0 0
1747636274302 -0.005720094768411715 0
1747636274311 0.001226973688053006 0
1747636274322 0.006881869271276657 0
1747636274344 -0.0020545533607292926 0
1747636274354 -0.01868091461636977 0
1747636274366 0.03927554036018889 0
1747636274378 -0.0008797440054476457 0
1747636274390 0.7420873901580403 0
1747636274409 0.03970669854257549 0
1747636274427 0.005010810784806485 0
1747636274438 0.0025944068541847104 0
1747636274448 0.0965000024708965 0
1747636274475 0.0045426317348186765 0
1747636274486 0.015091772616971581 0
1747636274497 0.001841689318376552 0
1747636274517 0.011774768290673816 0
1747636274528 0.006209306687364423 0
1747636274539 -0.01612713467659145 0
1747636274552 0.06322804453465397 0
1747636274564 0.00939867503231827 0
1747636274584 -0.0024019705986152115 0
1747636274597 -0.006916757050642505 0
1747636274609 0.02704325749504298 0
1747636274622 -0.0004771161408679213 0
1747636274633 -0.0018533776510877176 0
1747636274652 0.031195826890114603 0
1747636274663 0.008074779543550806 0
1747636274674 0.05282785358126275 0
1747636274687 -0.002789544083055513 0
1747636274704 0.07164256196935706 0
1747636274716 0.0073956187898959755 0
1747636274727 -0.006537882938214091 0
1747636274754 0.0 0
1747636274772 -0.009809266761638733 0
1747636274784 0.0006468275514973948 0
1747636274810 -0.020213836380075848 0
1747636274821 0.043738685517096816 0
1747636274830 -0.001242579909012845 0
1747636274840 -0.023599509023794922 0
1747636274851 -0.005367261064026052 0
1747636274863 0.011943498319502822 0
1747636274874 -0.02192768195889035 0
1747636274887 -0.0043756565822880445 0
1747636274898 0.2889841249935135 0
1747636274906 -0.0019484734823751284 0
1747636274915 -0.045581440789286436 0
1747636274928 0.011006582519479537 0
1747636274940 -0.001863845346436862 0
1747636274955 0.0019858786424613085 0
1747636274971 0.0 0
1747636274984 0.006881869271276657 0
1747636275007 0.005423193950749437 0
1747636275019 -0.02990452306435652 0
1747636275031 0.0008021212551985155 0
1747636275043 0.005980223781164894 0
1747636275063 0.11877334579427844 0
1747636275075 -0.02682562686420573 0
1747636275086 -0.05339124639967355 0
1747636275094 0.019483813675930387 0
1747636275111 0.016822424939622046 0
1747636275121 0.4716183230646911 0
1747636275129 0.0032957896860246294 0
1747636275137 0.0015577675410725755 0
1747636275144 0.004345726171735973 0
1747636275156 0.0007643780470454336 0
1747636275174 0.0026695682711175236 0
1747636275204 -0.16292556545130507 0
1747636275217 0.017660952924718427 0
1747636275231 -0.005364614402738368 0
1747636275243 -0.004806405301026202 0
1747636275270 0.011871391826467813 0
1747636275287 0.01174550902357354 0
1747636275302 -0.003456473231908316 0
1747636275321 -0.0061140293168423085 0
1747636275329 0.0002995939174536057 0
1747636275342 -0.04577385114477935 0
1747636275357 -0.014207945786117207 0
1747636275368 -0.005033288270515047 0
1747636275384 0.013313630579950364 0
1747636275402 0.006508570651195184 0
1747636275414 0.027052045704728838 0
1747636275434 -0.1234977846310644 0
1747636275446 0.0016111458303857905 0
1747636275461 0.012540394049819898 0
1747636275479 0.002241593765860362 0
1747636275499 -0.09163153723679535 0
1747636275516 0.0007922710448021846 0
1747636275536 -0.005190184692889884 0
1747636275546 -0.004895743381126185 0
1747636275560 -0.04096223483611551 0
1747636275572 0.00985761117572715 0
1747636275586 0.0007927304277380728 0
1747636275599 0.031146974713064584 0
1747636275608 0.00038878565023904956 0
1747636275620 -0.00945332786896732 0
1747636275633 0.019708021925567837 0
1747636275644 -0.0011689828313038019 0
1747636275653 0.07944453241077443 0
1747636275664 0.0006894439153701547 0
1747636275678 -0.18809211403051435 0
1747636275691 -0.0013989431778515507 0
1747636275698 0.0455941403850782 0
1747636275710 0.0024889384010238387 0
1747636275718 -0.006756121133962283 0
1747636275734 0.0033268443484677965 0
1747636275765 -0.04113150349247275 0
1747636275780 -0.013848423274071674 0
1747636275791 0.2563099558400419 0
1747636275809 -0.001331623760383459 0
1747636275833 -0.0015510999069203815 0
1747636275846 -0.0016436477957244742 0
1747636275859 0.019104407503428077 0
1747636275870 0.13848316724378842 0
1747636275880 0.016842362601554837 0
1747636275891 0.03494045923144487 0
1747636275901 -0.009096640307893509 0
1747636275918 -0.0026661386909504325 0
1747636275927 -0.05593418549818358 0
1747636275935 0.08150389846108254 0
1747636275945 -0.037025721902041606 0
1747636275954 -0.0011662561644375424 0
1747636275964 0.014207945786117207 0
1747636275978 0.03242631942848257 0
1747636275991 -0.0015535095554465913 0
1747636276004 -0.002109488458799011 0
1747636276016 0.0007813686117761563 0
1747636276033 -0.0004011887374134733 0
1747636276053 0.0 0
1747636276064 0.006885995806639803 0
1747636276078 -0.004861282817221454 0
1747636276090 0.016173824937613532 0
1747636276098 0.026193236953178836 0
1747636276110 0.030608898725606935 0
1747636276121 -0.013696288632703897 0
1747636276131 -0.013900293251017978 0
1747636276142 0.014082365993334059 0
1747636276152 -0.027233959904564776 0
1747636276162 0.001318616754607467 0
1747636276172 -0.022298267191229553 0
1747636276187 -0.0026695682711175236 0
1747636276202 -0.009058885042310328 0
1747636276213 -0.0018670536277874312 0
1747636276223 0.6648328121104551 0
1747636276284 0.03126650871948078 0
1747636276297 0.03976430014732904 0
1747636276309 -0.012181913287660382 0
1747636276319 -0.0008456263135290352 0
1747636276331 0.006862368685643308 0
1747636276346 -0.0013525446027241386 0
1747636276357 0.008982593387497746 0
1747636276373 -0.0023774914783108695 0
1747636276387 -0.016663027202357295 0
1747636276398 -0.0010543024311297255 0
1747636276412 -0.034064709455889755 0
1747636276436 -0.022297085253507057 0
1747636276466 0.003762542601122312 0
1747636276475 -0.0011199832902361014 0
1747636276504 -0.008402312661240825 0
1747636276516 -0.04484906292696139 0
1747636276528 0.0014393806221043538 0
1747636276544 -0.0016333940167068707 0
1747636276558 -0.027240318967836068 0
1747636276570 0.0020801434506495294 0
1747636276581 -0.0021742732055028066 0
1747636276593 0.49241600036410754 0
1747636276602 -0.0004849136610387673 0
1747636276613 0.004534333015693227 0
1747636276626 -0.016846818604957244 0
1747636276639 0.002486187498146083 0
1747636276658 0.36734985380377433 0
1747636276671 -0.0015892638185011887 0
1747636276695 0.010154189445114935 0
1747636276707 -0.01056038734816012 0
1747636276716 0.008379210701811501 0
1747636276749 0.0045682259636611305 0
1747636276761 0.008359221014827814 0
1747636276772 0.01538266267291388 0
1747636276786 0.003762542601122312 0
1747636276800 0.0057111981230074955 0
1747636276812 0.002687769629231398 0
1747636276824 -0.0010568653771611512 0
1747636276832 -0.015260938444971313 0
1747636276850 0.006638076008858108 0
1747636276862 0.0 0
1747636276874 -0.020768673044751454 0
1747636276889 0.0 0
1747636276900 -0.0019983899053144533 0
1747636276914 0.04762664550529342 0
1747636276931 -0.034841934208697384 0
1747636276942 0.0038944169360990632 0
1747636276953 -0.002768379213518911 0
1747636276965 0.014053081526293372 0
1747636276992 -0.0019711483758284103 0
1747636277009 0.0026522632799885963 0
1747636277021 0.0 0
1747636277033 0.0002008928798090172 0
1747636277051 -0.001326475065292628 0
1747636277074 -0.00401135093786115 0
1747636277088 0.0581435885423717 0
1747636277105 0.016511463976043268 0
1747636277120 -0.0155332576773592 0
1747636277131 0.041988119102683935 0
1747636277143 0.03676323948061775 0
1747636277154 -0.004060272952355351 0
1747636277164 -0.00367218357647054 0
1747636277174 0.020224714506449824 0
1747636277186 0.002101766246254133 0
1747636277198 -0.0020379975612337753 0
1747636277206 -0.009978233808812234 0
1747636277215 -0.007022293558855923 0
1747636277224 0.00993513864772239 0
1747636278175 -0.0597511996702491 0
1747636278193 -0.002911929968741781 0
1747636278207 -0.0059085250662851 0
1747636278257 0.01026105919453296 0
1747636278274 0.0026880403651500322 0
1747636278285 -0.0064903767289829 0
1747636278297 0.001479557570876359 0
1747636278307 -0.0022112994649575364 0
1747636278334 0.24744134620094396 0
1747636278349 -0.0030212836038746756 0
1747636278365 0.0 0
1747636278377 -0.0012863879531562843 0
1747636278421 0.000136281052223921 0
1747636278447 -0.01475409365834093 0
1747636278460 -0.003396225119460226 0
1747636278483 0.013474391844486238 0
1747636278495 -0.0023630337729070297 0
1747636278509 -0.005017119904401541 0
1747636278523 -0.027038254775186083 0
1747636278535 0.0 0
1747636278549 0.0028379014314516976 0
1747636278561 0.004164910296124495 0
1747636278578 0.002710843579860207 0
1747636278596 0.0033555653307584463 0
1747636278608 0.0019395165436271074 0
1747636278621 0.005585723178077352 0
1747636278629 -0.016899434975115146 0
1747636278641 0.013787127368395498 0
1747636278665 0.1075699180522911 0
1747636278676 0.005073281299759739 0
1747636278692 -0.0028159314716716373 0
1747636278703 -0.01794227661845661 0
1747636278724 0.0 0
1747636278762 -0.0011447713051070862 0
1747636278774 0.0 0
1747636278792 0.007441092914968495 0
1747636278804 0.03606176809264219 0
1747636278834 0.022314030943383287 0
1747636278848 0.0026288342703190784 0
1747636278860 -0.008464643225203879 0
1747636278868 0.0002399936325198538 0
1747636278885 -0.005443912392111003 0
1747636278902 0.00014086933137254438 0
1747636278911 -0.008130899472993506 0
1747636278937 -0.001794973167812699 0
1747636278960 -0.00790898632010816 0
1747636278969 -0.016484671833295363 0
1747636278995 -0.006507232085239939 0
1747636279008 -0.003909454612639784 0
1747636279034 -0.001919454194405508 0
1747636279045 -0.002004901094549997 0
1747636279064 -0.00337730516781029 0
1747636279084 -0.010994534666932471 0
1747636279104 0.0 0
1747636279115 -0.019483813675930387 0
1747636279128 -0.05202997832908385 0
1747636279136 -0.0046336032015555275 0
1747636279153 0.003127307131828284 0
1747636279176 -0.017973366061283354 0
1747636279188 -0.0017013234139854577 0
1747636279204 -0.018664630298547872 0
1747636279223 0.011886802759036325 0
1747636279236 0.00028978043442543584 0
1747636279251 0.00025067539573002704 0
1747636279272 0.03332891360465892 0
1747636279295 0.0031720175758559884 0
1747636279306 -0.01400525846378636 0
1747636279317 -0.01061528333832724 0
1747636279336 -0.0052883011845998515 0
1747636279348 0.005248834624094648 0
1747636279370 0.002509176493502287 0
1747636279381 -0.001121897341274019 0
1747636279397 0.0002584498375672552 0
1747636279419 0.003827345071076949 0
1747636279431 -0.1663133431712526 0
1747636279443 0.04727574816856169 0
1747636279457 -0.010566455751580864 0
1747636279471 -0.04397665433332969 0
1747636279483 0.17355555791592397 0
1747636279490 -0.022412561343643167 0
1747636279503 -0.006585367477442209 0
1747636279527 0.037159403440566195 0
1747636279540 -0.02803326556337994 0
1747636279552 -0.016781149673698034 0
1747636279564 -0.005303925476527586 0
1747636279580 0.013380181941217055 0
1747636279592 0.0026743267093744393 0
1747636279603 0.0028418063524581366 0
1747636279615 0.00035723077591654314 0
1747636279654 0.03927872558873656 0
1747636279689 -0.004079781944188435 0
1747636279701 -0.0031581714193383847 0
1747636279713 -0.0004225450800281929 0
1747636279722 -0.004342372429550589 0
1747636279751 0.00649663927793283 0
1747636279771 0.011316563816364315 0
1747636279780 0.0003377506342850024 0
1747636279791 0.05019602843104727 0
1747636279803 0.0 0
1747636279817 0.013350627204801962 0
1747636279832 -0.06386620531568991 0
1747636279844 0.030496958931581733 0
1747636279856 -0.007114929410001835 0
1747636279897 -0.02636395948267707 0
1747636279912 -0.0008367420867643989 0
1747636279927 0.030235145259571716 0
1747636279937 0.003673461808762022 0
1747636279945 -0.09440576125888556 0
1747636279955 -0.01014073191659425 0
1747636279968 -0.001860571737572515 0
1747636279980 0.0 0
1747636279989 0.2621391384852092 0
1747636280001 0.021625962085954017 0
1747636280012 -0.00037374635308273774 0
1747636280041 0.002911929968741781 0
1747636280059 0.00481397033483161 0
1747636280091 0.05784701468469963 0
1747636280102 -0.0002606730777491322 0
1747636280113 0.028473016596651395 0
1747636280124 -0.02147565355670484 0
1747636280133 0.0022081015520862427 0
1747636280144 0.0 0
1747636280153 -0.008411216940039996 0
1747636280162 -0.014389741432940764 0
1747636280173 0.0018568190379960837 0
1747636280184 0.007853829304642904 0
1747636280193 0.014361550826660156 0
1747636280204 0.0034008451337260563 0
1747636280216 0.008268548282988286 0
1747636280227 0.0 0
1747636280248 -0.013279400475046764 0
1747636280268 0.0012001592123532944 0
1747636280280 -0.002813670881358083 0
1747636280288 0.012160331671835589 0
1747636280310 0.008449378601959668 0
1747636280322 -0.003372364541144089 0
1747636280334 0.0014062494446646292 0
1747636280349 0.005580273673714507 0
1747636280362 0.024434400317693786 0
1747636280370 -0.0008022821370870551 0
1747636280379 0.004895743381126185 0
1747636280396 0.03578267784277271 0
1747636280430 0.002437989076399734 0
1747636280451 0.0 0
1747636280463 -0.004216301612068865 0
1747636280476 -0.006598199249409935 0
1747636280498 0.00516202890203951 0
1747636280521 0.005544799067676664 0
1747636280533 -0.0018670536277874312 0
1747636280544 0.0002409187359210653 0
1747636280556 0.042303222992601294 0
1747636280567 0.01713262239564177 0
1747636280585 0.008701040059944529 0
1747636280594 0.0007786308221955062 0
1747636280608 0.005595273342685934 0
1747636280624 -0.00589685096230133 0
1747636280635 0.0076624910104135585 0
1747636280648 0.0039006053368460447 0
1747636280677 -0.016952052698412486 0
1747636280690 -0.002241593765860362 0
1747636280702 0.0009601878563548947 0
1747636280719 -0.0721599068400799 0
1747636280734 -0.008136642629268533 0
1747636280741 -0.012843022511673899 0
1747636280752 -0.07572308350250595 0
1747636280760 -0.006569340641856673 0
1747636280773 0.021439304366729202 0
1747636280789 -0.0018568190379960837 0
1747636280810 -0.0024051312709084797 0
1747636280836 0.0012001592123532944 0
1747636280849 0.02492788528620943 0
1747636280861 0.0058475696632989856 0
1747636280881 -0.012051750382158138 0
1747636280895 -0.05248878806626406 0
1747636280907 -0.016546284725025878 0
1747636280920 -0.03135886292512992 0
1747636280938 0.004215455676431335 0
1747636280949 0.008950776385409864 0
1747636280961 -0.0011130939703253894 0
1747636281006 0.01837001801600625 0
1747636281018 -0.001247516809403777 0
1747636281032 -0.003841897540236218 0
1747636281043 0.00968636237475093 0
1747636281062 -0.0010519545720641813 0
1747636281090 0.0047085522037067515 0
1747636281104 0.03332891360465892 0
1747636281116 0.18846089388027015 0
1747636281123 0.01998849231203898 0
1747636281147 -0.021704171245191285 0
1747636281165 0.014100997987111874 0
1747636281177 0.0014065138324313613 0
1747636281185 -0.0005469067296857795 0
1747636281197 0.030929180386128238 0
1747636281208 -0.002152844391526794 0
1747636281220 0.0 0
1747636281231 0.004895293395115346 0
1747636281263 -0.010543783398588934 0
1747636281283 0.012616825410060692 0
1747636281302 -0.021485960835750398 0
1747636281313 0.0054240211350364415 0
1747636281326 0.002742717478126105 0
1747636281342 -0.0012246011515825625 0
1747636281354 0.028416172726519386 0
1747636281364 -0.027921377221005513 0
1747636281373 0.07730049363894645 0
1747636281386 0.0023690429093178806 0
1747636281398 -0.013138681283713345 0
1747636281407 0.004520638192855012 0
1747636281419 -0.008654990547074552 0
1747636281430 0.004612904077269772 0
1747636281437 -0.011774768290673816 0
1747636281449 0.008914667459788066 0
1747636281462 0.031203163205129638 0
1747636281484 0.09885450339809765 0
1747636281496 -0.006442374190066136 0
1747636281509 -0.0196692232893207 0
1747636281521 -0.01270341545890172 0
1747636281532 -0.011027479963646733 0
1747636281544 0.03284830570631353 0
1747636281557 0.10028868884136752 0
1747636281570 0.0 0
1747636281579 -0.03743808202427934 0
1747636281590 0.04368937399034952 0
1747636281602 -0.01893935215814806 0
1747636281614 -0.0021347243457998937 0
1747636281632 -0.001279136791610005 0
1747636281649 0.04113150349247275 0
1747636281658 0.06344362348432525 0
1747636281670 0.05248878806626406 0
1747636281683 0.02327067851266877 0
1747636281707 -0.0006484147494535647 0
1747636281721 -0.05733415716896647 0
1747636281731 -0.001755607945541933 0
1747636281740 -0.00013153088293564648 0
1747636281750 0.0037318066498594144 0
1747636281762 -0.0065440561624792795 0
1747636281777 -0.0224323211216792 0
1747636281796 0.005720094768411715 0
1747636281807 0.007339303385449078 0
1747636281819 0.01956152890561706 0
1747636281831 0.011506004975688046 0
1747636281842 -0.009497125748872487 0
1747636281857 0.00464609316608326 0
1747636281870 -0.0005953299007945656 0
1747636281888 -0.0019274701910145001 0
1747636281914 1.775372962533723 0
1747636281927 0.03580228009505542 0
1747636281936 -0.0031052319898638757 0
1747636281944 0.0018346124024214384 0
1747636281956 0.0174690980254682 0
1747636281967 -0.0054685661302926935 0
1747636281987 -0.003564354651780212 0
1747636282003 0.003063307318968195 0
1747636282015 -0.0014788039655566057 0
1747636282026 -0.05636737266707591 0
1747636282041 0.05104666226055632 0
1747636282058 0.0026325413767260475 0
1747636282086 0.006473449699135847 0
1747636282104 0.0010241236873759889 0
1747636282125 -0.07709171109197194 0
1747636282136 -0.19038646608049745 0
1747636282170 0.013293933944174177 0
1747636282182 -0.043231464904539774 0
1747636282206 -0.009632043181741823 0
1747636282218 -0.003852372326030045 0
1747636282229 -0.0325256808550467 0
1747636282239 0.0043334756016065335 0
1747636282257 -0.030710885759546468 0
1747636282274 -0.014079274084076141 0
1747636282287 -0.3243666015374014 0
1747636282300 0.0333642038065999 0
1747636282313 -0.004340834249035706 0
1747636282325 0.0047783365971958815 0
1747636282341 -0.018754337684456873 0
1747636282358 0.04253885415591992 0
1747636282370 -0.0015808657872994657 0
1747636282388 0.013867483043367311 0
1747636282402 0.0032826757807421637 0
1747636282413 -0.013805615644171597 0
1747636282424 0.010136195619794274 0
1747636282436 -0.0027242711549417134 0
1747636282448 -0.005447941130911366 0
1747636282465 0.0032304845199412507 0
1747636282477 -0.0072210462777695175 0
1747636282490 0.007841725279459144 0
1747636282503 0.013805615644171597 0
1747636282515 -0.001919454194405508 0
1747636282546 0.0016399432014454584 0
1747636282558 0.0019045598546651654 0
1747636282568 -0.006387513454573694 0
1747636282579 -0.03804008174363207 0
1747636282589 0.06370883510310608 0
1747636282600 0.009366171580753173 0
1747636282623 0.009476171637275698 0
1747636282640 0.01713262239564177 0
1747636282648 -0.011774768290673816 0
1747636282668 0.013696288632703897 0
1747636282677 -0.01270341545890172 0
1747636282690 -0.0012797418490466982 0
1747636282703 -0.0011255276799950885 0
1747636282725 -0.0012508684830333798 0
1747636282741 -0.042936401807603296 0
1747636282756 0.004819461910214799 0
1747636282770 -0.015974763903846258 0
1747636282790 0.012024572765373208 0
1747636282800 0.0008203070649761872 0
1747636282833 0.005832789438304418 0
1747636282845 -0.008902751103223222 0
1747636282868 0.16145141841132474 0
1747636282879 -0.00018480111426552538 0
1747636282892 0.0054009431175035365 0
1747636282905 0.001421876012093196 0
1747636282921 -0.0005289761765876075 0
1747636282931 -0.007307083327884731 0
1747636282943 0.03546133398608137 0
1747636282956 0.15013936928711452 0
1747636282974 -0.0021409882715142385 0
1747636282996 0.01477025703729005 0
1747636283020 -0.0010271238708062626 0
1747636283032 0.009080940816063234 0
1747636283044 0.00020057053427197178 0
1747636283058 -0.00908049124145964 0
1747636283069 0.0040107205149869565 0
1747636283078 -0.0009984469724196234 0
1747636283107 0.0 0
1747636283129 0.36734985380377433 0
1747636283157 0.022263949125186522 0
1747636283180 -0.00044468611333429596 0
1747636283192 -0.018460483923603263 0
1747636283199 0.058617742576304886 0
1747636283212 0.004536288011093756 0
1747636283224 0.8665067522508777 0
1747636283242 -0.031383863839936965 0
1747636283253 -0.02545639898733196 0
1747636283264 -0.09490325488309859 0
1747636283272 -0.006871098774412028 0
1747636283282 -0.002199628235442006 0
1747636283294 0.08557384140278917 0
1747636283307 -7.797832796628792e-05 0
1747636283320 0.013554203969589812 0
1747636283356 -0.005787957700225019 0
1747636283368 -0.03852273320874637 0
1747636283379 0.0 0
1747636283395 -0.0005469067296857795 0
1747636283416 -0.004418696432355879 0
1747636283427 0.20105151544581465 0
1747636283444 0.02514903721697517 0
1747636283455 0.06414372531288888 0
1747636283465 -0.20322834612544327 0
1747636283489 -0.0026540882972120655 0
1747636283500 0.008668659694116728 0
1747636283523 0.0017277805209373759 0
1747636283538 -0.011326915174110025 0
1747636283551 -0.08280335292209116 0
1747636283566 0.004179244073609316 0
1747636283590 -0.004170387023698457 0
1747636283604 0.02753147159759061 0
1747636283628 -0.008552436880169552 0
1747636283643 -0.0008128026915884103 0
1747636283660 0.011522403054739108 0
1747636283686 0.009955751099023644 0
1747636283705 0.0002417881796428985 0
1747636283723 0.0 0
1747636283752 0.14849962468347433 0
1747636283764 -0.05024505926197697 0
1747636283782 -0.0007009892288081446 0
1747636283795 0.005754473378547792 0
1747636283807 0.021479707125583475 0
1747636283819 0.003563226066091141 0
1747636283831 0.005229516186284667 0
1747636283843 -0.014263077142104674 0
1747636283874 -0.07572308350250595 0
1747636283901 -0.00542114520657594 0
1747636283915 -0.013497296447157272 0
1747636283927 -0.006134698849809024 0
1747636283949 -0.008233300049478655 0
1747636283962 -0.0011877008314690354 0
1747636283983 -0.010930446675958194 0
1747636283995 0.012459617963738415 0
1747636284003 0.006140551787088886 0
1747636284023 0.006722685511317008 0
1747636284046 -0.00657285417214681 0
1747636284062 0.0 0
1747636284078 0.017553769374863155 0
1747636284112 -0.04093929271442644 0
1747636284125 0.03743808202427934 0
1747636284148 -0.06948601622072094 0
1747636284161 -0.008973745166377068 0
1747636284173 0.0 0
1747636284188 -0.003563226066091141 0
1747636284200 0.07586925532087073 0
1747636284212 0.024713964527398786 0
1747636284228 0.04351658020517347 0
1747636284236 0.0060131947775570165 0
1747636284248 -0.008789066838553582 0
1747636284266 0.01906496713688179 0
1747636284279 -0.0005540961500402953 0
1747636284301 0.008282983548824218 0
1747636284316 -0.0029272731949191444 0
1747636284334 0.010117483327863653 0
1747636284356 0.015704516549158047 0
1747636284374 -0.006411195868189173 0
1747636284386 0.0033462083135858455 0
1747636284414 -0.004772003660429926 0
1747636284426 -0.00410682350255653 0
1747636284437 0.00670141222083482 0
1747636284450 -0.008703197697961173 0
1747636284467 -0.0039195665922682355 0
1747636284476 1.3938509406110255 0
1747636284492 -0.0009092352984744083 0
1747636284508 -0.05841278698050391 0
1747636284516 0.016544121490206974 0
1747636284540 -0.15237561950003956 0
1747636284564 0.0068800418010509685 0
1747636284574 0.004254646903064459 0
1747636284589 -0.30765385465449924 0
1747636284602 0.02072952647732826 0
1747636284614 -0.0007747488115873782 0
1747636284628 -0.011443325030573838 0
1747636284644 -0.018443569939405373 0
1747636284655 0.1311806894668574 0
1747636284667 0.008308090161063368 0
1747636284696 -0.10780265194644102 0
1747636284713 0.0032674980746082733 0
1747636284736 -0.14302496125685688 0
1747636284748 0.006321029756644857 0
1747636284767 0.005364614402738368 0
1747636284780 0.03852273320874637 0
1747636284792 -0.0013900903099378409 0
1747636284811 0.005736303010233698 0
1747636284820 0.004865011330543952 0
1747636284832 0.004008906880698821 0
1747636284855 0.0006843583408659811 0
1747636284866 0.8115583223991392 0
1747636284877 -0.005234075827697807 0
1747636284900 0.002661151227532513 0
1747636284912 -0.015091772616971581 0
1747636284930 0.0018759772125760419 0
1747636284942 0.004105584869588558 0
1747636284967 0.05515324217096441 0
1747636284982 -0.012346930999228947 0
1747636284994 0.008004806719650134 0
1747636285010 0.00724595903655335 0
1747636285021 0.004638707009793702 0
1747636285037 -0.02872337336375469 0
