1747636247162 1.2113613307874387 0
1747636247186 0.0 0
1747636247197 inf 0
1747636247214 0.0 0
1747636247226 0.0 0
1747636247238 0.0 0
1747636247248 0.0 0
1747636247264 0.0 0
1747636247275 inf 0
1747636247286 inf 0
1747636247307 inf 0
1747636247318 inf 0
1747636247326 0.0 0
1747636247342 inf 0
1747636247353 0.0 0
1747636247360 0.0 0
1747636247391 0.0 0
1747636247420 inf 0
1747636247450 0.0 0
1747636247461 inf 0
1747636247472 0.0 0
1747636247481 0.0 0
1747636247498 0.0 0
1747636247512 0.0 0
1747636247522 0.0 0
1747636247530 inf 0
1747636247539 inf 0
1747636247547 inf 0
1747636247569 0.0 0
1747636247587 0.0 0
1747636247598 inf 0
1747636247610 inf 0
1747636247621 inf 0
1747636247632 inf 0
1747636247642 inf 0
1747636247653 0.0 0
1747636247664 0.0 0
1747636247680 inf 0
1747636247688 0.0 0
1747636247697 inf 0
1747636247705 0.0 0
1747636247712 inf 0
1747636247733 0.0 0
1747636247746 0.0 0
1747636247757 inf 0
1747636247771 0.0 0
1747636247786 0.0 0
1747636247810 inf 0
1747636247821 inf 0
1747636247835 inf 0
1747636247850 inf 0
1747636247873 0.0 0
1747636247885 0.0 0
1747636247902 0.0 0
1747636247913 0.0 0
1747636247925 inf 0
1747636247945 0.0 0
1747636247964 inf 0
1747636248023 inf 0
1747636248036 0.0 0
1747636248045 0.0 0
1747636248053 0.0 0
1747636248066 0.0 0
1747636248076 0.0 0
1747636248089 inf 0
1747636248098 0.0 0
1747636248110 0.0 0
1747636248118 0.0 0
1747636248146 inf 0
1747636248157 inf 0
1747636248167 0.0 0
1747636248180 0.0 0
1747636248201 inf 0
1747636248224 inf 0
1747636248237 0.0 0
1747636248249 0.0 0
1747636248261 inf 0
1747636248275 0.0 0
1747636248296 inf 0
1747636248307 0.0 0
1747636248327 0.0 0
1747636248357 0.0 0
1747636248369 0.0 0
1747636248380 0.0 0
1747636248392 0.0 0
1747636248404 inf 0
1747636248439 0.0 0
1747636248448 0.0 0
1747636248462 inf 0
1747636248473 0.0 0
1747636248484 0.0 0
1747636248495 0.0 0
1747636248506 inf 0
1747636248517 0.0 0
1747636248527 inf 0
1747636248539 inf 0
1747636248556 0.0 0
1747636248567 inf 0
1747636248578 0.0 0
1747636248589 inf 0
1747636248600 inf 0
1747636248610 0.0 0
1747636248621 inf 0
1747636248632 inf 0
1747636248644 0.0 0
1747636248653 inf 0
1747636248669 0.0 0
1747636248680 0.0 0
1747636248697 inf 0
1747636248708 inf 0
1747636248725 0.0 0
1747636248744 inf 0
1747636248754 inf 0
1747636248766 inf 0
1747636248776 inf 0
1747636248787 0.0 0
1747636248795 0.0 0
1747636248811 inf 0
1747636248826 0.0 0
1747636248839 inf 0
1747636248865 0.0 0
1747636248876 inf 0
1747636248886 0.0 0
1747636248901 0.0 0
1747636248909 0.0 0
1747636248921 0.0 0
1747636248930 0.0 0
1747636248939 inf 0
1747636248947 0.0 0
1747636248958 inf 0
1747636248973 inf 0
1747636248984 inf 0
1747636248995 0.0 0
1747636249007 0.0 0
1747636249018 0.0 0
1747636249029 inf 0
1747636249042 inf 0
1747636249069 inf 0
1747636249080 0.0 0
1747636249091 0.0 0
1747636249105 inf 0
1747636249116 0.0 0
1747636249130 0.0 0
1747636249141 inf 0
1747636249152 0.0 0
1747636249164 inf 0
1747636249183 inf 0
1747636249194 inf 0
1747636249223 inf 0
1747636249234 0.0 0
1747636249247 0.0 0
1747636249260 0.0 0
1747636249270 0.0 0
1747636249302 0.0 0
1747636249317 0.0 0
1747636249326 inf 0
1747636249337 0.0 0
1747636249347 0.0 0
1747636249357 0.0 0
1747636249365 inf 0
1747636249377 0.0 0
1747636249398 0.0 0
1747636249410 inf 0
1747636249419 0.0 0
1747636249435 0.0 0
1747636249447 inf 0
1747636249459 0.0 0
1747636249471 inf 0
1747636249481 inf 0
1747636249493 0.0 0
1747636249507 0.0 0
1747636249518 0.0 0
1747636249531 0.0 0
1747636249550 0.0 0
1747636249560 0.0 0
1747636249568 0.0 0
1747636249589 0.0 0
1747636249600 inf 0
1747636249625 inf 0
1747636249639 0.0 0
1747636249670 inf 0
1747636249686 inf 0
1747636249707 0.0 0
1747636249718 0.0 0
1747636249729 0.0 0
1747636249740 0.0 0
1747636249754 inf 0
1747636249763 0.0 0
1747636249779 0.0 0
1747636249806 inf 0
1747636249819 inf 0
1747636249830 inf 0
1747636249844 inf 0
1747636249854 0.0 0
1747636249878 0.0 0
1747636249890 0.0 0
1747636249900 0.0 0
1747636249911 inf 0
1747636249927 0.0 0
1747636249935 0.0 0
1747636249943 inf 0
1747636249956 inf 0
1747636249967 inf 0
1747636249978 0.0 0
1747636249987 0.0 0
1747636249999 0.0 0
1747636250010 inf 0
1747636250027 inf 0
1747636250038 inf 0
1747636250049 inf 0
1747636250062 inf 0
1747636250075 0.0 0
1747636250092 inf 0
1747636250102 0.0 0
1747636250118 inf 0
1747636250129 inf 0
1747636250141 inf 0
1747636250153 0.0 0
1747636250160 inf 0
1747636250174 inf 0
1747636250185 0.0 0
1747636250195 0.0 0
1747636250202 0.0 0
1747636250213 inf 0
1747636250223 0.0 0
1747636250245 inf 0
1747636250262 0.0 0
1747636250273 inf 0
1747636250286 inf 0
1747636250294 inf 0
1747636250302 inf 0
1747636250315 inf 0
1747636250325 inf 0
1747636250337 0.0 0
1747636250347 0.0 0
1747636250358 0.0 0
1747636250373 inf 0
1747636250389 inf 0
1747636250399 inf 0
1747636250411 0.0 0
1747636250422 inf 0
1747636250433 0.0 0
1747636250444 inf 0
1747636250455 0.0 0
1747636250466 inf 0
1747636250484 inf 0
1747636250503 0.0 0
1747636250514 inf 0
1747636250525 inf 0
1747636250536 inf 0
1747636250547 inf 0
1747636250558 inf 0
1747636250568 0.0 0
1747636250583 0.0 0
1747636250594 inf 0
1747636250610 0.0 0
1747636250621 inf 0
1747636250635 inf 0
1747636250645 0.0 0
1747636250654 inf 0
1747636250670 inf 0
1747636250678 inf 0
1747636250690 inf 0
1747636250702 0.0 0
1747636250710 0.0 0
1747636250742 inf 0
1747636250753 0.0 0
1747636250781 0.0 0
1747636250792 0.0 0
1747636250801 inf 0
1747636250812 inf 0
1747636250822 inf 0
1747636250831 inf 0
1747636250842 inf 0
1747636250858 inf 0
1747636250869 inf 0
1747636250887 0.0 0
1747636250903 inf 0
1747636250914 0.0 0
1747636250923 inf 0
1747636250934 inf 0
1747636250972 inf 0
1747636250984 inf 0
1747636250994 inf 0
1747636251005 0.0 0
1747636251039 inf 0
1747636251055 0.0 0
1747636251077 0.0 0
1747636251089 inf 0
1747636251112 0.0 0
1747636251120 inf 0
1747636251127 inf 0
1747636251148 0.0 0
1747636251160 0.0 0
1747636251169 0.0 0
1747636251181 0.0 0
1747636251200 inf 0
1747636251216 0.0 0
1747636251231 0.0 0
1747636251239 0.0 0
1747636251250 inf 0
1747636251262 inf 0
1747636251274 inf 0
1747636251285 0.0 0
1747636251302 0.0 0
1747636251318 0.0 0
1747636251330 0.0 0
1747636251341 inf 0
1747636251352 0.0 0
1747636251360 inf 0
1747636251372 0.0 0
1747636251384 inf 0
1747636251393 0.0 0
1747636251409 0.0 0
1747636251419 0.0 0
1747636251431 0.0 0
1747636251445 inf 0
1747636251456 0.0 0
1747636251471 inf 0
1747636251482 inf 0
1747636251498 0.0 0
1747636251510 inf 0
1747636251531 0.0 0
1747636251543 inf 0
1747636251554 0.0 0
1747636251567 0.0 0
1747636251579 inf 0
1747636251588 inf 0
1747636251605 0.0 0
1747636251628 inf 0
1747636251639 0.0 0
1747636251650 0.0 0
1747636251660 0.0 0
1747636251673 0.0 0
1747636251682 0.0 0
1747636251690 0.0 0
1747636251733 0.0 0
1747636251750 0.0 0
1747636251759 inf 0
1747636251771 inf 0
1747636251786 0.0 0
1747636251800 0.0 0
1747636251817 inf 0
1747636251828 inf 0
1747636251838 inf 0
1747636251850 0.0 0
1747636251861 inf 0
1747636251872 inf 0
1747636251883 inf 0
1747636251894 inf 0
1747636251902 inf 0
1747636251911 0.0 0
1747636251930 inf 0
1747636251940 0.0 0
1747636251948 inf 0
1747636251959 inf 0
1747636251972 0.0 0
1747636251983 inf 0
1747636251992 0.0 0
1747636252001 inf 0
1747636252012 0.0 0
1747636252022 inf 0
1747636252031 0.0 0
1747636252040 0.0 0
1747636252057 inf 0
1747636252067 inf 0
1747636252077 inf 0
1747636252092 inf 0
1747636252108 inf 0
1747636252120 inf 0
1747636252143 inf 0
1747636252152 inf 0
1747636252164 inf 0
1747636252173 0.0 0
1747636252190 0.0 0
1747636252202 0.0 0
1747636252213 0.0 0
1747636252224 inf 0
1747636252236 0.0 0
1747636252247 0.0 0
1747636252255 0.0 0
1747636252262 0.0 0
1747636252272 inf 0
1747636252286 inf 0
1747636252303 0.0 0
1747636252314 0.0 0
1747636252329 0.0 0
1747636252352 inf 0
1747636252369 inf 0
1747636252380 0.0 0
1747636252389 inf 0
1747636252399 inf 0
1747636252417 0.0 0
1747636252428 0.0 0
1747636252439 inf 0
1747636252461 0.0 0
1747636252481 0.0 0
1747636252495 inf 0
1747636252504 0.0 0
1747636252521 0.0 0
1747636252545 0.0 0
1747636252565 inf 0
1747636252577 inf 0
1747636252589 inf 0
1747636252598 inf 0
1747636252611 0.0 0
1747636252638 inf 0
1747636252650 inf 0
1747636252661 inf 0
1747636252673 0.0 0
1747636252682 inf 0
1747636252693 inf 0
1747636252704 0.0 0
1747636252716 inf 0
1747636252727 0.0 0
1747636252737 0.0 0
1747636252749 inf 0
1747636252760 inf 0
1747636252772 inf 0
1747636252786 inf 0
1747636252796 inf 0
1747636252808 0.0 0
1747636252818 inf 0
1747636252827 inf 0
1747636252836 inf 0
1747636252862 0.0 0
1747636252874 0.0 0
1747636252889 inf 0
1747636252898 0.0 0
1747636252906 0.0 0
1747636252914 inf 0
1747636252925 inf 0
1747636252938 inf 0
1747636252948 0.0 0
1747636252960 0.0 0
1747636252971 inf 0
1747636252986 inf 0
1747636252997 0.0 0
1747636253006 0.0 0
1747636253018 inf 0
1747636253027 inf 0
1747636253038 inf 0
1747636253051 0.0 0
1747636253062 inf 0
1747636253073 inf 0
1747636253084 0.0 0
1747636253097 0.0 0
1747636253109 inf 0
1747636253122 inf 0
1747636253131 inf 0
1747636253146 inf 0
1747636253161 0.0 0
1747636253174 inf 0
1747636253188 inf 0
1747636253198 inf 0
1747636253221 inf 0
1747636253237 0.0 0
1747636253254 0.0 0
1747636253266 inf 0
1747636253288 0.0 0
1747636253302 0.0 0
1747636253316 inf 0
1747636253329 inf 0
1747636253341 0.0 0
1747636253356 inf 0
1747636253377 0.0 0
1747636253389 0.0 0
1747636253402 inf 0
1747636253418 inf 0
1747636253430 inf 0
1747636253443 inf 0
1747636253454 0.0 0
1747636253461 inf 0
1747636253477 inf 0
1747636253488 inf 0
1747636253502 0.0 0
1747636253523 0.0 0
1747636253538 0.0 0
1747636253555 0.0 0
1747636253572 inf 0
1747636253588 0.0 0
1747636253597 inf 0
1747636253614 0.0 0
1747636253624 inf 0
1747636253635 0.0 0
1747636253646 inf 0
1747636253655 0.0 0
1747636253666 inf 0
1747636253678 0.0 0
1747636253690 inf 0
1747636253700 inf 0
1747636253713 inf 0
1747636253721 0.0 0
1747636253732 0.0 0
1747636253742 0.0 0
1747636253754 inf 0
1747636253772 inf 0
1747636253785 inf 0
1747636253796 inf 0
1747636253807 inf 0
1747636253819 inf 0
1747636253830 inf 0
1747636253845 inf 0
1747636253861 inf 0
1747636253872 inf 0
1747636253883 inf 0
1747636253892 0.0 0
1747636253903 0.0 0
1747636253911 0.0 0
1747636253922 inf 0
1747636253933 0.0 0
1747636253944 inf 0
1747636253957 0.0 0
1747636253979 0.0 0
1747636253998 inf 0
1747636254016 inf 0
1747636254037 0.0 0
1747636254048 0.0 0
1747636254067 inf 0
1747636254080 inf 0
1747636254094 inf 0
1747636254109 inf 0
1747636254118 inf 0
1747636254135 inf 0
1747636254148 inf 0
1747636254159 0.0 0
1747636254172 0.0 0
1747636254190 0.0 0
1747636254202 inf 0
1747636254213 inf 0
1747636254223 0.0 0
1747636254235 0.0 0
1747636254244 inf 0
1747636254254 0.0 0
1747636254267 inf 0
1747636254278 0.0 0
1747636254300 inf 0
1747636254310 inf 0
1747636254327 0.0 0
1747636254343 0.0 0
1747636254361 inf 0
1747636254377 0.0 0
1747636254389 0.0 0
1747636254407 inf 0
1747636254419 inf 0
1747636254440 0.0 0
1747636254451 inf 0
1747636254463 inf 0
1747636254474 0.0 0
1747636254490 inf 0
1747636254501 0.0 0
1747636254516 inf 0
1747636254532 inf 0
1747636254546 inf 0
1747636254555 0.0 0
1747636254564 inf 0
1747636254575 inf 0
1747636254588 inf 0
1747636254600 0.0 0
1747636254612 0.0 0
1747636254621 0.0 0
1747636254632 inf 0
1747636254642 inf 0
1747636254666 inf 0
1747636254677 inf 0
1747636254694 0.0 0
1747636254704 0.0 0
1747636254721 0.0 0
1747636254738 0.0 0
1747636254749 inf 0
1747636254760 inf 0
1747636254775 inf 0
1747636254785 inf 0
1747636254797 0.0 0
1747636254812 0.0 0
1747636254823 inf 0
1747636254840 inf 0
1747636254851 inf 0
1747636254860 0.0 0
1747636254871 inf 0
1747636254886 0.0 0
1747636254894 0.0 0
1747636254908 inf 0
1747636254922 inf 0
1747636254935 0.0 0
1747636254945 0.0 0
1747636254957 0.0 0
1747636254968 0.0 0
1747636254979 inf 0
1747636254996 0.0 0
1747636255015 inf 0
1747636255033 0.0 0
1747636255047 0.0 0
1747636255059 0.0 0
1747636255070 inf 0
1747636255082 0.0 0
1747636255093 0.0 0
1747636255104 0.0 0
1747636255116 0.0 0
1747636255127 inf 0
1747636255138 0.0 0
1747636255168 0.0 0
1747636255180 inf 0
1747636255221 0.0 0
1747636255249 0.0 0
1747636255266 inf 0
1747636255283 0.0 0
1747636255294 inf 0
1747636255306 inf 0
1747636255317 inf 0
1747636255329 inf 0
1747636255340 0.0 0
1747636255352 0.0 0
1747636255364 inf 0
1747636255375 inf 0
1747636255398 inf 0
1747636255409 inf 0
1747636255421 inf 0
1747636255433 inf 0
1747636255451 0.0 0
1747636255468 inf 0
1747636255478 inf 0
1747636255501 inf 0
1747636255515 inf 0
1747636255536 0.0 0
1747636255549 0.0 0
1747636255570 0.0 0
1747636255584 0.0 0
1747636255595 0.0 0
1747636255607 0.0 0
1747636255624 0.0 0
1747636255640 inf 0
1747636255651 inf 0
1747636255662 inf 0
1747636255684 0.0 0
1747636255695 inf 0
1747636255706 0.0 0
1747636255722 inf 0
1747636255733 inf 0
1747636255744 inf 0
1747636255759 inf 0
1747636255776 inf 0
1747636255786 0.0 0
1747636255797 0.0 0
1747636255809 inf 0
1747636255822 0.0 0
1747636255833 inf 0
1747636255844 inf 0
1747636255854 0.0 0
1747636255865 0.0 0
1747636255876 0.0 0
1747636255892 inf 0
1747636255903 0.0 0
1747636255935 inf 0
1747636255946 0.0 0
1747636255956 inf 0
1747636255967 inf 0
1747636255982 0.0 0
1747636255993 inf 0
1747636256005 inf 0
1747636256017 inf 0
1747636256029 0.0 0
1747636256040 0.0 0
1747636256051 inf 0
1747636256063 inf 0
1747636256076 inf 0
1747636256093 inf 0
1747636256103 inf 0
1747636256120 0.0 0
1747636256131 inf 0
1747636256147 0.0 0
1747636256160 inf 0
1747636256169 0.0 0
1747636256180 0.0 0
1747636256192 0.0 0
1747636256203 0.0 0
1747636256214 inf 0
1747636256250 0.0 0
1747636256271 0.0 0
1747636256282 inf 0
1747636256294 0.0 0
1747636256316 0.0 0
1747636256332 inf 0
1747636256348 inf 0
1747636256356 inf 0
1747636256372 inf 0
1747636256383 0.0 0
1747636256395 0.0 0
1747636256406 0.0 0
1747636256417 0.0 0
1747636256446 0.0 0
1747636256473 0.0 0
1747636256486 inf 0
1747636256497 0.0 0
1747636256506 inf 0
1747636256517 0.0 0
1747636256528 0.0 0
1747636256539 0.0 0
1747636256551 inf 0
1747636256571 0.0 0
1747636256582 0.0 0
1747636256593 0.0 0
1747636256606 inf 0
1747636256617 inf 0
1747636256626 0.0 0
1747636256644 0.0 0
1747636256665 0.0 0
1747636256676 inf 0
1747636256692 inf 0
1747636256702 inf 0
1747636256713 inf 0
1747636256724 0.0 0
1747636256735 0.0 0
1747636256746 0.0 0
1747636256768 0.0 0
1747636256809 0.0 0
1747636256831 0.0 0
1747636256851 inf 0
1747636256862 inf 0
1747636256880 inf 0
1747636256891 0.0 0
1747636256903 0.0 0
1747636256920 inf 0
1747636256937 0.0 0
1747636256948 inf 0
1747636256959 inf 0
1747636256975 inf 0
1747636256991 inf 0
1747636257002 inf 0
1747636257013 0.0 0
1747636257029 0.0 0
1747636257042 0.0 0
1747636257059 inf 0
1747636257070 inf 0
1747636257092 inf 0
1747636257103 0.0 0
1747636257120 0.0 0
1747636257130 inf 0
1747636257147 inf 0
1747636257158 inf 0
1747636257169 inf 0
1747636257180 0.0 0
1747636257191 0.0 0
1747636257213 0.0 0
1747636257228 inf 0
1747636257240 inf 0
1747636257252 0.0 0
1747636257271 inf 0
1747636257282 0.0 0
1747636257293 0.0 0
1747636257304 0.0 0
1747636257321 0.0 0
1747636257332 inf 0
1747636257344 inf 0
1747636257360 inf 0
1747636257369 inf 0
1747636257379 0.0 0
1747636257390 inf 0
1747636257401 0.0 0
1747636257418 0.0 0
1747636257429 0.0 0
1747636257440 inf 0
1747636257453 inf 0
1747636257480 inf 0
1747636257495 inf 0
1747636257507 0.0 0
1747636257519 inf 0
1747636257527 0.0 0
1747636257538 0.0 0
1747636257549 inf 0
1747636257561 inf 0
1747636257573 inf 0
1747636257581 0.0 0
1747636257598 0.0 0
1747636257609 inf 0
1747636257620 0.0 0
1747636257628 0.0 0
1747636257642 inf 0
1747636257656 inf 0
1747636257674 0.0 0
1747636257685 0.0 0
1747636257700 0.0 0
1747636257714 inf 0
1747636257731 0.0 0
1747636257742 inf 0
1747636257751 inf 0
1747636257764 inf 0
1747636257772 inf 0
1747636257783 inf 0
1747636257795 0.0 0
1747636257810 inf 0
1747636257822 inf 0
1747636257836 0.0 0
1747636257851 0.0 0
1747636257863 inf 0
1747636257875 0.0 0
1747636257893 inf 0
1747636257902 0.0 0
1747636257913 inf 0
1747636257928 inf 0
1747636257954 inf 0
1747636257967 inf 0
1747636257976 inf 0
1747636257985 0.0 0
1747636257995 0.0 0
1747636258005 0.0 0
1747636258016 0.0 0
1747636258027 0.0 0
1747636258037 0.0 0
1747636258052 inf 0
1747636258064 inf 0
1747636258083 0.0 0
1747636258094 inf 0
1747636258104 0.0 0
1747636258115 0.0 0
1747636258128 0.0 0
1747636258140 inf 0
1747636258147 0.0 0
1747636258156 inf 0
1747636258172 0.0 0
1747636258186 inf 0
1747636258195 0.0 0
1747636258205 0.0 0
1747636258215 0.0 0
1747636258226 0.0 0
1747636258236 inf 0
1747636258244 inf 0
1747636258255 inf 0
1747636259383 0.0 0
1747636259400 inf 0
1747636259413 0.0 0
1747636259429 0.0 0
1747636259445 inf 0
1747636259464 0.0 0
1747636259478 inf 0
1747636259494 0.0 0
1747636259512 inf 0
1747636259534 0.0 0
1747636259550 inf 0
1747636259573 0.0 0
1747636259588 0.0 0
1747636259609 0.0 0
1747636259618 inf 0
1747636259632 0.0 0
1747636259647 0.0 0
1747636259662 0.0 0
1747636259680 inf 0
1747636259694 0.0 0
1747636259705 inf 0
1747636259713 0.0 0
1747636259725 inf 0
1747636259736 inf 0
1747636259744 0.0 0
1747636259755 0.0 0
1747636259771 inf 0
1747636259797 0.0 0
1747636259818 0.0 0
1747636259827 inf 0
1747636259839 inf 0
1747636259853 0.0 0
1747636259864 inf 0
1747636259875 inf 0
1747636259886 0.0 0
1747636259908 inf 0
1747636259918 0.0 0
1747636259933 0.0 0
1747636259943 0.0 0
1747636259957 0.0 0
1747636259976 inf 0
1747636259989 inf 0
1747636260001 inf 0
1747636260013 inf 0
1747636260030 inf 0
1747636260041 0.0 0
1747636260052 0.0 0
1747636260069 inf 0
1747636260080 inf 0
1747636260091 inf 0
1747636260102 inf 0
1747636260113 0.0 0
1747636260127 inf 0
1747636260138 inf 0
1747636260150 inf 0
1747636260161 0.0 0
1747636260187 inf 0
1747636260200 inf 0
1747636260216 inf 0
1747636260229 inf 0
1747636260240 inf 0
1747636260251 inf 0
1747636260262 0.0 0
1747636260274 inf 0
1747636260281 0.0 0
1747636260302 0.0 0
1747636260313 inf 0
1747636260324 inf 0
1747636260336 0.0 0
1747636260346 0.0 0
1747636260357 0.0 0
1747636260368 0.0 0
1747636260376 inf 0
1747636260385 inf 0
1747636260393 0.0 0
1747636260406 inf 0
1747636260429 inf 0
1747636260440 inf 0
1747636260452 inf 0
1747636260459 inf 0
1747636260471 0.0 0
1747636260481 0.0 0
1747636260490 inf 0
1747636260506 inf 0
1747636260527 0.0 0
1747636260536 inf 0
1747636260547 inf 0
1747636260560 inf 0
1747636260570 inf 0
1747636260581 0.0 0
1747636260592 inf 0
1747636260604 inf 0
1747636260616 0.0 0
1747636260633 inf 0
1747636260642 inf 0
1747636260651 inf 0
1747636260662 0.0 0
1747636260673 inf 0
1747636260680 inf 0
1747636260694 inf 0
1747636260705 inf 0
1747636260717 inf 0
1747636260728 0.0 0
1747636260744 inf 0
1747636260762 inf 0
1747636260778 inf 0
1747636260794 0.0 0
1747636260827 inf 0
1747636260839 0.0 0
1747636260849 inf 0
1747636260876 0.0 0
1747636260886 inf 0
1747636260898 inf 0
1747636260909 inf 0
1747636260920 inf 0
1747636260930 inf 0
1747636260938 inf 0
1747636260958 0.0 0
1747636260970 0.0 0
1747636260986 inf 0
1747636261014 0.0 0
1747636261026 0.0 0
1747636261045 0.0 0
1747636261057 0.0 0
1747636261071 inf 0
1747636261081 inf 0
1747636261090 0.0 0
1747636261117 0.0 0
1747636261128 inf 0
1747636261144 inf 0
1747636261155 0.0 0
1747636261167 0.0 0
1747636261178 inf 0
1747636261195 inf 0
1747636261205 0.0 0
1747636261218 inf 0
1747636261240 inf 0
1747636261252 inf 0
1747636261264 0.0 0
1747636261278 0.0 0
1747636261288 0.0 0
1747636261296 0.0 0
1747636261316 0.0 0
1747636261327 inf 0
1747636261338 inf 0
1747636261347 inf 0
1747636261355 0.0 0
1747636261367 inf 0
1747636261378 inf 0
1747636261385 0.0 0
1747636261397 0.0 0
1747636261404 0.0 0
1747636261415 inf 0
1747636261427 0.0 0
1747636261457 inf 0
1747636261469 inf 0
1747636261481 inf 0
1747636261498 0.0 0
1747636261509 0.0 0
1747636261521 inf 0
1747636261528 inf 0
1747636261543 0.0 0
1747636261558 inf 0
1747636261568 inf 0
1747636261580 inf 0
1747636261591 inf 0
1747636261607 0.0 0
1747636261618 inf 0
1747636261641 inf 0
1747636261652 0.0 0
1747636261670 inf 0
1747636261682 inf 0
1747636261700 0.0 0
1747636261715 inf 0
1747636261722 inf 0
1747636261739 0.0 0
1747636261746 0.0 0
1747636261755 inf 0
1747636261766 0.0 0
1747636261779 inf 0
1747636261786 inf 0
1747636261797 0.0 0
1747636261806 0.0 0
1747636261822 0.0 0
1747636261834 inf 0
1747636261858 0.0 0
1747636261868 0.0 0
1747636261884 0.0 0
1747636261894 inf 0
1747636261909 0.0 0
1747636261920 inf 0
1747636261932 0.0 0
1747636261942 0.0 0
1747636261953 inf 0
1747636261970 inf 0
1747636261983 inf 0
1747636262007 0.0 0
1747636262019 inf 0
1747636262040 0.0 0
1747636262061 inf 0
1747636262074 inf 0
1747636262092 0.0 0
1747636262104 0.0 0
1747636262122 inf 0
1747636262146 0.0 0
1747636262162 0.0 0
1747636262174 0.0 0
1747636262193 0.0 0
1747636262216 inf 0
1747636262237 0.0 0
1747636262253 inf 0
1747636262282 0.0 0
1747636262295 0.0 0
1747636262314 inf 0
1747636262323 inf 0
1747636262335 0.0 0
1747636262348 inf 0
1747636262369 0.0 0
1747636262380 inf 0
1747636262388 0.0 0
1747636262405 0.0 0
1747636262412 inf 0
1747636262423 inf 0
1747636262434 0.0 0
1747636262445 0.0 0
1747636262482 0.0 0
1747636262494 0.0 0
1747636262509 inf 0
1747636262529 0.0 0
1747636262539 0.0 0
1747636262549 inf 0
1747636262561 0.0 0
1747636262572 0.0 0
1747636262588 inf 0
1747636262599 inf 0
1747636262609 0.0 0
1747636262618 inf 0
1747636262629 inf 0
1747636262642 inf 0
1747636262650 0.0 0
1747636262663 inf 0
1747636262684 0.0 0
1747636262696 inf 0
1747636262707 0.0 0
1747636262720 0.0 0
1747636262731 0.0 0
1747636262742 0.0 0
1747636262751 0.0 0
1747636262762 0.0 0
1747636262771 inf 0
1747636262783 0.0 0
1747636262793 0.0 0
1747636262801 0.0 0
1747636262813 inf 0
1747636262827 0.0 0
1747636262842 0.0 0
1747636262851 inf 0
1747636262873 inf 0
1747636262886 0.0 0
1747636262897 0.0 0
1747636262908 0.0 0
1747636262920 0.0 0
1747636262931 inf 0
1747636262942 inf 0
1747636262959 inf 0
1747636262968 inf 0
1747636262991 0.0 0
1747636263011 inf 0
1747636263031 0.0 0
1747636263042 inf 0
1747636263055 0.0 0
1747636263067 0.0 0
1747636263084 inf 0
1747636263099 0.0 0
1747636263109 inf 0
1747636263121 0.0 0
1747636263136 inf 0
1747636263149 0.0 0
1747636263160 inf 0
1747636263172 0.0 0
1747636263185 inf 0
1747636263196 0.0 0
1747636263204 0.0 0
1747636263212 inf 0
1747636263228 0.0 0
1747636263241 inf 0
1747636263249 0.0 0
1747636263259 inf 0
1747636263277 inf 0
1747636263294 inf 0
1747636263310 inf 0
1747636263349 0.0 0
1747636263361 inf 0
1747636263372 inf 0
1747636263384 inf 0
1747636263402 0.0 0
1747636263417 inf 0
1747636263426 0.0 0
1747636263452 0.0 0
1747636263468 inf 0
1747636263482 inf 0
1747636263495 inf 0
1747636263522 inf 0
1747636263533 inf 0
1747636263544 inf 0
1747636263552 inf 0
1747636263560 inf 0
1747636263572 inf 0
1747636263584 0.0 0
1747636263594 inf 0
1747636263605 0.0 0
1747636263614 0.0 0
1747636263625 inf 0
1747636263642 0.0 0
1747636263653 0.0 0
1747636263661 inf 0
1747636263672 inf 0
1747636263683 0.0 0
1747636263696 inf 0
1747636263707 inf 0
1747636263718 0.0 0
1747636263726 inf 0
1747636263738 0.0 0
1747636263754 inf 0
1747636263769 0.0 0
1747636263786 0.0 0
1747636263797 0.0 0
1747636263814 inf 0
1747636263824 inf 0
1747636263840 inf 0
1747636263856 inf 0
1747636263867 0.0 0
1747636263885 0.0 0
1747636263896 inf 0
1747636263908 inf 0
1747636263918 inf 0
1747636263929 0.0 0
1747636263941 inf 0
1747636263960 0.0 0
1747636263969 inf 0
1747636263979 0.0 0
1747636263991 0.0 0
1747636264000 0.0 0
1747636264009 0.0 0
1747636264021 0.0 0
1747636264028 inf 0
1747636264036 inf 0
1747636264045 0.0 0
1747636264052 0.0 0
1747636264060 inf 0
1747636264077 0.0 0
1747636264093 0.0 0
1747636264105 0.0 0
1747636264123 inf 0
1747636264131 inf 0
1747636264144 inf 0
1747636264153 0.0 0
1747636264165 0.0 0
1747636264177 0.0 0
1747636264188 inf 0
1747636264203 inf 0
1747636264220 inf 0
1747636264231 0.0 0
1747636264239 0.0 0
1747636264250 0.0 0
1747636264260 0.0 0
1747636264268 0.0 0
1747636264277 0.0 0
1747636264288 0.0 0
1747636264297 0.0 0
1747636264306 0.0 0
1747636264322 0.0 0
1747636264331 inf 0
1747636264346 inf 0
1747636264357 inf 0
1747636264368 0.0 0
1747636264379 inf 0
1747636264389 0.0 0
1747636264398 inf 0
1747636264406 inf 0
1747636264417 inf 0
1747636264434 inf 0
1747636264448 inf 0
1747636264456 0.0 0
1747636264464 0.0 0
1747636264479 0.0 0
1747636264501 0.0 0
1747636264514 0.0 0
1747636264531 0.0 0
1747636264542 0.0 0
1747636264559 0.0 0
1747636264572 0.0 0
1747636264586 0.0 0
1747636264599 inf 0
1747636264614 0.0 0
1747636264628 inf 0
1747636264640 inf 0
1747636264670 0.0 0
1747636264683 0.0 0
1747636264701 0.0 0
1747636264717 inf 0
1747636264733 inf 0
1747636264746 inf 0
1747636264759 0.0 0
1747636264774 inf 0
1747636264788 inf 0
1747636264799 inf 0
1747636264811 inf 0
1747636264823 0.0 0
1747636264834 0.0 0
1747636264847 0.0 0
1747636264859 0.0 0
1747636264870 inf 0
1747636264887 0.0 0
1747636264898 inf 0
1747636264951 inf 0
1747636264984 inf 0
1747636264998 0.0 0
1747636265010 0.0 0
1747636265021 inf 0
1747636265038 inf 0
1747636265054 inf 0
1747636265069 0.0 0
1747636265082 0.0 0
1747636265090 inf 0
1747636265123 0.0 0
1747636265145 inf 0
1747636265157 0.0 0
1747636265171 0.0 0
1747636265181 inf 0
1747636265195 0.0 0
1747636265204 0.0 0
1747636265215 0.0 0
1747636265225 inf 0
1747636265238 0.0 0
1747636265250 0.0 0
1747636265271 inf 0
1747636265284 inf 0
1747636265301 inf 0
1747636265312 0.0 0
1747636265331 0.0 0
1747636265345 0.0 0
1747636265358 inf 0
1747636265372 inf 0
1747636265385 inf 0
1747636265393 inf 0
1747636265403 0.0 0
1747636265412 inf 0
1747636265435 inf 0
1747636265452 0.0 0
1747636265463 0.0 0
1747636265478 inf 0
1747636265495 inf 0
1747636265504 0.0 0
1747636265520 inf 0
1747636265538 0.0 0
1747636265563 inf 0
1747636265574 0.0 0
1747636265585 0.0 0
1747636265602 0.0 0
1747636265613 0.0 0
1747636265624 inf 0
1747636265635 inf 0
1747636265651 inf 0
1747636265662 inf 0
1747636265676 inf 0
1747636265686 0.0 0
1747636265697 inf 0
1747636265707 0.0 0
1747636265717 0.0 0
1747636265732 inf 0
1747636265744 inf 0
1747636265763 0.0 0
1747636265781 inf 0
1747636265792 0.0 0
1747636265811 0.0 0
1747636265823 0.0 0
1747636265854 0.0 0
1747636265879 inf 0
1747636265890 inf 0
1747636265901 inf 0
1747636265917 0.0 0
1747636265933 inf 0
1747636265947 inf 0
1747636265959 0.0 0
1747636265982 inf 0
1747636266003 inf 0
1747636266015 inf 0
1747636266032 inf 0
1747636266043 0.0 0
1747636266060 inf 0
1747636266077 0.0 0
1747636266088 0.0 0
1747636266096 0.0 0
1747636266107 0.0 0
1747636266123 inf 0
1747636266146 inf 0
1747636266158 inf 0
1747636266173 inf 0
1747636266193 inf 0
1747636266228 inf 0
1747636266240 inf 0
1747636266250 0.0 0
1747636266262 inf 0
1747636266277 0.0 0
1747636266292 inf 0
1747636266310 0.0 0
1747636266330 0.0 0
1747636266341 0.0 0
1747636266354 0.0 0
1747636266366 inf 0
1747636266378 0.0 0
1747636266388 0.0 0
1747636266400 0.0 0
1747636266411 0.0 0
1747636266418 0.0 0
1747636266427 0.0 0
1747636266439 0.0 0
1747636266455 inf 0
1747636266466 inf 0
1747636266477 0.0 0
1747636266490 inf 0
1747636266499 inf 0
1747636266507 inf 0
1747636266518 inf 0
1747636266535 inf 0
1747636266561 0.0 0
1747636266580 0.0 0
1747636266593 inf 0
1747636266605 0.0 0
1747636266617 0.0 0
1747636266628 0.0 0
1747636266640 inf 0
1747636266651 inf 0
1747636266662 inf 0
1747636266671 0.0 0
1747636266687 0.0 0
1747636266698 inf 0
1747636266710 0.0 0
1747636266732 inf 0
1747636266747 inf 0
1747636266759 inf 0
1747636266771 0.0 0
1747636266783 0.0 0
1747636266794 0.0 0
1747636266811 inf 0
1747636266822 inf 0
1747636266852 0.0 0
1747636266864 inf 0
1747636266875 0.0 0
1747636266884 inf 0
1747636266896 0.0 0
1747636266911 0.0 0
1747636266928 inf 0
1747636266937 inf 0
1747636266945 0.0 0
1747636266953 0.0 0
1747636266971 0.0 0
1747636266983 0.0 0
1747636266996 inf 0
1747636267006 0.0 0
1747636267017 inf 0
1747636267029 inf 0
1747636267044 inf 0
1747636267051 inf 0
1747636267063 inf 0
1747636267074 0.0 0
1747636267085 0.0 0
1747636267094 0.0 0
1747636267102 0.0 0
1747636267118 0.0 0
1747636267135 0.0 0
1747636267144 inf 0
1747636267155 0.0 0
1747636267172 inf 0
1747636267190 0.0 0
1747636267202 inf 0
1747636267210 0.0 0
1747636267218 0.0 0
1747636267228 inf 0
1747636267238 inf 0
1747636267249 inf 0
1747636267261 0.0 0
1747636267278 0.0 0
1747636267290 inf 0
1747636267301 0.0 0
1747636267315 inf 0
1747636267326 0.0 0
1747636267337 0.0 0
1747636267351 0.0 0
1747636267360 inf 0
1747636267372 inf 0
1747636267394 0.0 0
1747636267415 inf 0
1747636267434 inf 0
1747636267450 0.0 0
1747636267471 inf 0
1747636267489 0.0 0
1747636267504 0.0 0
1747636267512 inf 0
1747636267520 inf 0
1747636267532 inf 0
1747636267542 0.0 0
1747636267567 0.0 0
1747636267579 0.0 0
1747636267611 inf 0
1747636267627 inf 0
1747636267642 0.0 0
1747636267653 inf 0
1747636267665 inf 0
1747636267676 inf 0
1747636267692 inf 0
1747636267702 0.0 0
1747636267718 0.0 0
1747636267727 0.0 0
1747636267738 inf 0
1747636267747 0.0 0
1747636267756 0.0 0
1747636267768 0.0 0
1747636267779 inf 0
1747636267789 0.0 0
1747636267802 0.0 0
1747636267814 inf 0
1747636267830 inf 0
1747636267840 inf 0
1747636267862 inf 0
1747636267872 inf 0
1747636267900 0.0 0
1747636267910 0.0 0
1747636267927 inf 0
1747636267938 inf 0
1747636267949 0.0 0
1747636267961 inf 0
1747636267975 0.0 0
1747636267993 inf 0
1747636268002 inf 0
1747636268015 inf 0
1747636268033 inf 0
1747636268043 0.0 0
1747636268058 inf 0
1747636268069 0.0 0
1747636268077 0.0 0
1747636268086 0.0 0
1747636268097 inf 0
1747636268111 0.0 0
1747636268122 inf 0
1747636268133 inf 0
1747636268146 0.0 0
1747636268159 inf 0
1747636268180 inf 0
1747636268191 inf 0
1747636268214 0.0 0
1747636268246 0.0 0
1747636268258 inf 0
1747636268269 0.0 0
1747636268281 0.0 0
1747636268294 inf 0
1747636268303 0.0 0
1747636268316 inf 0
1747636268331 inf 0
1747636268340 inf 0
1747636268352 0.0 0
1747636268361 inf 0
1747636268372 0.0 0
1747636268399 inf 0
1747636268412 inf 0
1747636268435 0.0 0
1747636268447 inf 0
1747636268472 0.0 0
1747636268491 inf 0
1747636268504 0.0 0
1747636268515 inf 0
1747636268533 inf 0
1747636268544 inf 0
1747636268559 0.0 0
1747636268576 0.0 0
1747636268589 inf 0
1747636268600 inf 0
1747636268615 inf 0
1747636268661 inf 0
1747636268677 inf 0
1747636268689 inf 0
1747636268699 0.0 0
1747636268707 inf 0
1747636268721 0.0 0
1747636268729 0.0 0
1747636268741 0.0 0
1747636268760 inf 0
1747636268782 inf 0
1747636268794 0.0 0
1747636268816 0.0 0
1747636268841 inf 0
1747636268853 inf 0
1747636268868 inf 0
1747636268887 inf 0
1747636268899 inf 0
1747636268915 0.0 0
1747636268925 inf 0
1747636268938 inf 0
1747636268949 0.0 0
1747636268961 0.0 0
1747636268971 0.0 0
1747636268981 0.0 0
1747636268992 0.0 0
1747636269002 inf 0
1747636269012 inf 0
1747636269022 0.0 0
1747636269035 inf 0
1747636269047 0.0 0
1747636269068 0.0 0
1747636269078 inf 0
1747636269088 inf 0
1747636269100 0.0 0
1747636269114 inf 0
1747636269123 inf 0
1747636269142 inf 0
1747636269163 inf 0
1747636269188 0.0 0
1747636269200 0.0 0
1747636269213 0.0 0
1747636269225 0.0 0
1747636269239 0.0 0
1747636269261 inf 0
1747636269271 0.0 0
1747636269282 inf 0
1747636269294 inf 0
1747636269306 0.0 0
1747636269335 inf 0
1747636269349 0.0 0
1747636269375 0.0 0
1747636269390 inf 0
1747636269407 0.0 0
1747636269431 inf 0
1747636269462 inf 0
1747636269482 inf 0
1747636269496 0.0 0
1747636269511 inf 0
1747636269521 inf 0
1747636269532 0.0 0
1747636269551 inf 0
1747636269566 0.0 0
1747636269582 0.0 0
1747636269597 inf 0
1747636269611 inf 0
1747636269622 inf 0
1747636269634 0.0 0
1747636269644 inf 0
1747636269662 inf 0
1747636269671 0.0 0
1747636269706 0.0 0
1747636269722 inf 0
1747636269737 inf 0
1747636269748 inf 0
1747636269769 inf 0
1747636269781 inf 0
1747636269798 inf 0
1747636269815 0.0 0
1747636269827 0.0 0
1747636269837 0.0 0
1747636269850 inf 0
1747636269868 inf 0
1747636269894 inf 0
1747636269911 0.0 0
1747636269922 0.0 0
1747636269933 inf 0
1747636269952 0.0 0
1747636269968 inf 0
1747636269980 0.0 0
1747636269995 inf 0
1747636270022 0.0 0
1747636270035 inf 0
1747636270057 inf 0
1747636270079 0.0 0
1747636270091 inf 0
1747636270105 inf 0
1747636270119 inf 0
1747636270130 inf 0
1747636270140 0.0 0
1747636270161 inf 0
1747636270176 inf 0
1747636270188 0.0 0
1747636270207 inf 0
1747636270225 0.0 0
1747636270252 0.0 0
1747636270267 inf 0
1747636270281 0.0 0
1747636270293 inf 0
1747636270310 inf 0
1747636270324 0.0 0
1747636270336 inf 0
1747636270345 0.0 0
1747636270360 inf 0
1747636270377 0.0 0
1747636270388 0.0 0
1747636270399 0.0 0
1747636270411 0.0 0
1747636270429 0.0 0
1747636270440 inf 0
1747636270451 0.0 0
1747636270467 inf 0
1747636270485 inf 0
1747636270514 0.0 0
1747636270526 inf 0
1747636270535 inf 0
1747636270547 inf 0
1747636270563 0.0 0
1747636270572 inf 0
1747636270585 0.0 0
1747636270593 0.0 0
1747636270604 inf 0
1747636270619 0.0 0
1747636270627 inf 0
1747636270634 inf 0
1747636270646 0.0 0
1747636270656 0.0 0
1747636270673 inf 0
1747636270684 inf 0
1747636270705 inf 0
1747636270717 0.0 0
1747636270729 inf 0
1747636270743 inf 0
1747636270754 0.0 0
1747636270763 inf 0
1747636270775 0.0 0
1747636270791 inf 0
1747636270802 inf 0
1747636270813 0.0 0
1747636270827 inf 0
1747636270844 inf 0
1747636270873 inf 0
1747636270886 0.0 0
1747636270910 0.0 0
1747636270924 inf 0
1747636270939 inf 0
1747636270948 inf 0
1747636270957 0.0 0
1747636270969 inf 0
1747636270980 inf 0
1747636271013 inf 0
1747636271025 inf 0
1747636271036 inf 0
1747636271058 0.0 0
1747636271069 inf 0
1747636271087 inf 0
1747636271100 inf 0
1747636271117 inf 0
1747636271130 0.0 0
1747636271144 0.0 0
1747636271164 inf 0
1747636271182 inf 0
1747636271204 0.0 0
1747636271215 0.0 0
1747636271240 0.0 0
1747636271264 0.0 0
1747636271279 inf 0
1747636271301 inf 0
1747636271332 inf 0
1747636271345 inf 0
1747636271357 inf 0
1747636271369 0.0 0
1747636271380 0.0 0
1747636271395 inf 0
1747636271405 inf 0
1747636271417 inf 0
1747636271433 inf 0
1747636271450 inf 0
1747636271461 0.0 0
1747636271469 0.0 0
1747636271479 inf 0
1747636271497 0.0 0
1747636271509 inf 0
1747636271543 inf 0
1747636271554 inf 0
1747636271564 inf 0
1747636271572 inf 0
1747636271580 0.0 0
1747636271590 inf 0
1747636271599 inf 0
1747636271611 0.0 0
1747636271620 inf 0
1747636271635 inf 0
1747636271644 0.0 0
1747636271658 0.0 0
1747636271667 inf 0
1747636271676 0.0 0
1747636271687 inf 0
1747636271699 0.0 0
1747636271707 inf 0
1747636271720 inf 0
1747636271737 0.0 0
1747636271748 inf 0
1747636271761 0.0 0
1747636271773 inf 0
1747636271781 0.0 0
1747636271806 0.0 0
1747636271817 0.0 0
1747636271827 inf 0
1747636271838 inf 0
1747636271854 0.0 0
1747636271861 inf 0
1747636271878 inf 0
1747636271889 inf 0
1747636271896 inf 0
1747636271913 0.0 0
1747636271925 inf 0
1747636271939 inf 0
1747636271951 0.0 0
1747636271962 inf 0
1747636271979 0.0 0
1747636271989 0.0 0
1747636272000 inf 0
1747636272018 0.0 0
1747636272034 0.0 0
1747636272048 inf 0
1747636272062 0.0 0
1747636272073 inf 0
1747636272084 inf 0
1747636272096 0.0 0
1747636272121 0.0 0
1747636272139 0.0 0
1747636272152 0.0 0
1747636272170 inf 0
1747636272185 0.0 0
1747636272206 inf 0
1747636272224 inf 0
1747636272239 inf 0
1747636272252 inf 0
1747636272268 inf 0
1747636272281 inf 0
1747636272306 0.0 0
1747636272320 inf 0
1747636272355 0.0 0
1747636272364 inf 0
1747636272372 0.0 0
1747636272384 inf 0
1747636272394 0.0 0
1747636272407 0.0 0
1747636272414 inf 0
1747636272430 inf 0
1747636272442 inf 0
1747636272454 inf 0
1747636272464 inf 0
1747636272472 inf 0
1747636272481 0.0 0
1747636272490 0.0 0
1747636272505 inf 0
1747636272521 inf 0
1747636272533 inf 0
1747636272552 inf 0
1747636272561 inf 0
1747636272573 0.0 0
1747636272583 inf 0
1747636272595 inf 0
1747636272604 inf 0
1747636272613 inf 0
1747636272620 inf 0
1747636272634 0.0 0
1747636272651 0.0 0
1747636272662 inf 0
1747636272672 0.0 0
1747636272682 0.0 0
1747636272694 inf 0
1747636272703 0.0 0
1747636272723 0.0 0
1747636272735 inf 0
1747636272760 inf 0
1747636272771 0.0 0
1747636272779 0.0 0
1747636272793 0.0 0
1747636272801 inf 0
1747636272818 inf 0
1747636272833 inf 0
1747636272869 0.0 0
1747636272882 0.0 0
1747636272897 inf 0
1747636272911 0.0 0
1747636272933 0.0 0
1747636272968 0.0 0
1747636272979 0.0 0
1747636272989 inf 0
1747636273005 0.0 0
1747636273022 0.0 0
1747636273033 0.0 0
1747636273046 inf 0
1747636273055 inf 0
1747636273067 inf 0
1747636273088 inf 0
1747636273099 0.0 0
1747636273110 0.0 0
1747636273121 inf 0
1747636273139 0.0 0
1747636273151 inf 0
1747636273170 inf 0
1747636273196 inf 0
1747636273208 0.0 0
1747636273222 inf 0
1747636273233 inf 0
1747636273245 0.0 0
1747636273262 0.0 0
1747636273275 0.0 0
1747636273291 inf 0
1747636273308 inf 0
1747636273324 inf 0
1747636273341 inf 0
1747636273391 0.0 0
1747636273406 inf 0
1747636273420 0.0 0
1747636273432 inf 0
1747636273445 inf 0
1747636273458 0.0 0
1747636273469 0.0 0
1747636273479 inf 0
1747636273491 inf 0
1747636273501 0.0 0
1747636273510 0.0 0
1747636273521 inf 0
1747636273534 0.0 0
1747636273544 inf 0
1747636273558 0.0 0
1747636273601 inf 0
1747636273614 inf 0
1747636273627 inf 0
1747636273639 0.0 0
1747636273647 inf 0
1747636273669 inf 0
1747636273684 inf 0
1747636273701 0.0 0
1747636273712 0.0 0
1747636273723 inf 0
1747636273739 0.0 0
1747636273751 0.0 0
1747636273775 inf 0
1747636273787 inf 0
1747636273802 0.0 0
1747636273816 inf 0
1747636273833 0.0 0
1747636273844 0.0 0
1747636273859 0.0 0
1747636273870 0.0 0
1747636273881 inf 0
1747636273889 inf 0
1747636273898 0.0 0
1747636273905 inf 0
1747636273914 inf 0
1747636273923 inf 0
1747636273931 inf 0
1747636273942 0.0 0
1747636273952 0.0 0
1747636273987 inf 0
1747636273998 inf 0
1747636274006 inf 0
1747636274022 inf 0
1747636274035 inf 0
1747636274048 0.0 0
1747636274060 0.0 0
1747636274071 inf 0
1747636274080 inf 0
1747636274091 inf 0
1747636274105 inf 0
1747636274115 inf 0
1747636274127 0.0 0
1747636274144 inf 0
1747636274162 inf 0
1747636274176 0.0 0
1747636274190 0.0 0
1747636274199 inf 0
1747636274213 0.0 0
1747636274229 inf 0
1747636274248 0.0 0
1747636274262 inf 0
1747636274275 inf 0
1747636274289 inf 0
1747636274301 0.0 0
1747636274310 inf 0
1747636274321 inf 0
1747636274343 0.0 0
1747636274353 0.0 0
1747636274365 inf 0
1747636274377 0.0 0
1747636274389 inf 0
1747636274408 inf 0
1747636274426 inf 0
1747636274437 inf 0
1747636274447 inf 0
1747636274474 inf 0
1747636274484 inf 0
1747636274496 inf 0
1747636274516 inf 0
1747636274526 inf 0
1747636274538 0.0 0
1747636274551 inf 0
1747636274563 inf 0
1747636274583 0.0 0
1747636274596 0.0 0
1747636274608 inf 0
1747636274620 0.0 0
1747636274631 0.0 0
1747636274651 inf 0
1747636274662 inf 0
1747636274673 inf 0
1747636274686 0.0 0
1747636274703 inf 0
1747636274715 inf 0
1747636274726 0.0 0
1747636274752 inf 0
1747636274770 0.0 0
1747636274783 inf 0
1747636274809 0.0 0
1747636274820 inf 0
1747636274829 0.0 0
1747636274839 0.0 0
1747636274850 0.0 0
1747636274862 inf 0
1747636274873 0.0 0
1747636274886 0.0 0
1747636274897 inf 0
1747636274905 0.0 0
1747636274914 0.0 0
1747636274927 inf 0
1747636274938 0.0 0
1747636274954 inf 0
1747636274970 inf 0
1747636274983 inf 0
1747636275006 inf 0
1747636275017 0.0 0
1747636275030 inf 0
1747636275042 inf 0
1747636275062 inf 0
1747636275073 0.0 0
1747636275085 0.0 0
1747636275093 inf 0
1747636275110 inf 0
1747636275120 inf 0
1747636275128 inf 0
1747636275136 inf 0
1747636275143 inf 0
1747636275155 inf 0
1747636275173 inf 0
1747636275202 0.0 0
1747636275216 inf 0
1747636275230 0.0 0
1747636275241 0.0 0
1747636275269 inf 0
1747636275286 inf 0
1747636275301 0.0 0
1747636275320 0.0 0
1747636275328 inf 0
1747636275341 0.0 0
1747636275356 0.0 0
1747636275367 0.0 0
1747636275383 inf 0
1747636275401 inf 0
1747636275413 inf 0
1747636275433 0.0 0
1747636275445 inf 0
1747636275460 inf 0
1747636275478 inf 0
1747636275497 0.0 0
1747636275515 inf 0
1747636275535 0.0 0
1747636275545 0.0 0
1747636275558 0.0 0
1747636275571 inf 0
1747636275585 inf 0
1747636275598 inf 0
1747636275607 inf 0
1747636275619 0.0 0
1747636275631 inf 0
1747636275643 0.0 0
1747636275652 inf 0
1747636275662 inf 0
1747636275677 0.0 0
1747636275690 0.0 0
1747636275697 inf 0
1747636275709 inf 0
1747636275717 0.0 0
1747636275733 inf 0
1747636275764 0.0 0
1747636275779 0.0 0
1747636275790 inf 0
1747636275808 0.0 0
1747636275832 0.0 0
1747636275844 0.0 0
1747636275858 inf 0
1747636275868 inf 0
1747636275879 inf 0
1747636275890 inf 0
1747636275900 0.0 0
1747636275917 0.0 0
1747636275926 0.0 0
1747636275934 inf 0
1747636275944 0.0 0
1747636275953 0.0 0
1747636275963 inf 0
1747636275977 inf 0
1747636275990 0.0 0
1747636276003 0.0 0
1747636276014 inf 0
1747636276032 0.0 0
1747636276052 inf 0
1747636276062 inf 0
1747636276077 0.0 0
1747636276089 inf 0
1747636276097 inf 0
1747636276109 inf 0
1747636276120 0.0 0
1747636276130 0.0 0
1747636276141 inf 0
1747636276151 0.0 0
1747636276161 inf 0
1747636276171 0.0 0
1747636276185 0.0 0
1747636276201 0.0 0
1747636276212 0.0 0
1747636276222 inf 0
1747636276283 inf 0
1747636276296 inf 0
1747636276307 0.0 0
1747636276318 0.0 0
1747636276330 inf 0
1747636276344 0.0 0
1747636276356 inf 0
1747636276372 0.0 0
1747636276386 0.0 0
1747636276397 0.0 0
1747636276411 0.0 0
1747636276434 0.0 0
1747636276465 inf 0
1747636276474 0.0 0
1747636276502 0.0 0
1747636276515 0.0 0
1747636276527 inf 0
1747636276543 0.0 0
1747636276557 0.0 0
1747636276569 inf 0
1747636276580 0.0 0
1747636276592 inf 0
1747636276601 0.0 0
1747636276612 inf 0
1747636276625 0.0 0
1747636276637 inf 0
1747636276656 inf 0
1747636276670 0.0 0
1747636276694 inf 0
1747636276705 0.0 0
1747636276715 inf 0
1747636276748 inf 0
1747636276760 inf 0
1747636276771 inf 0
1747636276785 inf 0
1747636276799 inf 0
1747636276810 inf 0
1747636276823 0.0 0
1747636276831 0.0 0
1747636276849 inf 0
1747636276861 inf 0
1747636276873 0.0 0
1747636276888 inf 0
1747636276899 0.0 0
1747636276913 inf 0
1747636276930 0.0 0
1747636276941 inf 0
1747636276952 0.0 0
1747636276963 inf 0
1747636276990 0.0 0
1747636277008 inf 0
1747636277020 inf 0
1747636277032 inf 0
1747636277050 0.0 0
1747636277072 0.0 0
1747636277087 inf 0
1747636277104 inf 0
1747636277119 0.0 0
1747636277130 inf 0
1747636277142 inf 0
1747636277153 0.0 0
1747636277163 0.0 0
1747636277173 inf 0
1747636277185 inf 0
1747636277197 0.0 0
1747636277205 0.0 0
1747636277214 0.0 0
1747636277223 inf 0
1747636278173 0.0 0
1747636278192 0.0 0
1747636278206 0.0 0
1747636278255 inf 0
1747636278273 inf 0
1747636278284 0.0 0
1747636278296 inf 0
1747636278306 0.0 0
1747636278333 inf 0
1747636278348 0.0 0
1747636278364 inf 0
1747636278376 0.0 0
1747636278420 inf 0
1747636278446 0.0 0
1747636278458 0.0 0
1747636278482 inf 0
1747636278494 0.0 0
1747636278508 0.0 0
1747636278522 0.0 0
1747636278534 inf 0
1747636278548 inf 0
1747636278560 inf 0
1747636278577 inf 0
1747636278595 inf 0
1747636278607 inf 0
1747636278620 inf 0
1747636278628 0.0 0
1747636278640 inf 0
1747636278664 inf 0
1747636278675 inf 0
1747636278691 0.0 0
1747636278702 0.0 0
1747636278723 inf 0
1747636278761 0.0 0
1747636278773 inf 0
1747636278791 inf 0
1747636278803 inf 0
1747636278832 inf 0
1747636278847 inf 0
1747636278859 0.0 0
1747636278867 inf 0
1747636278884 0.0 0
1747636278901 inf 0
1747636278910 0.0 0
1747636278936 0.0 0
1747636278958 0.0 0
1747636278968 0.0 0
1747636278994 0.0 0
1747636279007 0.0 0
1747636279032 0.0 0
1747636279044 0.0 0
1747636279063 0.0 0
1747636279082 0.0 0
1747636279103 inf 0
1747636279113 0.0 0
1747636279127 0.0 0
1747636279135 0.0 0
1747636279152 inf 0
1747636279174 0.0 0
1747636279187 0.0 0
1747636279203 0.0 0
1747636279222 inf 0
1747636279235 inf 0
1747636279250 inf 0
1747636279271 inf 0
1747636279293 inf 0
1747636279304 0.0 0
1747636279316 0.0 0
1747636279335 0.0 0
1747636279346 inf 0
1747636279369 inf 0
1747636279380 0.0 0
1747636279396 inf 0
1747636279417 inf 0
1747636279430 0.0 0
1747636279442 inf 0
1747636279456 0.0 0
1747636279470 0.0 0
1747636279482 inf 0
1747636279489 0.0 0
1747636279502 0.0 0
1747636279526 inf 0
1747636279539 0.0 0
1747636279551 0.0 0
1747636279563 0.0 0
1747636279579 inf 0
1747636279590 inf 0
1747636279602 inf 0
1747636279614 inf 0
1747636279637 inf 0
1747636279688 0.0 0
1747636279700 0.0 0
1747636279712 0.0 0
1747636279721 0.0 0
1747636279749 inf 0
1747636279770 inf 0
1747636279779 inf 0
1747636279790 inf 0
1747636279802 inf 0
1747636279816 inf 0
1747636279831 0.0 0
1747636279843 inf 0
1747636279855 0.0 0
1747636279895 0.0 0
1747636279911 0.0 0
1747636279926 inf 0
1747636279936 inf 0
1747636279944 0.0 0
1747636279954 0.0 0
1747636279967 0.0 0
1747636279979 inf 0
1747636279988 inf 0
1747636280000 inf 0
1747636280011 0.0 0
1747636280040 inf 0
1747636280058 inf 0
1747636280089 inf 0
1747636280100 0.0 0
1747636280112 inf 0
1747636280123 0.0 0
1747636280132 inf 0
1747636280143 inf 0
1747636280152 0.0 0
1747636280161 0.0 0
1747636280172 inf 0
1747636280183 inf 0
1747636280192 inf 0
1747636280203 inf 0
1747636280215 inf 0
1747636280226 inf 0
1747636280246 0.0 0
1747636280267 inf 0
1747636280279 0.0 0
1747636280287 inf 0
1747636280309 inf 0
1747636280321 0.0 0
1747636280333 inf 0
1747636280348 inf 0
1747636280361 inf 0
1747636280369 0.0 0
1747636280378 inf 0
1747636280395 inf 0
1747636280429 inf 0
1747636280450 inf 0
1747636280462 0.0 0
1747636280474 0.0 0
1747636280497 inf 0
1747636280520 inf 0
1747636280531 0.0 0
1747636280543 inf 0
1747636280554 inf 0
1747636280566 inf 0
1747636280584 inf 0
1747636280593 inf 0
1747636280607 inf 0
1747636280623 0.0 0
1747636280634 inf 0
1747636280647 inf 0
1747636280676 0.0 0
1747636280688 0.0 0
1747636280700 inf 0
1747636280718 0.0 0
1747636280733 0.0 0
1747636280740 0.0 0
1747636280751 0.0 0
1747636280759 0.0 0
1747636280772 inf 0
1747636280788 0.0 0
1747636280809 0.0 0
1747636280835 inf 0
1747636280848 inf 0
1747636280860 inf 0
1747636280880 0.0 0
1747636280894 0.0 0
1747636280906 0.0 0
1747636280919 0.0 0
1747636280937 inf 0
1747636280948 inf 0
1747636280959 0.0 0
1747636281005 inf 0
1747636281017 0.0 0
1747636281031 0.0 0
1747636281042 inf 0
1747636281061 0.0 0
1747636281088 inf 0
1747636281103 inf 0
1747636281115 inf 0
1747636281122 inf 0
1747636281146 0.0 0
1747636281164 inf 0
1747636281176 inf 0
1747636281184 0.0 0
1747636281196 inf 0
1747636281207 0.0 0
1747636281219 inf 0
1747636281230 inf 0
1747636281261 0.0 0
1747636281281 inf 0
1747636281300 0.0 0
1747636281311 inf 0
1747636281325 inf 0
1747636281341 0.0 0
1747636281353 inf 0
1747636281363 0.0 0
1747636281372 inf 0
1747636281385 inf 0
1747636281397 0.0 0
1747636281406 inf 0
1747636281418 0.0 0
1747636281429 inf 0
1747636281436 0.0 0
1747636281448 inf 0
1747636281461 inf 0
1747636281482 inf 0
1747636281495 0.0 0
1747636281508 0.0 0
1747636281520 0.0 0
1747636281531 0.0 0
1747636281543 inf 0
1747636281556 inf 0
1747636281569 inf 0
1747636281578 0.0 0
1747636281589 inf 0
1747636281601 0.0 0
1747636281613 0.0 0
1747636281631 0.0 0
1747636281648 inf 0
1747636281657 inf 0
1747636281669 inf 0
1747636281681 inf 0
1747636281706 0.0 0
1747636281720 0.0 0
1747636281730 0.0 0
1747636281739 0.0 0
1747636281749 inf 0
1747636281761 0.0 0
1747636281776 0.0 0
1747636281795 inf 0
1747636281806 inf 0
1747636281818 inf 0
1747636281830 inf 0
1747636281841 0.0 0
1747636281856 inf 0
1747636281869 0.0 0
1747636281887 0.0 0
1747636281913 inf 0
1747636281926 inf 0
1747636281935 0.0 0
1747636281943 inf 0
1747636281955 inf 0
1747636281966 0.0 0
1747636281986 0.0 0
1747636282002 inf 0
1747636282014 0.0 0
1747636282025 0.0 0
1747636282040 inf 0
1747636282057 inf 0
1747636282084 inf 0
1747636282100 inf 0
1747636282123 0.0 0
1747636282135 0.0 0
1747636282169 inf 0
1747636282181 0.0 0
1747636282204 0.0 0
1747636282217 0.0 0
1747636282228 0.0 0
1747636282238 inf 0
1747636282256 0.0 0
1747636282273 0.0 0
1747636282286 0.0 0
1747636282299 inf 0
1747636282312 0.0 0
1747636282324 inf 0
1747636282340 0.0 0
1747636282357 inf 0
1747636282369 0.0 0
1747636282387 inf 0
1747636282401 inf 0
1747636282411 0.0 0
1747636282423 inf 0
1747636282435 0.0 0
1747636282446 0.0 0
1747636282464 inf 0
1747636282476 0.0 0
1747636282489 inf 0
1747636282501 inf 0
1747636282513 0.0 0
1747636282545 inf 0
1747636282557 inf 0
1747636282567 0.0 0
1747636282578 0.0 0
1747636282588 inf 0
1747636282599 inf 0
1747636282622 inf 0
1747636282639 inf 0
1747636282647 0.0 0
1747636282667 inf 0
1747636282676 0.0 0
1747636282689 0.0 0
1747636282702 0.0 0
1747636282724 0.0 0
1747636282740 0.0 0
1747636282755 inf 0
1747636282769 0.0 0
1747636282789 inf 0
1747636282799 inf 0
1747636282832 inf 0
1747636282844 0.0 0
1747636282866 inf 0
1747636282878 0.0 0
1747636282890 inf 0
1747636282903 inf 0
1747636282920 0.0 0
1747636282930 0.0 0
1747636282942 inf 0
1747636282955 inf 0
1747636282973 0.0 0
1747636282995 inf 0
1747636283018 0.0 0
1747636283031 inf 0
1747636283043 inf 0
1747636283057 0.0 0
1747636283067 inf 0
1747636283077 0.0 0
1747636283106 inf 0
1747636283128 inf 0
1747636283156 inf 0
1747636283179 0.0 0
1747636283190 0.0 0
1747636283198 inf 0
1747636283211 inf 0
1747636283223 inf 0
1747636283240 0.0 0
1747636283252 0.0 0
1747636283263 0.0 0
1747636283271 0.0 0
1747636283281 0.0 0
1747636283293 inf 0
1747636283306 0.0 0
1747636283319 inf 0
1747636283355 0.0 0
1747636283367 0.0 0
1747636283378 inf 0
1747636283394 0.0 0
1747636283415 0.0 0
1747636283426 inf 0
1747636283443 inf 0
1747636283453 inf 0
1747636283464 0.0 0
1747636283488 0.0 0
1747636283498 inf 0
1747636283522 inf 0
1747636283537 0.0 0
1747636283550 0.0 0
1747636283564 inf 0
1747636283589 0.0 0
1747636283603 inf 0
1747636283627 0.0 0
1747636283641 0.0 0
1747636283658 inf 0
1747636283684 inf 0
1747636283704 inf 0
1747636283721 inf 0
1747636283751 inf 0
1747636283763 0.0 0
1747636283781 0.0 0
1747636283794 inf 0
1747636283805 inf 0
1747636283818 inf 0
1747636283829 inf 0
1747636283842 0.0 0
1747636283873 0.0 0
1747636283899 0.0 0
1747636283914 0.0 0
1747636283926 0.0 0
1747636283948 0.0 0
1747636283961 0.0 0
1747636283982 0.0 0
1747636283994 inf 0
1747636284002 inf 0
1747636284022 inf 0
1747636284045 0.0 0
1747636284061 inf 0
1747636284077 inf 0
1747636284111 0.0 0
1747636284124 inf 0
1747636284146 0.0 0
1747636284159 0.0 0
1747636284171 inf 0
1747636284187 0.0 0
1747636284199 inf 0
1747636284211 inf 0
1747636284227 inf 0
1747636284235 inf 0
1747636284247 0.0 0
1747636284265 inf 0
1747636284278 0.0 0
1747636284299 inf 0
1747636284315 0.0 0
1747636284332 inf 0
1747636284354 inf 0
1747636284373 0.0 0
1747636284385 inf 0
1747636284412 0.0 0
1747636284424 0.0 0
1747636284436 inf 0
1747636284448 0.0 0
1747636284465 0.0 0
1747636284475 inf 0
1747636284491 0.0 0
1747636284507 0.0 0
1747636284515 inf 0
1747636284538 0.0 0
1747636284562 inf 0
1747636284573 inf 0
1747636284588 0.0 0
1747636284600 inf 0
1747636284613 0.0 0
1747636284627 0.0 0
1747636284643 0.0 0
1747636284654 inf 0
1747636284666 inf 0
1747636284695 0.0 0
1747636284712 inf 0
1747636284735 0.0 0
1747636284747 inf 0
1747636284765 inf 0
1747636284779 inf 0
1747636284791 0.0 0
1747636284810 inf 0
1747636284819 inf 0
1747636284831 inf 0
1747636284853 inf 0
1747636284865 inf 0
1747636284876 0.0 0
1747636284899 inf 0
1747636284911 0.0 0
1747636284929 inf 0
1747636284941 inf 0
1747636284965 inf 0
1747636284981 0.0 0
1747636284992 inf 0
1747636285009 inf 0
1747636285020 inf 0
1747636285036 0.0 0
