1747636247164 0.05834264266118932 0
1747636247188 nan 0
1747636247199 nan 0
1747636247217 nan 0
1747636247229 nan 0
1747636247240 nan 0
1747636247250 nan 0
1747636247266 nan 0
1747636247277 nan 0
1747636247288 nan 0
1747636247310 nan 0
1747636247321 nan 0
1747636247328 nan 0
1747636247344 nan 0
1747636247355 nan 0
1747636247362 nan 0
1747636247394 nan 0
1747636247423 nan 0
1747636247453 nan 0
1747636247463 nan 0
1747636247475 nan 0
1747636247484 nan 0
1747636247500 nan 0
1747636247514 nan 0
1747636247525 nan 0
1747636247532 nan 0
1747636247541 nan 0
1747636247549 nan 0
1747636247572 nan 0
1747636247589 nan 0
1747636247601 nan 0
1747636247612 nan 0
1747636247623 nan 0
1747636247634 nan 0
1747636247644 nan 0
1747636247655 nan 0
1747636247666 nan 0
1747636247682 nan 0
1747636247690 nan 0
1747636247699 nan 0
1747636247707 nan 0
1747636247714 nan 0
1747636247735 nan 0
1747636247748 nan 0
1747636247759 nan 0
1747636247774 nan 0
1747636247790 nan 0
1747636247814 nan 0
1747636247825 nan 0
1747636247838 nan 0
1747636247852 nan 0
1747636247876 nan 0
1747636247887 nan 0
1747636247904 nan 0
1747636247916 nan 0
1747636247927 nan 0
1747636247947 nan 0
1747636247966 nan 0
1747636248026 nan 0
1747636248038 nan 0
1747636248047 nan 0
1747636248055 nan 0
1747636248068 nan 0
1747636248079 nan 0
1747636248091 nan 0
1747636248100 nan 0
1747636248112 nan 0
1747636248120 nan 0
1747636248148 nan 0
1747636248160 nan 0
1747636248170 nan 0
1747636248182 nan 0
1747636248203 nan 0
1747636248226 nan 0
1747636248239 nan 0
1747636248251 nan 0
1747636248263 nan 0
1747636248277 nan 0
1747636248298 nan 0
1747636248309 nan 0
1747636248330 nan 0
1747636248360 nan 0
1747636248371 nan 0
1747636248383 nan 0
1747636248394 nan 0
1747636248406 nan 0
1747636248441 nan 0
1747636248450 nan 0
1747636248464 nan 0
1747636248475 nan 0
1747636248486 nan 0
1747636248497 nan 0
1747636248509 nan 0
1747636248519 nan 0
1747636248530 nan 0
1747636248541 nan 0
1747636248558 nan 0
1747636248569 nan 0
1747636248580 nan 0
1747636248591 nan 0
1747636248602 nan 0
1747636248612 nan 0
1747636248623 nan 0
1747636248634 nan 0
1747636248646 nan 0
1747636248655 nan 0
1747636248671 nan 0
1747636248682 nan 0
1747636248699 nan 0
1747636248710 nan 0
1747636248727 nan 0
1747636248747 nan 0
1747636248757 nan 0
1747636248768 nan 0
1747636248778 nan 0
1747636248789 nan 0
1747636248797 nan 0
1747636248813 nan 0
1747636248829 nan 0
1747636248842 nan 0
1747636248867 nan 0
1747636248879 nan 0
1747636248888 nan 0
1747636248903 nan 0
1747636248911 nan 0
1747636248923 nan 0
1747636248932 nan 0
1747636248941 nan 0
1747636248949 nan 0
1747636248960 nan 0
1747636248975 nan 0
1747636248986 nan 0
1747636248997 nan 0
1747636249009 nan 0
1747636249021 nan 0
1747636249031 nan 0
1747636249044 nan 0
1747636249071 nan 0
1747636249082 nan 0
1747636249094 nan 0
1747636249107 nan 0
1747636249119 nan 0
1747636249132 nan 0
1747636249143 nan 0
1747636249155 nan 0
1747636249167 nan 0
1747636249185 nan 0
1747636249196 nan 0
1747636249225 nan 0
1747636249237 nan 0
1747636249249 nan 0
1747636249262 nan 0
1747636249272 nan 0
1747636249304 nan 0
1747636249319 nan 0
1747636249328 nan 0
1747636249339 nan 0
1747636249349 nan 0
1747636249359 nan 0
1747636249367 nan 0
1747636249379 nan 0
1747636249401 nan 0
1747636249412 nan 0
1747636249421 nan 0
1747636249437 nan 0
1747636249449 nan 0
1747636249461 nan 0
1747636249473 nan 0
1747636249484 nan 0
1747636249495 nan 0
1747636249509 nan 0
1747636249521 nan 0
1747636249533 nan 0
1747636249552 nan 0
1747636249563 nan 0
1747636249570 nan 0
1747636249592 nan 0
1747636249603 nan 0
1747636249627 nan 0
1747636249641 nan 0
1747636249673 nan 0
1747636249687 nan 0
1747636249709 nan 0
1747636249720 nan 0
1747636249731 nan 0
1747636249742 nan 0
1747636249756 nan 0
1747636249765 nan 0
1747636249781 nan 0
1747636249809 nan 0
1747636249821 nan 0
1747636249832 nan 0
1747636249846 nan 0
1747636249857 nan 0
1747636249881 nan 0
1747636249892 nan 0
1747636249903 nan 0
1747636249913 nan 0
1747636249929 nan 0
1747636249937 nan 0
1747636249945 nan 0
1747636249958 nan 0
1747636249969 nan 0
1747636249981 nan 0
1747636249989 nan 0
1747636250001 nan 0
1747636250012 nan 0
1747636250029 nan 0
1747636250040 nan 0
1747636250052 nan 0
1747636250064 nan 0
1747636250077 nan 0
1747636250094 nan 0
1747636250104 nan 0
1747636250120 nan 0
1747636250132 nan 0
1747636250143 nan 0
1747636250155 nan 0
1747636250162 nan 0
1747636250176 nan 0
1747636250187 nan 0
1747636250197 nan 0
1747636250204 nan 0
1747636250215 nan 0
1747636250225 nan 0
1747636250248 nan 0
1747636250264 nan 0
1747636250275 nan 0
1747636250288 nan 0
1747636250296 nan 0
1747636250304 nan 0
1747636250317 nan 0
1747636250328 nan 0
1747636250339 nan 0
1747636250349 nan 0
1747636250360 nan 0
1747636250375 nan 0
1747636250391 nan 0
1747636250402 nan 0
1747636250413 nan 0
1747636250424 nan 0
1747636250435 nan 0
1747636250446 nan 0
1747636250457 nan 0
1747636250469 nan 0
1747636250487 nan 0
1747636250505 nan 0
1747636250516 nan 0
1747636250528 nan 0
1747636250538 nan 0
1747636250549 nan 0
1747636250560 nan 0
1747636250570 nan 0
1747636250586 nan 0
1747636250597 nan 0
1747636250612 nan 0
1747636250623 nan 0
1747636250637 nan 0
1747636250648 nan 0
1747636250656 nan 0
1747636250672 nan 0
1747636250681 nan 0
1747636250692 nan 0
1747636250704 nan 0
1747636250712 nan 0
1747636250745 nan 0
1747636250756 nan 0
1747636250784 nan 0
1747636250795 nan 0
1747636250803 nan 0
1747636250814 nan 0
1747636250824 nan 0
1747636250833 nan 0
1747636250844 nan 0
1747636250860 nan 0
1747636250871 nan 0
1747636250889 nan 0
1747636250905 nan 0
1747636250917 nan 0
1747636250925 nan 0
1747636250936 nan 0
1747636250975 nan 0
1747636250986 nan 0
1747636250996 nan 0
1747636251007 nan 0
1747636251041 nan 0
1747636251057 nan 0
1747636251079 nan 0
1747636251092 nan 0
1747636251115 nan 0
1747636251122 nan 0
1747636251129 nan 0
1747636251150 nan 0
1747636251162 nan 0
1747636251172 nan 0
1747636251184 nan 0
1747636251202 nan 0
1747636251218 nan 0
1747636251233 nan 0
1747636251241 nan 0
1747636251252 nan 0
1747636251264 nan 0
1747636251276 nan 0
1747636251287 nan 0
1747636251304 nan 0
1747636251320 nan 0
1747636251332 nan 0
1747636251343 nan 0
1747636251354 nan 0
1747636251362 nan 0
1747636251374 nan 0
1747636251387 nan 0
1747636251395 nan 0
1747636251411 nan 0
1747636251422 nan 0
1747636251433 nan 0
1747636251447 nan 0
1747636251458 nan 0
1747636251473 nan 0
1747636251484 nan 0
1747636251500 nan 0
1747636251512 nan 0
1747636251533 nan 0
1747636251545 nan 0
1747636251557 nan 0
1747636251569 nan 0
1747636251581 nan 0
1747636251590 nan 0
1747636251607 nan 0
1747636251630 nan 0
1747636251641 nan 0
1747636251652 nan 0
1747636251662 nan 0
1747636251675 nan 0
1747636251684 nan 0
1747636251692 nan 0
1747636251736 nan 0
1747636251752 nan 0
1747636251761 nan 0
1747636251773 nan 0
1747636251788 nan 0
1747636251802 nan 0
1747636251819 nan 0
1747636251830 nan 0
1747636251840 nan 0
1747636251852 nan 0
1747636251863 nan 0
1747636251874 nan 0
1747636251885 nan 0
1747636251896 nan 0
1747636251904 nan 0
1747636251913 nan 0
1747636251933 nan 0
1747636251942 nan 0
1747636251950 nan 0
1747636251962 nan 0
1747636251974 nan 0
1747636251986 nan 0
1747636251994 nan 0
1747636252003 nan 0
1747636252014 nan 0
1747636252024 nan 0
1747636252033 nan 0
1747636252042 nan 0
1747636252059 nan 0
1747636252069 nan 0
1747636252079 nan 0
1747636252094 nan 0
1747636252110 nan 0
1747636252122 nan 0
1747636252145 nan 0
1747636252154 nan 0
1747636252166 nan 0
1747636252175 nan 0
1747636252193 nan 0
1747636252204 nan 0
1747636252215 nan 0
1747636252226 nan 0
1747636252238 nan 0
1747636252249 nan 0
1747636252257 nan 0
1747636252264 nan 0
1747636252274 nan 0
1747636252288 nan 0
1747636252305 nan 0
1747636252317 nan 0
1747636252331 nan 0
1747636252354 nan 0
1747636252371 nan 0
1747636252383 nan 0
1747636252391 nan 0
1747636252401 nan 0
1747636252419 nan 0
1747636252430 nan 0
1747636252441 nan 0
1747636252463 nan 0
1747636252483 nan 0
1747636252497 nan 0
1747636252507 nan 0
1747636252523 nan 0
1747636252548 nan 0
1747636252568 nan 0
1747636252579 nan 0
1747636252591 nan 0
1747636252600 nan 0
1747636252613 nan 0
1747636252641 nan 0
1747636252652 nan 0
1747636252664 nan 0
1747636252675 nan 0
1747636252684 nan 0
1747636252695 nan 0
1747636252706 nan 0
1747636252718 nan 0
1747636252730 nan 0
1747636252739 nan 0
1747636252751 nan 0
1747636252762 nan 0
1747636252775 nan 0
1747636252788 nan 0
1747636252798 nan 0
1747636252811 nan 0
1747636252819 nan 0
1747636252829 nan 0
1747636252838 nan 0
1747636252865 nan 0
1747636252876 nan 0
1747636252891 nan 0
1747636252900 nan 0
1747636252908 nan 0
1747636252916 nan 0
1747636252927 nan 0
1747636252940 nan 0
1747636252951 nan 0
1747636252962 nan 0
1747636252974 nan 0
1747636252988 nan 0
1747636252999 nan 0
1747636253008 nan 0
1747636253020 nan 0
1747636253029 nan 0
1747636253040 nan 0
1747636253053 nan 0
1747636253064 nan 0
1747636253075 nan 0
1747636253086 nan 0
1747636253099 nan 0
1747636253111 nan 0
1747636253124 nan 0
1747636253133 nan 0
1747636253148 nan 0
1747636253163 nan 0
1747636253177 nan 0
1747636253190 nan 0
1747636253201 nan 0
1747636253224 nan 0
1747636253240 nan 0
1747636253257 nan 0
1747636253269 nan 0
1747636253291 nan 0
1747636253304 nan 0
1747636253318 nan 0
1747636253331 nan 0
1747636253344 nan 0
1747636253358 nan 0
1747636253379 nan 0
1747636253391 nan 0
1747636253404 nan 0
1747636253420 nan 0
1747636253432 nan 0
1747636253445 nan 0
1747636253456 nan 0
1747636253463 nan 0
1747636253479 nan 0
1747636253490 nan 0
1747636253504 nan 0
1747636253525 nan 0
1747636253540 nan 0
1747636253557 nan 0
1747636253574 nan 0
1747636253590 nan 0
1747636253599 nan 0
1747636253616 nan 0
1747636253627 nan 0
1747636253637 nan 0
1747636253649 nan 0
1747636253657 nan 0
1747636253668 nan 0
1747636253680 nan 0
1747636253692 nan 0
1747636253703 nan 0
1747636253715 nan 0
1747636253723 nan 0
1747636253734 nan 0
1747636253744 nan 0
1747636253756 nan 0
1747636253775 nan 0
1747636253787 nan 0
1747636253798 nan 0
1747636253809 nan 0
1747636253821 nan 0
1747636253832 nan 0
1747636253847 nan 0
1747636253863 nan 0
1747636253874 nan 0
1747636253885 nan 0
1747636253894 nan 0
1747636253905 nan 0
1747636253913 nan 0
1747636253924 nan 0
1747636253936 nan 0
1747636253947 nan 0
1747636253959 nan 0
1747636253982 nan 0
1747636254000 nan 0
1747636254020 nan 0
1747636254040 nan 0
1747636254051 nan 0
1747636254070 nan 0
1747636254082 nan 0
1747636254096 nan 0
1747636254111 nan 0
1747636254120 nan 0
1747636254137 nan 0
1747636254150 nan 0
1747636254161 nan 0
1747636254174 nan 0
1747636254192 nan 0
1747636254204 nan 0
1747636254215 nan 0
1747636254225 nan 0
1747636254237 nan 0
1747636254246 nan 0
1747636254256 nan 0
1747636254269 nan 0
1747636254280 nan 0
1747636254302 nan 0
1747636254313 nan 0
1747636254330 nan 0
1747636254345 nan 0
1747636254363 nan 0
1747636254380 nan 0
1747636254392 nan 0
1747636254409 nan 0
1747636254421 nan 0
1747636254443 nan 0
1747636254454 nan 0
1747636254465 nan 0
1747636254476 nan 0
1747636254492 nan 0
1747636254504 nan 0
1747636254518 nan 0
1747636254534 nan 0
1747636254548 nan 0
1747636254557 nan 0
1747636254566 nan 0
1747636254577 nan 0
1747636254590 nan 0
1747636254602 nan 0
1747636254614 nan 0
1747636254623 nan 0
1747636254634 nan 0
1747636254644 nan 0
1747636254669 nan 0
1747636254679 nan 0
1747636254696 nan 0
1747636254707 nan 0
1747636254723 nan 0
1747636254740 nan 0
1747636254751 nan 0
1747636254762 nan 0
1747636254777 nan 0
1747636254787 nan 0
1747636254799 nan 0
1747636254814 nan 0
1747636254825 nan 0
1747636254842 nan 0
1747636254853 nan 0
1747636254862 nan 0
1747636254873 nan 0
1747636254888 nan 0
1747636254896 nan 0
1747636254910 nan 0
1747636254924 nan 0
1747636254937 nan 0
1747636254948 nan 0
1747636254959 nan 0
1747636254970 nan 0
1747636254981 nan 0
1747636254998 nan 0
1747636255018 nan 0
1747636255036 nan 0
1747636255049 nan 0
1747636255061 nan 0
1747636255072 nan 0
1747636255084 nan 0
1747636255095 nan 0
1747636255107 nan 0
1747636255118 nan 0
1747636255129 nan 0
1747636255140 nan 0
1747636255171 nan 0
1747636255182 nan 0
1747636255223 nan 0
1747636255252 nan 0
1747636255268 nan 0
1747636255285 nan 0
1747636255296 nan 0
1747636255308 nan 0
1747636255320 nan 0
1747636255331 nan 0
1747636255342 nan 0
1747636255354 nan 0
1747636255366 nan 0
1747636255377 nan 0
1747636255400 nan 0
1747636255412 nan 0
1747636255424 nan 0
1747636255436 nan 0
1747636255453 nan 0
1747636255469 nan 0
1747636255480 nan 0
1747636255503 nan 0
1747636255517 nan 0
1747636255539 nan 0
1747636255551 nan 0
1747636255572 nan 0
1747636255586 nan 0
1747636255597 nan 0
1747636255609 nan 0
1747636255626 nan 0
1747636255642 nan 0
1747636255653 nan 0
1747636255665 nan 0
1747636255687 nan 0
1747636255697 nan 0
1747636255708 nan 0
1747636255724 nan 0
1747636255735 nan 0
1747636255746 nan 0
1747636255761 nan 0
1747636255778 nan 0
1747636255788 nan 0
1747636255799 nan 0
1747636255812 nan 0
1747636255824 nan 0
1747636255835 nan 0
1747636255846 nan 0
1747636255856 nan 0
1747636255867 nan 0
1747636255878 nan 0
1747636255894 nan 0
1747636255906 nan 0
1747636255937 nan 0
1747636255948 nan 0
1747636255959 nan 0
1747636255969 nan 0
1747636255984 nan 0
1747636255995 nan 0
1747636256007 nan 0
1747636256019 nan 0
1747636256031 nan 0
1747636256043 nan 0
1747636256054 nan 0
1747636256065 nan 0
1747636256078 nan 0
1747636256095 nan 0
1747636256106 nan 0
1747636256122 nan 0
1747636256133 nan 0
1747636256149 nan 0
1747636256162 nan 0
1747636256171 nan 0
1747636256182 nan 0
1747636256194 nan 0
1747636256205 nan 0
1747636256217 nan 0
1747636256252 nan 0
1747636256273 nan 0
1747636256285 nan 0
1747636256296 nan 0
1747636256319 nan 0
1747636256334 nan 0
1747636256350 nan 0
1747636256358 nan 0
1747636256374 nan 0
1747636256386 nan 0
1747636256397 nan 0
1747636256408 nan 0
1747636256419 nan 0
1747636256449 nan 0
1747636256475 nan 0
1747636256488 nan 0
1747636256499 nan 0
1747636256508 nan 0
1747636256519 nan 0
1747636256530 nan 0
1747636256541 nan 0
1747636256553 nan 0
1747636256573 nan 0
1747636256584 nan 0
1747636256595 nan 0
1747636256608 nan 0
1747636256619 nan 0
1747636256628 nan 0
1747636256646 nan 0
1747636256667 nan 0
1747636256678 nan 0
1747636256694 nan 0
1747636256704 nan 0
1747636256715 nan 0
1747636256726 nan 0
1747636256737 nan 0
1747636256748 nan 0
1747636256770 nan 0
1747636256813 nan 0
1747636256833 nan 0
1747636256853 nan 0
1747636256865 nan 0
1747636256882 nan 0
1747636256893 nan 0
1747636256905 nan 0
1747636256922 nan 0
1747636256939 nan 0
1747636256950 nan 0
1747636256961 nan 0
1747636256977 nan 0
1747636256993 nan 0
1747636257004 nan 0
1747636257016 nan 0
1747636257032 nan 0
1747636257044 nan 0
1747636257061 nan 0
1747636257072 nan 0
1747636257095 nan 0
1747636257105 nan 0
1747636257122 nan 0
1747636257133 nan 0
1747636257149 nan 0
1747636257160 nan 0
1747636257172 nan 0
1747636257182 nan 0
1747636257193 nan 0
1747636257215 nan 0
1747636257230 nan 0
1747636257242 nan 0
1747636257254 nan 0
1747636257273 nan 0
1747636257284 nan 0
1747636257295 nan 0
1747636257306 nan 0
1747636257323 nan 0
1747636257335 nan 0
1747636257346 nan 0
1747636257362 nan 0
1747636257371 nan 0
1747636257381 nan 0
1747636257392 nan 0
1747636257403 nan 0
1747636257420 nan 0
1747636257431 nan 0
1747636257443 nan 0
1747636257456 nan 0
1747636257482 nan 0
1747636257497 nan 0
1747636257509 nan 0
1747636257521 nan 0
1747636257529 nan 0
1747636257540 nan 0
1747636257551 nan 0
1747636257563 nan 0
1747636257575 nan 0
1747636257583 nan 0
1747636257600 nan 0
1747636257611 nan 0
1747636257622 nan 0
1747636257630 nan 0
1747636257644 nan 0
1747636257658 nan 0
1747636257676 nan 0
1747636257687 nan 0
1747636257702 nan 0
1747636257716 nan 0
1747636257733 nan 0
1747636257745 nan 0
1747636257753 nan 0
1747636257766 nan 0
1747636257774 nan 0
1747636257785 nan 0
1747636257797 nan 0
1747636257812 nan 0
1747636257824 nan 0
1747636257838 nan 0
1747636257853 nan 0
1747636257865 nan 0
1747636257877 nan 0
1747636257895 nan 0
1747636257904 nan 0
1747636257915 nan 0
1747636257930 nan 0
1747636257957 nan 0
1747636257969 nan 0
1747636257978 nan 0
1747636257987 nan 0
1747636257997 nan 0
1747636258008 nan 0
1747636258018 nan 0
1747636258029 nan 0
1747636258039 nan 0
1747636258054 nan 0
1747636258067 nan 0
1747636258085 nan 0
1747636258096 nan 0
1747636258106 nan 0
1747636258117 nan 0
1747636258130 nan 0
1747636258142 nan 0
1747636258149 nan 0
1747636258158 nan 0
1747636258174 nan 0
1747636258188 nan 0
1747636258198 nan 0
1747636258207 nan 0
1747636258217 nan 0
1747636258229 nan 0
1747636258238 nan 0
1747636258246 nan 0
1747636258257 nan 0
1747636259385 nan 0
1747636259402 nan 0
1747636259416 nan 0
1747636259433 nan 0
1747636259448 nan 0
1747636259467 nan 0
1747636259481 nan 0
1747636259496 nan 0
1747636259514 nan 0
1747636259536 nan 0
1747636259552 nan 0
1747636259576 nan 0
1747636259590 nan 0
1747636259611 nan 0
1747636259620 nan 0
1747636259634 nan 0
1747636259652 nan 0
1747636259664 nan 0
1747636259682 nan 0
1747636259696 nan 0
1747636259707 nan 0
1747636259715 nan 0
1747636259727 nan 0
1747636259738 nan 0
1747636259746 nan 0
1747636259757 nan 0
1747636259773 nan 0
1747636259800 nan 0
1747636259820 nan 0
1747636259829 nan 0
1747636259842 nan 0
1747636259855 nan 0
1747636259866 nan 0
1747636259878 nan 0
1747636259889 nan 0
1747636259910 nan 0
1747636259921 nan 0
1747636259935 nan 0
1747636259945 nan 0
1747636259959 nan 0
1747636259978 nan 0
1747636259991 nan 0
1747636260003 nan 0
1747636260015 nan 0
1747636260032 nan 0
1747636260044 nan 0
1747636260055 nan 0
1747636260071 nan 0
1747636260082 nan 0
1747636260093 nan 0
1747636260104 nan 0
1747636260115 nan 0
1747636260129 nan 0
1747636260141 nan 0
1747636260152 nan 0
1747636260163 nan 0
1747636260190 nan 0
1747636260202 nan 0
1747636260218 nan 0
1747636260231 nan 0
1747636260242 nan 0
1747636260253 nan 0
1747636260265 nan 0
1747636260276 nan 0
1747636260283 nan 0
1747636260305 nan 0
1747636260316 nan 0
1747636260327 nan 0
1747636260338 nan 0
1747636260348 nan 0
1747636260359 nan 0
1747636260370 nan 0
1747636260378 nan 0
1747636260387 nan 0
1747636260396 nan 0
1747636260408 nan 0
1747636260431 nan 0
1747636260442 nan 0
1747636260454 nan 0
1747636260461 nan 0
1747636260473 nan 0
1747636260483 nan 0
1747636260492 nan 0
1747636260508 nan 0
1747636260530 nan 0
1747636260538 nan 0
1747636260549 nan 0
1747636260563 nan 0
1747636260572 nan 0
1747636260583 nan 0
1747636260594 nan 0
1747636260606 nan 0
1747636260619 nan 0
1747636260635 nan 0
1747636260644 nan 0
1747636260653 nan 0
1747636260664 nan 0
1747636260675 nan 0
1747636260682 nan 0
1747636260696 nan 0
1747636260707 nan 0
1747636260719 nan 0
1747636260730 nan 0
1747636260747 nan 0
1747636260763 nan 0
1747636260780 nan 0
1747636260796 nan 0
1747636260830 nan 0
1747636260841 nan 0
1747636260852 nan 0
1747636260878 nan 0
1747636260889 nan 0
1747636260900 nan 0
1747636260911 nan 0
1747636260922 nan 0
1747636260931 nan 0
1747636260940 nan 0
1747636260961 nan 0
1747636260973 nan 0
1747636260987 nan 0
1747636261017 nan 0
1747636261028 nan 0
1747636261047 nan 0
1747636261059 nan 0
1747636261073 nan 0
1747636261084 nan 0
1747636261092 nan 0
1747636261119 nan 0
1747636261130 nan 0
1747636261146 nan 0
1747636261158 nan 0
1747636261169 nan 0
1747636261180 nan 0
1747636261197 nan 0
1747636261207 nan 0
1747636261220 nan 0
1747636261243 nan 0
1747636261254 nan 0
1747636261266 nan 0
1747636261280 nan 0
1747636261291 nan 0
1747636261298 nan 0
1747636261319 nan 0
1747636261329 nan 0
1747636261340 nan 0
1747636261349 nan 0
1747636261357 nan 0
1747636261369 nan 0
1747636261380 nan 0
1747636261387 nan 0
1747636261399 nan 0
1747636261406 nan 0
1747636261417 nan 0
1747636261430 nan 0
1747636261460 nan 0
1747636261471 nan 0
1747636261483 nan 0
1747636261500 nan 0
1747636261511 nan 0
1747636261523 nan 0
1747636261530 nan 0
1747636261545 nan 0
1747636261560 nan 0
1747636261571 nan 0
1747636261582 nan 0
1747636261593 nan 0
1747636261609 nan 0
1747636261620 nan 0
1747636261643 nan 0
1747636261655 nan 0
1747636261672 nan 0
1747636261684 nan 0
1747636261702 nan 0
1747636261717 nan 0
1747636261724 nan 0
1747636261741 nan 0
1747636261748 nan 0
1747636261756 nan 0
1747636261768 nan 0
1747636261781 nan 0
1747636261788 nan 0
1747636261799 nan 0
1747636261808 nan 0
1747636261824 nan 0
1747636261836 nan 0
1747636261860 nan 0
1747636261870 nan 0
1747636261887 nan 0
1747636261897 nan 0
1747636261911 nan 0
1747636261923 nan 0
1747636261934 nan 0
1747636261944 nan 0
1747636261955 nan 0
1747636261972 nan 0
1747636261985 nan 0
1747636262009 nan 0
1747636262021 nan 0
1747636262043 nan 0
1747636262064 nan 0
1747636262077 nan 0
1747636262094 nan 0
1747636262106 nan 0
1747636262124 nan 0
1747636262149 nan 0
1747636262164 nan 0
1747636262176 nan 0
1747636262195 nan 0
1747636262218 nan 0
1747636262241 nan 0
1747636262256 nan 0
1747636262285 nan 0
1747636262297 nan 0
1747636262316 nan 0
1747636262325 nan 0
1747636262338 nan 0
1747636262350 nan 0
1747636262372 nan 0
1747636262383 nan 0
1747636262390 nan 0
1747636262407 nan 0
1747636262414 nan 0
1747636262425 nan 0
1747636262436 nan 0
1747636262447 nan 0
1747636262485 nan 0
1747636262496 nan 0
1747636262511 nan 0
1747636262532 nan 0
1747636262541 nan 0
1747636262551 nan 0
1747636262563 nan 0
1747636262574 nan 0
1747636262590 nan 0
1747636262601 nan 0
1747636262612 nan 0
1747636262620 nan 0
1747636262631 nan 0
1747636262644 nan 0
1747636262653 nan 0
1747636262665 nan 0
1747636262687 nan 0
1747636262698 nan 0
1747636262709 nan 0
1747636262722 nan 0
1747636262733 nan 0
1747636262745 nan 0
1747636262753 nan 0
1747636262764 nan 0
1747636262773 nan 0
1747636262785 nan 0
1747636262796 nan 0
1747636262803 nan 0
1747636262815 nan 0
1747636262829 nan 0
1747636262844 nan 0
1747636262853 nan 0
1747636262876 nan 0
1747636262888 nan 0
1747636262899 nan 0
1747636262910 nan 0
1747636262922 nan 0
1747636262933 nan 0
1747636262944 nan 0
1747636262961 nan 0
1747636262970 nan 0
1747636262993 nan 0
1747636263013 nan 0
1747636263033 nan 0
1747636263045 nan 0
1747636263057 nan 0
1747636263069 nan 0
1747636263090 nan 0
1747636263101 nan 0
1747636263112 nan 0
1747636263123 nan 0
1747636263138 nan 0
1747636263151 nan 0
1747636263162 nan 0
1747636263174 nan 0
1747636263187 nan 0
1747636263198 nan 0
1747636263206 nan 0
1747636263214 nan 0
1747636263230 nan 0
1747636263243 nan 0
1747636263251 nan 0
1747636263261 nan 0
1747636263279 nan 0
1747636263297 nan 0
1747636263312 nan 0
1747636263352 nan 0
1747636263363 nan 0
1747636263374 nan 0
1747636263386 nan 0
1747636263404 nan 0
1747636263419 nan 0
1747636263428 nan 0
1747636263455 nan 0
1747636263470 nan 0
1747636263484 nan 0
1747636263497 nan 0
1747636263524 nan 0
1747636263535 nan 0
1747636263546 nan 0
1747636263554 nan 0
1747636263562 nan 0
1747636263574 nan 0
1747636263586 nan 0
1747636263596 nan 0
1747636263607 nan 0
1747636263616 nan 0
1747636263627 nan 0
1747636263644 nan 0
1747636263656 nan 0
1747636263663 nan 0
1747636263674 nan 0
1747636263686 nan 0
1747636263698 nan 0
1747636263709 nan 0
1747636263720 nan 0
1747636263728 nan 0
1747636263740 nan 0
1747636263756 nan 0
1747636263771 nan 0
1747636263788 nan 0
1747636263799 nan 0
1747636263816 nan 0
1747636263827 nan 0
1747636263842 nan 0
1747636263858 nan 0
1747636263869 nan 0
1747636263887 nan 0
1747636263898 nan 0
1747636263910 nan 0
1747636263920 nan 0
1747636263932 nan 0
1747636263943 nan 0
1747636263963 nan 0
1747636263971 nan 0
1747636263981 nan 0
1747636263993 nan 0
1747636264002 nan 0
1747636264011 nan 0
1747636264023 nan 0
1747636264030 nan 0
1747636264038 nan 0
1747636264047 nan 0
1747636264054 nan 0
1747636264062 nan 0
1747636264080 nan 0
1747636264095 nan 0
1747636264112 nan 0
1747636264125 nan 0
1747636264133 nan 0
1747636264146 nan 0
1747636264155 nan 0
1747636264167 nan 0
1747636264179 nan 0
1747636264190 nan 0
1747636264205 nan 0
1747636264222 nan 0
1747636264233 nan 0
1747636264241 nan 0
1747636264252 nan 0
1747636264262 nan 0
1747636264270 nan 0
1747636264279 nan 0
1747636264290 nan 0
1747636264299 nan 0
1747636264308 nan 0
1747636264324 nan 0
1747636264333 nan 0
1747636264348 nan 0
1747636264359 nan 0
1747636264370 nan 0
1747636264381 nan 0
1747636264392 nan 0
1747636264400 nan 0
1747636264408 nan 0
1747636264420 nan 0
1747636264436 nan 0
1747636264450 nan 0
1747636264458 nan 0
1747636264466 nan 0
1747636264482 nan 0
1747636264503 nan 0
1747636264516 nan 0
1747636264533 nan 0
1747636264544 nan 0
1747636264562 nan 0
1747636264574 nan 0
1747636264588 nan 0
1747636264601 nan 0
1747636264616 nan 0
1747636264631 nan 0
1747636264642 nan 0
1747636264672 nan 0
1747636264685 nan 0
1747636264704 nan 0
1747636264720 nan 0
1747636264736 nan 0
1747636264748 nan 0
1747636264761 nan 0
1747636264776 nan 0
1747636264790 nan 0
1747636264801 nan 0
1747636264813 nan 0
1747636264825 nan 0
1747636264837 nan 0
1747636264849 nan 0
1747636264861 nan 0
1747636264873 nan 0
1747636264890 nan 0
1747636264900 nan 0
1747636264962 nan 0
1747636264986 nan 0
1747636265000 nan 0
1747636265013 nan 0
1747636265023 nan 0
1747636265040 nan 0
1747636265056 nan 0
1747636265071 nan 0
1747636265084 nan 0
1747636265093 nan 0
1747636265125 nan 0
1747636265148 nan 0
1747636265159 nan 0
1747636265173 nan 0
1747636265184 nan 0
1747636265198 nan 0
1747636265206 nan 0
1747636265217 nan 0
1747636265227 nan 0
1747636265240 nan 0
1747636265253 nan 0
1747636265273 nan 0
1747636265287 nan 0
1747636265304 nan 0
1747636265315 nan 0
1747636265333 nan 0
1747636265347 nan 0
1747636265360 nan 0
1747636265374 nan 0
1747636265387 nan 0
1747636265395 nan 0
1747636265405 nan 0
1747636265414 nan 0
1747636265438 nan 0
1747636265454 nan 0
1747636265466 nan 0
1747636265481 nan 0
1747636265497 nan 0
1747636265506 nan 0
1747636265522 nan 0
1747636265541 nan 0
1747636265565 nan 0
1747636265576 nan 0
1747636265588 nan 0
1747636265604 nan 0
1747636265615 nan 0
1747636265626 nan 0
1747636265637 nan 0
1747636265653 nan 0
1747636265664 nan 0
1747636265678 nan 0
1747636265688 nan 0
1747636265699 nan 0
1747636265709 nan 0
1747636265719 nan 0
1747636265734 nan 0
1747636265746 nan 0
1747636265766 nan 0
1747636265784 nan 0
1747636265794 nan 0
1747636265813 nan 0
1747636265825 nan 0
1747636265856 nan 0
1747636265881 nan 0
1747636265892 nan 0
1747636265903 nan 0
1747636265920 nan 0
1747636265935 nan 0
1747636265949 nan 0
1747636265961 nan 0
1747636265985 nan 0
1747636266006 nan 0
1747636266017 nan 0
1747636266034 nan 0
1747636266045 nan 0
1747636266063 nan 0
1747636266079 nan 0
1747636266090 nan 0
1747636266098 nan 0
1747636266110 nan 0
1747636266125 nan 0
1747636266148 nan 0
1747636266160 nan 0
1747636266175 nan 0
1747636266195 nan 0
1747636266231 nan 0
1747636266242 nan 0
1747636266253 nan 0
1747636266264 nan 0
1747636266279 nan 0
1747636266294 nan 0
1747636266312 nan 0
1747636266332 nan 0
1747636266344 nan 0
1747636266356 nan 0
1747636266368 nan 0
1747636266380 nan 0
1747636266390 nan 0
1747636266402 nan 0
1747636266413 nan 0
1747636266420 nan 0
1747636266429 nan 0
1747636266442 nan 0
1747636266457 nan 0
1747636266468 nan 0
1747636266480 nan 0
1747636266492 nan 0
1747636266501 nan 0
1747636266509 nan 0
1747636266520 nan 0
1747636266537 nan 0
1747636266563 nan 0
1747636266583 nan 0
1747636266595 nan 0
1747636266607 nan 0
1747636266619 nan 0
1747636266631 nan 0
1747636266642 nan 0
1747636266653 nan 0
1747636266665 nan 0
1747636266673 nan 0
1747636266689 nan 0
1747636266701 nan 0
1747636266712 nan 0
1747636266735 nan 0
1747636266749 nan 0
1747636266761 nan 0
1747636266773 nan 0
1747636266785 nan 0
1747636266796 nan 0
1747636266813 nan 0
1747636266824 nan 0
1747636266854 nan 0
1747636266866 nan 0
1747636266877 nan 0
1747636266886 nan 0
1747636266898 nan 0
1747636266913 nan 0
1747636266930 nan 0
1747636266940 nan 0
1747636266947 nan 0
1747636266955 nan 0
1747636266974 nan 0
1747636266985 nan 0
1747636266998 nan 0
1747636267008 nan 0
1747636267019 nan 0
1747636267031 nan 0
1747636267046 nan 0
1747636267053 nan 0
1747636267065 nan 0
1747636267076 nan 0
1747636267087 nan 0
1747636267096 nan 0
1747636267104 nan 0
1747636267120 nan 0
1747636267137 nan 0
1747636267146 nan 0
1747636267157 nan 0
1747636267174 nan 0
1747636267193 nan 0
1747636267204 nan 0
1747636267212 nan 0
1747636267220 nan 0
1747636267230 nan 0
1747636267240 nan 0
1747636267252 nan 0
1747636267263 nan 0
1747636267281 nan 0
1747636267292 nan 0
1747636267303 nan 0
1747636267317 nan 0
1747636267328 nan 0
1747636267340 nan 0
1747636267353 nan 0
1747636267362 nan 0
1747636267375 nan 0
1747636267397 nan 0
1747636267418 nan 0
1747636267437 nan 0
1747636267452 nan 0
1747636267474 nan 0
1747636267491 nan 0
1747636267506 nan 0
1747636267514 nan 0
1747636267522 nan 0
1747636267534 nan 0
1747636267545 nan 0
1747636267569 nan 0
1747636267581 nan 0
1747636267613 nan 0
1747636267630 nan 0
1747636267644 nan 0
1747636267656 nan 0
1747636267667 nan 0
1747636267678 nan 0
1747636267694 nan 0
1747636267704 nan 0
1747636267720 nan 0
1747636267729 nan 0
1747636267740 nan 0
1747636267750 nan 0
1747636267759 nan 0
1747636267770 nan 0
1747636267781 nan 0
1747636267792 nan 0
1747636267804 nan 0
1747636267816 nan 0
1747636267832 nan 0
1747636267842 nan 0
1747636267864 nan 0
1747636267874 nan 0
1747636267903 nan 0
1747636267912 nan 0
1747636267929 nan 0
1747636267940 nan 0
1747636267951 nan 0
1747636267963 nan 0
1747636267977 nan 0
1747636267996 nan 0
1747636268004 nan 0
1747636268017 nan 0
1747636268036 nan 0
1747636268045 nan 0
1747636268060 nan 0
1747636268072 nan 0
1747636268079 nan 0
1747636268088 nan 0
1747636268099 nan 0
1747636268113 nan 0
1747636268124 nan 0
1747636268135 nan 0
1747636268148 nan 0
1747636268161 nan 0
1747636268182 nan 0
1747636268193 nan 0
1747636268217 nan 0
1747636268249 nan 0
1747636268261 nan 0
1747636268271 nan 0
1747636268284 nan 0
1747636268296 nan 0
1747636268305 nan 0
1747636268319 nan 0
1747636268333 nan 0
1747636268342 nan 0
1747636268354 nan 0
1747636268363 nan 0
1747636268374 nan 0
1747636268402 nan 0
1747636268414 nan 0
1747636268437 nan 0
1747636268449 nan 0
1747636268475 nan 0
1747636268494 nan 0
1747636268506 nan 0
1747636268518 nan 0
1747636268535 nan 0
1747636268546 nan 0
1747636268561 nan 0
1747636268578 nan 0
1747636268591 nan 0
1747636268603 nan 0
1747636268617 nan 0
1747636268666 nan 0
1747636268679 nan 0
1747636268691 nan 0
1747636268701 nan 0
1747636268709 nan 0
1747636268724 nan 0
1747636268731 nan 0
1747636268743 nan 0
1747636268763 nan 0
1747636268784 nan 0
1747636268796 nan 0
1747636268819 nan 0
1747636268844 nan 0
1747636268855 nan 0
1747636268870 nan 0
1747636268890 nan 0
1747636268901 nan 0
1747636268917 nan 0
1747636268928 nan 0
1747636268940 nan 0
1747636268951 nan 0
1747636268963 nan 0
1747636268973 nan 0
1747636268983 nan 0
1747636268994 nan 0
1747636269004 nan 0
1747636269014 nan 0
1747636269025 nan 0
1747636269037 nan 0
1747636269049 nan 0
1747636269070 nan 0
1747636269080 nan 0
1747636269090 nan 0
1747636269103 nan 0
1747636269116 nan 0
1747636269125 nan 0
1747636269145 nan 0
1747636269165 nan 0
1747636269190 nan 0
1747636269202 nan 0
1747636269215 nan 0
1747636269227 nan 0
1747636269242 nan 0
1747636269264 nan 0
1747636269273 nan 0
1747636269285 nan 0
1747636269296 nan 0
1747636269309 nan 0
1747636269338 nan 0
1747636269351 nan 0
1747636269378 nan 0
1747636269392 nan 0
1747636269409 nan 0
1747636269435 nan 0
1747636269465 nan 0
1747636269485 nan 0
1747636269498 nan 0
1747636269514 nan 0
1747636269523 nan 0
1747636269535 nan 0
1747636269554 nan 0
1747636269568 nan 0
1747636269584 nan 0
1747636269599 nan 0
1747636269614 nan 0
1747636269624 nan 0
1747636269636 nan 0
1747636269647 nan 0
1747636269664 nan 0
1747636269673 nan 0
1747636269709 nan 0
1747636269724 nan 0
1747636269739 nan 0
1747636269750 nan 0
1747636269772 nan 0
1747636269783 nan 0
1747636269800 nan 0
1747636269818 nan 0
1747636269829 nan 0
1747636269840 nan 0
1747636269852 nan 0
1747636269870 nan 0
1747636269897 nan 0
1747636269913 nan 0
1747636269924 nan 0
1747636269935 nan 0
1747636269954 nan 0
1747636269971 nan 0
1747636269982 nan 0
1747636269997 nan 0
1747636270024 nan 0
1747636270038 nan 0
1747636270059 nan 0
1747636270082 nan 0
1747636270094 nan 0
1747636270107 nan 0
1747636270121 nan 0
1747636270132 nan 0
1747636270144 nan 0
1747636270164 nan 0
1747636270179 nan 0
1747636270191 nan 0
1747636270209 nan 0
1747636270228 nan 0
1747636270254 nan 0
1747636270269 nan 0
1747636270283 nan 0
1747636270295 nan 0
1747636270312 nan 0
1747636270327 nan 0
1747636270338 nan 0
1747636270347 nan 0
1747636270362 nan 0
1747636270379 nan 0
1747636270390 nan 0
1747636270401 nan 0
1747636270413 nan 0
1747636270431 nan 0
1747636270442 nan 0
1747636270453 nan 0
1747636270469 nan 0
1747636270487 nan 0
1747636270516 nan 0
1747636270528 nan 0
1747636270537 nan 0
1747636270549 nan 0
1747636270565 nan 0
1747636270574 nan 0
1747636270587 nan 0
1747636270595 nan 0
1747636270606 nan 0
1747636270621 nan 0
1747636270629 nan 0
1747636270636 nan 0
1747636270648 nan 0
1747636270659 nan 0
1747636270675 nan 0
1747636270687 nan 0
1747636270707 nan 0
1747636270719 nan 0
1747636270731 nan 0
1747636270745 nan 0
1747636270756 nan 0
1747636270765 nan 0
1747636270777 nan 0
1747636270793 nan 0
1747636270804 nan 0
1747636270815 nan 0
1747636270829 nan 0
1747636270846 nan 0
1747636270875 nan 0
1747636270888 nan 0
1747636270913 nan 0
1747636270926 nan 0
1747636270941 nan 0
1747636270951 nan 0
1747636270960 nan 0
1747636270971 nan 0
1747636270982 nan 0
1747636271015 nan 0
1747636271027 nan 0
1747636271038 nan 0
1747636271060 nan 0
1747636271071 nan 0
1747636271089 nan 0
1747636271103 nan 0
1747636271120 nan 0
1747636271132 nan 0
1747636271147 nan 0
1747636271166 nan 0
1747636271185 nan 0
1747636271207 nan 0
1747636271218 nan 0
1747636271243 nan 0
1747636271267 nan 0
1747636271281 nan 0
1747636271304 nan 0
1747636271335 nan 0
1747636271348 nan 0
1747636271359 nan 0
1747636271371 nan 0
1747636271383 nan 0
1747636271397 nan 0
1747636271407 nan 0
1747636271419 nan 0
1747636271435 nan 0
1747636271452 nan 0
1747636271463 nan 0
1747636271471 nan 0
1747636271481 nan 0
1747636271499 nan 0
1747636271511 nan 0
1747636271546 nan 0
1747636271557 nan 0
1747636271566 nan 0
1747636271574 nan 0
1747636271582 nan 0
1747636271592 nan 0
1747636271601 nan 0
1747636271613 nan 0
1747636271622 nan 0
1747636271637 nan 0
1747636271647 nan 0
1747636271660 nan 0
1747636271669 nan 0
1747636271678 nan 0
1747636271689 nan 0
1747636271702 nan 0
1747636271709 nan 0
1747636271722 nan 0
1747636271739 nan 0
1747636271750 nan 0
1747636271763 nan 0
1747636271776 nan 0
1747636271783 nan 0
1747636271808 nan 0
1747636271819 nan 0
1747636271829 nan 0
1747636271840 nan 0
1747636271856 nan 0
1747636271863 nan 0
1747636271880 nan 0
1747636271891 nan 0
1747636271898 nan 0
1747636271915 nan 0
1747636271927 nan 0
1747636271942 nan 0
1747636271953 nan 0
1747636271964 nan 0
1747636271981 nan 0
1747636271991 nan 0
1747636272003 nan 0
1747636272021 nan 0
1747636272036 nan 0
1747636272050 nan 0
1747636272064 nan 0
1747636272075 nan 0
1747636272086 nan 0
1747636272098 nan 0
1747636272123 nan 0
1747636272142 nan 0
1747636272154 nan 0
1747636272172 nan 0
1747636272187 nan 0
1747636272209 nan 0
1747636272228 nan 0
1747636272241 nan 0
1747636272254 nan 0
1747636272271 nan 0
1747636272284 nan 0
1747636272309 nan 0
1747636272322 nan 0
1747636272358 nan 0
1747636272366 nan 0
1747636272374 nan 0
1747636272386 nan 0
1747636272396 nan 0
1747636272409 nan 0
1747636272417 nan 0
1747636272432 nan 0
1747636272444 nan 0
1747636272456 nan 0
1747636272466 nan 0
1747636272474 nan 0
1747636272483 nan 0
1747636272492 nan 0
1747636272507 nan 0
1747636272523 nan 0
1747636272535 nan 0
1747636272555 nan 0
1747636272563 nan 0
1747636272575 nan 0
1747636272585 nan 0
1747636272597 nan 0
1747636272606 nan 0
1747636272615 nan 0
1747636272622 nan 0
1747636272636 nan 0
1747636272653 nan 0
1747636272664 nan 0
1747636272674 nan 0
1747636272684 nan 0
1747636272696 nan 0
1747636272705 nan 0
1747636272725 nan 0
1747636272737 nan 0
1747636272763 nan 0
1747636272773 nan 0
1747636272781 nan 0
1747636272795 nan 0
1747636272803 nan 0
1747636272820 nan 0
1747636272835 nan 0
1747636272871 nan 0
1747636272884 nan 0
1747636272899 nan 0
1747636272913 nan 0
1747636272936 nan 0
1747636272970 nan 0
1747636272982 nan 0
1747636272991 nan 0
1747636273007 nan 0
1747636273024 nan 0
1747636273036 nan 0
1747636273048 nan 0
1747636273058 nan 0
1747636273069 nan 0
1747636273090 nan 0
1747636273102 nan 0
1747636273112 nan 0
1747636273123 nan 0
1747636273141 nan 0
1747636273153 nan 0
1747636273172 nan 0
1747636273198 nan 0
1747636273210 nan 0
1747636273224 nan 0
1747636273236 nan 0
1747636273247 nan 0
1747636273264 nan 0
1747636273277 nan 0
1747636273293 nan 0
1747636273310 nan 0
1747636273326 nan 0
1747636273344 nan 0
1747636273398 nan 0
1747636273409 nan 0
1747636273422 nan 0
1747636273435 nan 0
1747636273447 nan 0
1747636273461 nan 0
1747636273472 nan 0
1747636273482 nan 0
1747636273493 nan 0
1747636273503 nan 0
1747636273512 nan 0
1747636273523 nan 0
1747636273536 nan 0
1747636273546 nan 0
1747636273560 nan 0
1747636273603 nan 0
1747636273616 nan 0
1747636273629 nan 0
1747636273641 nan 0
1747636273649 nan 0
1747636273672 nan 0
1747636273687 nan 0
1747636273703 nan 0
1747636273714 nan 0
1747636273725 nan 0
1747636273742 nan 0
1747636273754 nan 0
1747636273778 nan 0
1747636273790 nan 0
1747636273804 nan 0
1747636273818 nan 0
1747636273835 nan 0
1747636273846 nan 0
1747636273860 nan 0
1747636273872 nan 0
1747636273884 nan 0
1747636273891 nan 0
1747636273900 nan 0
1747636273907 nan 0
1747636273916 nan 0
1747636273925 nan 0
1747636273933 nan 0
1747636273944 nan 0
1747636273954 nan 0
1747636273990 nan 0
1747636274000 nan 0
1747636274008 nan 0
1747636274025 nan 0
1747636274038 nan 0
1747636274050 nan 0
1747636274062 nan 0
1747636274074 nan 0
1747636274082 nan 0
1747636274093 nan 0
1747636274107 nan 0
1747636274118 nan 0
1747636274129 nan 0
1747636274146 nan 0
1747636274164 nan 0
1747636274179 nan 0
1747636274192 nan 0
1747636274201 nan 0
1747636274215 nan 0
1747636274231 nan 0
1747636274251 nan 0
1747636274264 nan 0
1747636274277 nan 0
1747636274291 nan 0
1747636274303 nan 0
1747636274312 nan 0
1747636274323 nan 0
1747636274345 nan 0
1747636274355 nan 0
1747636274367 nan 0
1747636274379 nan 0
1747636274391 nan 0
1747636274410 nan 0
1747636274428 nan 0
1747636274439 nan 0
1747636274449 nan 0
1747636274477 nan 0
1747636274487 nan 0
1747636274498 nan 0
1747636274518 nan 0
1747636274529 nan 0
1747636274540 nan 0
1747636274553 nan 0
1747636274566 nan 0
1747636274585 nan 0
1747636274598 nan 0
1747636274610 nan 0
1747636274623 nan 0
1747636274634 nan 0
1747636274653 nan 0
1747636274664 nan 0
1747636274675 nan 0
1747636274688 nan 0
1747636274705 nan 0
1747636274717 nan 0
1747636274728 nan 0
1747636274755 nan 0
1747636274773 nan 0
1747636274791 nan 0
1747636274812 nan 0
1747636274822 nan 0
1747636274831 nan 0
1747636274841 nan 0
1747636274852 nan 0
1747636274864 nan 0
1747636274875 nan 0
1747636274888 nan 0
1747636274899 nan 0
1747636274907 nan 0
1747636274916 nan 0
1747636274929 nan 0
1747636274941 nan 0
1747636274955 nan 0
1747636274973 nan 0
1747636274985 nan 0
1747636275009 nan 0
1747636275020 nan 0
1747636275032 nan 0
1747636275044 nan 0
1747636275064 nan 0
1747636275076 nan 0
1747636275087 nan 0
1747636275095 nan 0
1747636275112 nan 0
1747636275122 nan 0
1747636275130 nan 0
1747636275138 nan 0
1747636275145 nan 0
1747636275157 nan 0
1747636275175 nan 0
1747636275205 nan 0
1747636275218 nan 0
1747636275232 nan 0
1747636275244 nan 0
1747636275271 nan 0
1747636275288 nan 0
1747636275303 nan 0
1747636275322 nan 0
1747636275330 nan 0
1747636275343 nan 0
1747636275358 nan 0
1747636275370 nan 0
1747636275385 nan 0
1747636275403 nan 0
1747636275415 nan 0
1747636275435 nan 0
1747636275447 nan 0
1747636275462 nan 0
1747636275481 nan 0
1747636275500 nan 0
1747636275517 nan 0
1747636275537 nan 0
1747636275547 nan 0
1747636275561 nan 0
1747636275573 nan 0
1747636275587 nan 0
1747636275600 nan 0
1747636275609 nan 0
1747636275621 nan 0
1747636275634 nan 0
1747636275645 nan 0
1747636275654 nan 0
1747636275665 nan 0
1747636275679 nan 0
1747636275692 nan 0
1747636275699 nan 0
1747636275711 nan 0
1747636275719 nan 0
1747636275735 nan 0
1747636275766 nan 0
1747636275781 nan 0
1747636275792 nan 0
1747636275810 nan 0
1747636275834 nan 0
1747636275847 nan 0
1747636275860 nan 0
1747636275871 nan 0
1747636275881 nan 0
1747636275892 nan 0
1747636275902 nan 0
1747636275919 nan 0
1747636275928 nan 0
1747636275936 nan 0
1747636275946 nan 0
1747636275955 nan 0
1747636275965 nan 0
1747636275979 nan 0
1747636275992 nan 0
1747636276005 nan 0
1747636276017 nan 0
1747636276040 nan 0
1747636276054 nan 0
1747636276065 nan 0
1747636276080 nan 0
1747636276091 nan 0
1747636276099 nan 0
1747636276111 nan 0
1747636276122 nan 0
1747636276132 nan 0
1747636276143 nan 0
1747636276153 nan 0
1747636276163 nan 0
1747636276173 nan 0
1747636276188 nan 0
1747636276203 nan 0
1747636276215 nan 0
1747636276225 nan 0
1747636276286 nan 0
1747636276298 nan 0
1747636276310 nan 0
1747636276320 nan 0
1747636276332 nan 0
1747636276347 nan 0
1747636276358 nan 0
1747636276374 nan 0
1747636276388 nan 0
1747636276399 nan 0
1747636276413 nan 0
1747636276437 nan 0
1747636276467 nan 0
1747636276476 nan 0
1747636276505 nan 0
1747636276517 nan 0
1747636276529 nan 0
1747636276545 nan 0
1747636276559 nan 0
1747636276571 nan 0
1747636276583 nan 0
1747636276594 nan 0
1747636276603 nan 0
1747636276614 nan 0
1747636276627 nan 0
1747636276640 nan 0
1747636276660 nan 0
1747636276672 nan 0
1747636276696 nan 0
1747636276708 nan 0
1747636276717 nan 0
1747636276750 nan 0
1747636276762 nan 0
1747636276773 nan 0
1747636276787 nan 0
1747636276801 nan 0
1747636276813 nan 0
1747636276825 nan 0
1747636276833 nan 0
1747636276851 nan 0
1747636276864 nan 0
1747636276875 nan 0
1747636276890 nan 0
1747636276901 nan 0
1747636276915 nan 0
1747636276932 nan 0
1747636276943 nan 0
1747636276954 nan 0
1747636276966 nan 0
1747636276993 nan 0
1747636277010 nan 0
1747636277022 nan 0
1747636277034 nan 0
1747636277052 nan 0
1747636277075 nan 0
1747636277089 nan 0
1747636277106 nan 0
1747636277121 nan 0
1747636277132 nan 0
1747636277144 nan 0
1747636277155 nan 0
1747636277166 nan 0
1747636277175 nan 0
1747636277188 nan 0
1747636277199 nan 0
1747636277207 nan 0
1747636277216 nan 0
1747636277225 nan 0
1747636278176 nan 0
1747636278194 nan 0
1747636278208 nan 0
1747636278258 nan 0
1747636278275 nan 0
1747636278287 nan 0
1747636278298 nan 0
1747636278308 nan 0
1747636278335 nan 0
1747636278350 nan 0
1747636278366 nan 0
1747636278378 nan 0
1747636278422 nan 0
1747636278449 nan 0
1747636278461 nan 0
1747636278484 nan 0
1747636278496 nan 0
1747636278510 nan 0
1747636278524 nan 0
1747636278536 nan 0
1747636278550 nan 0
1747636278562 nan 0
1747636278579 nan 0
1747636278597 nan 0
1747636278609 nan 0
1747636278622 nan 0
1747636278630 nan 0
1747636278642 nan 0
1747636278666 nan 0
1747636278677 nan 0
1747636278693 nan 0
1747636278704 nan 0
1747636278725 nan 0
1747636278764 nan 0
1747636278775 nan 0
1747636278793 nan 0
1747636278805 nan 0
1747636278835 nan 0
1747636278849 nan 0
1747636278861 nan 0
1747636278869 nan 0
1747636278886 nan 0
1747636278903 nan 0
1747636278912 nan 0
1747636278938 nan 0
1747636278961 nan 0
1747636278970 nan 0
1747636278997 nan 0
1747636279009 nan 0
1747636279035 nan 0
1747636279046 nan 0
1747636279065 nan 0
1747636279085 nan 0
1747636279105 nan 0
1747636279116 nan 0
1747636279129 nan 0
1747636279137 nan 0
1747636279154 nan 0
1747636279177 nan 0
1747636279189 nan 0
1747636279206 nan 0
1747636279224 nan 0
1747636279237 nan 0
1747636279252 nan 0
1747636279273 nan 0
1747636279296 nan 0
1747636279307 nan 0
1747636279318 nan 0
1747636279337 nan 0
1747636279349 nan 0
1747636279371 nan 0
1747636279382 nan 0
1747636279399 nan 0
1747636279420 nan 0
1747636279432 nan 0
1747636279444 nan 0
1747636279458 nan 0
1747636279472 nan 0
1747636279484 nan 0
1747636279491 nan 0
1747636279504 nan 0
1747636279528 nan 0
1747636279541 nan 0
1747636279553 nan 0
1747636279565 nan 0
1747636279581 nan 0
1747636279593 nan 0
1747636279604 nan 0
1747636279617 nan 0
1747636279659 nan 0
1747636279690 nan 0
1747636279702 nan 0
1747636279714 nan 0
1747636279723 nan 0
1747636279752 nan 0
1747636279772 nan 0
1747636279782 nan 0
1747636279792 nan 0
1747636279804 nan 0
1747636279818 nan 0
1747636279833 nan 0
1747636279846 nan 0
1747636279857 nan 0
1747636279898 nan 0
1747636279913 nan 0
1747636279928 nan 0
1747636279938 nan 0
1747636279946 nan 0
1747636279956 nan 0
1747636279969 nan 0
1747636279981 nan 0
1747636279990 nan 0
1747636280002 nan 0
1747636280013 nan 0
1747636280043 nan 0
1747636280060 nan 0
1747636280092 nan 0
1747636280103 nan 0
1747636280114 nan 0
1747636280125 nan 0
1747636280134 nan 0
1747636280145 nan 0
1747636280154 nan 0
1747636280163 nan 0
1747636280174 nan 0
1747636280185 nan 0
1747636280194 nan 0
1747636280205 nan 0
1747636280217 nan 0
1747636280228 nan 0
1747636280249 nan 0
1747636280269 nan 0
1747636280281 nan 0
1747636280289 nan 0
1747636280311 nan 0
1747636280323 nan 0
1747636280335 nan 0
1747636280350 nan 0
1747636280363 nan 0
1747636280371 nan 0
1747636280380 nan 0
1747636280397 nan 0
1747636280432 nan 0
1747636280453 nan 0
1747636280464 nan 0
1747636280477 nan 0
1747636280500 nan 0
1747636280523 nan 0
1747636280534 nan 0
1747636280545 nan 0
1747636280557 nan 0
1747636280568 nan 0
1747636280586 nan 0
1747636280595 nan 0
1747636280609 nan 0
1747636280625 nan 0
1747636280636 nan 0
1747636280649 nan 0
1747636280678 nan 0
1747636280691 nan 0
1747636280703 nan 0
1747636280720 nan 0
1747636280735 nan 0
1747636280742 nan 0
1747636280753 nan 0
1747636280761 nan 0
1747636280774 nan 0
1747636280790 nan 0
1747636280811 nan 0
1747636280838 nan 0
1747636280850 nan 0
1747636280867 nan 0
1747636280882 nan 0
1747636280896 nan 0
1747636280908 nan 0
1747636280921 nan 0
1747636280940 nan 0
1747636280950 nan 0
1747636280962 nan 0
1747636281008 nan 0
1747636281019 nan 0
1747636281033 nan 0
1747636281044 nan 0
1747636281063 nan 0
1747636281091 nan 0
1747636281105 nan 0
1747636281117 nan 0
1747636281124 nan 0
1747636281149 nan 0
1747636281166 nan 0
1747636281178 nan 0
1747636281186 nan 0
1747636281198 nan 0
1747636281209 nan 0
1747636281221 nan 0
1747636281232 nan 0
1747636281264 nan 0
1747636281284 nan 0
1747636281303 nan 0
1747636281314 nan 0
1747636281327 nan 0
1747636281343 nan 0
1747636281355 nan 0
1747636281365 nan 0
1747636281374 nan 0
1747636281387 nan 0
1747636281400 nan 0
1747636281408 nan 0
1747636281420 nan 0
1747636281431 nan 0
1747636281438 nan 0
1747636281450 nan 0
1747636281463 nan 0
1747636281485 nan 0
1747636281497 nan 0
1747636281510 nan 0
1747636281522 nan 0
1747636281533 nan 0
1747636281545 nan 0
1747636281558 nan 0
1747636281571 nan 0
1747636281580 nan 0
1747636281592 nan 0
1747636281603 nan 0
1747636281615 nan 0
1747636281633 nan 0
1747636281650 nan 0
1747636281659 nan 0
1747636281671 nan 0
1747636281684 nan 0
1747636281708 nan 0
1747636281722 nan 0
1747636281733 nan 0
1747636281741 nan 0
1747636281751 nan 0
1747636281763 nan 0
1747636281778 nan 0
1747636281798 nan 0
1747636281808 nan 0
1747636281820 nan 0
1747636281832 nan 0
1747636281843 nan 0
1747636281858 nan 0
1747636281871 nan 0
1747636281889 nan 0
1747636281916 nan 0
1747636281928 nan 0
1747636281937 nan 0
1747636281945 nan 0
1747636281957 nan 0
1747636281968 nan 0
1747636281988 nan 0
1747636282004 nan 0
1747636282016 nan 0
1747636282027 nan 0
1747636282042 nan 0
1747636282059 nan 0
1747636282087 nan 0
1747636282106 nan 0
1747636282126 nan 0
1747636282137 nan 0
1747636282171 nan 0
1747636282183 nan 0
1747636282207 nan 0
1747636282219 nan 0
1747636282230 nan 0
1747636282241 nan 0
1747636282259 nan 0
1747636282275 nan 0
1747636282288 nan 0
1747636282301 nan 0
1747636282314 nan 0
1747636282327 nan 0
1747636282342 nan 0
1747636282359 nan 0
1747636282371 nan 0
1747636282389 nan 0
1747636282403 nan 0
1747636282414 nan 0
1747636282425 nan 0
1747636282437 nan 0
1747636282449 nan 0
1747636282466 nan 0
1747636282478 nan 0
1747636282491 nan 0
1747636282503 nan 0
1747636282516 nan 0
1747636282547 nan 0
1747636282559 nan 0
1747636282569 nan 0
1747636282580 nan 0
1747636282590 nan 0
1747636282601 nan 0
1747636282624 nan 0
1747636282641 nan 0
1747636282649 nan 0
1747636282669 nan 0
1747636282679 nan 0
1747636282691 nan 0
1747636282704 nan 0
1747636282727 nan 0
1747636282742 nan 0
1747636282757 nan 0
1747636282771 nan 0
1747636282791 nan 0
1747636282801 nan 0
1747636282834 nan 0
1747636282846 nan 0
1747636282869 nan 0
1747636282880 nan 0
1747636282893 nan 0
1747636282906 nan 0
1747636282922 nan 0
1747636282932 nan 0
1747636282944 nan 0
1747636282957 nan 0
1747636282976 nan 0
1747636282997 nan 0
1747636283021 nan 0
1747636283033 nan 0
1747636283045 nan 0
1747636283059 nan 0
1747636283070 nan 0
1747636283079 nan 0
1747636283109 nan 0
1747636283130 nan 0
1747636283158 nan 0
1747636283181 nan 0
1747636283193 nan 0
1747636283200 nan 0
1747636283213 nan 0
1747636283225 nan 0
1747636283243 nan 0
1747636283254 nan 0
1747636283265 nan 0
1747636283273 nan 0
1747636283283 nan 0
1747636283295 nan 0
1747636283308 nan 0
1747636283321 nan 0
1747636283358 nan 0
1747636283369 nan 0
1747636283380 nan 0
1747636283396 nan 0
1747636283417 nan 0
1747636283428 nan 0
1747636283445 nan 0
1747636283456 nan 0
1747636283466 nan 0
1747636283490 nan 0
1747636283501 nan 0
1747636283524 nan 0
1747636283539 nan 0
1747636283553 nan 0
1747636283567 nan 0
1747636283591 nan 0
1747636283605 nan 0
1747636283630 nan 0
1747636283644 nan 0
1747636283661 nan 0
1747636283687 nan 0
1747636283706 nan 0
1747636283725 nan 0
1747636283753 nan 0
1747636283765 nan 0
1747636283784 nan 0
1747636283796 nan 0
1747636283808 nan 0
1747636283820 nan 0
1747636283832 nan 0
1747636283844 nan 0
1747636283875 nan 0
1747636283902 nan 0
1747636283917 nan 0
1747636283929 nan 0
1747636283950 nan 0
1747636283963 nan 0
1747636283985 nan 0
1747636283997 nan 0
1747636284004 nan 0
1747636284024 nan 0
1747636284047 nan 0
1747636284063 nan 0
1747636284079 nan 0
1747636284114 nan 0
1747636284126 nan 0
1747636284149 nan 0
1747636284162 nan 0
1747636284174 nan 0
1747636284189 nan 0
1747636284201 nan 0
1747636284213 nan 0
1747636284229 nan 0
1747636284237 nan 0
1747636284249 nan 0
1747636284268 nan 0
1747636284280 nan 0
1747636284302 nan 0
1747636284317 nan 0
1747636284335 nan 0
1747636284357 nan 0
1747636284375 nan 0
1747636284387 nan 0
1747636284415 nan 0
1747636284427 nan 0
1747636284439 nan 0
1747636284451 nan 0
1747636284468 nan 0
1747636284478 nan 0
1747636284493 nan 0
1747636284509 nan 0
1747636284517 nan 0
1747636284541 nan 0
1747636284565 nan 0
1747636284575 nan 0
1747636284590 nan 0
1747636284603 nan 0
1747636284615 nan 0
1747636284629 nan 0
1747636284645 nan 0
1747636284656 nan 0
1747636284668 nan 0
1747636284697 nan 0
1747636284714 nan 0
1747636284738 nan 0
1747636284749 nan 0
1747636284769 nan 0
1747636284781 nan 0
1747636284793 nan 0
1747636284812 nan 0
1747636284821 nan 0
1747636284833 nan 0
1747636284856 nan 0
1747636284867 nan 0
1747636284878 nan 0
1747636284901 nan 0
1747636284913 nan 0
1747636284931 nan 0
1747636284943 nan 0
1747636284968 nan 0
1747636284983 nan 0
1747636284995 nan 0
1747636285011 nan 0
1747636285022 nan 0
1747636285039 nan 0
