1747636247161 28.64865294150348 0
1747636247184 0.0 0
1747636247196 0.0 0
1747636247213 0.0 0
1747636247225 0.0 0
1747636247237 0.0 0
1747636247246 0.0 0
1747636247263 0.0 0
1747636247274 50.0 0
1747636247285 50.0 0
1747636247306 50.0 0
1747636247317 0.0 0
1747636247325 0.0 0
1747636247341 50.0 0
1747636247352 0.0 0
1747636247359 0.0 0
1747636247390 0.0 0
1747636247419 50.0 0
1747636247449 0.0 0
1747636247460 50.0 0
1747636247471 0.0 0
1747636247480 0.0 0
1747636247497 0.0 0
1747636247511 0.0 0
1747636247521 0.0 0
1747636247529 50.0 0
1747636247538 50.0 0
1747636247546 50.0 0
1747636247568 0.0 0
1747636247586 0.0 0
1747636247597 50.0 0
1747636247609 50.0 0
1747636247620 50.0 0
1747636247631 50.0 0
1747636247641 50.0 0
1747636247652 0.0 0
1747636247663 0.0 0
1747636247679 50.0 0
1747636247687 0.0 0
1747636247696 50.0 0
1747636247703 0.0 0
1747636247711 50.0 0
1747636247732 0.0 0
1747636247745 0.0 0
1747636247755 50.0 0
1747636247770 0.0 0
1747636247784 0.0 0
1747636247808 50.0 0
1747636247820 50.0 0
1747636247833 50.0 0
1747636247849 50.0 0
1747636247872 0.0 0
1747636247884 0.0 0
1747636247901 0.0 0
1747636247912 0.0 0
1747636247924 50.0 0
1747636247944 0.0 0
1747636247962 50.0 0
1747636248021 50.0 0
1747636248035 0.0 0
1747636248043 0.0 0
1747636248052 0.0 0
1747636248065 0.0 0
1747636248075 0.0 0
1747636248088 50.0 0
1747636248096 0.0 0
1747636248109 0.0 0
1747636248117 0.0 0
1747636248144 50.0 0
1747636248156 50.0 0
1747636248166 0.0 0
1747636248179 0.0 0
1747636248200 50.0 0
1747636248222 50.0 0
1747636248235 0.0 0
1747636248248 0.0 0
1747636248259 50.0 0
1747636248273 0.0 0
1747636248294 50.0 0
1747636248306 0.0 0
1747636248326 0.0 0
1747636248356 0.0 0
1747636248368 0.0 0
1747636248379 0.0 0
1747636248391 0.0 0
1747636248403 50.0 0
1747636248437 0.0 0
1747636248447 0.0 0
1747636248461 50.0 0
1747636248472 0.0 0
1747636248483 0.0 0
1747636248494 0.0 0
1747636248505 50.0 0
1747636248516 0.0 0
1747636248526 50.0 0
1747636248538 50.0 0
1747636248555 0.0 0
1747636248566 50.0 0
1747636248577 0.0 0
1747636248588 50.0 0
1747636248599 50.0 0
1747636248609 0.0 0
1747636248620 0.0 0
1747636248631 50.0 0
1747636248643 0.0 0
1747636248652 50.0 0
1747636248667 0.0 0
1747636248679 0.0 0
1747636248696 50.0 0
1747636248707 50.0 0
1747636248724 0.0 0
1747636248743 50.0 0
1747636248753 50.0 0
1747636248765 50.0 0
1747636248775 50.0 0
1747636248786 0.0 0
1747636248794 0.0 0
1747636248810 50.0 0
1747636248825 0.0 0
1747636248838 50.0 0
1747636248863 0.0 0
1747636248875 50.0 0
1747636248885 0.0 0
1747636248900 0.0 0
1747636248908 0.0 0
1747636248920 0.0 0
1747636248929 0.0 0
1747636248938 50.0 0
1747636248946 0.0 0
1747636248957 50.0 0
1747636248972 0.0 0
1747636248983 50.0 0
1747636248994 0.0 0
1747636249006 0.0 0
1747636249017 0.0 0
1747636249028 50.0 0
1747636249040 50.0 0
1747636249068 0.0 0
1747636249079 0.0 0
1747636249090 0.0 0
1747636249104 50.0 0
1747636249115 0.0 0
1747636249129 0.0 0
1747636249140 50.0 0
1747636249151 0.0 0
1747636249163 50.0 0
1747636249182 50.0 0
1747636249193 50.0 0
1747636249222 0.0 0
1747636249233 0.0 0
1747636249246 0.0 0
1747636249258 0.0 0
1747636249268 0.0 0
1747636249300 0.0 0
1747636249316 0.0 0
1747636249325 50.0 0
1747636249336 0.0 0
1747636249346 0.0 0
1747636249356 0.0 0
1747636249364 50.0 0
1747636249376 0.0 0
1747636249397 0.0 0
1747636249408 50.0 0
1747636249418 0.0 0
1747636249433 0.0 0
1747636249446 50.0 0
1747636249458 0.0 0
1747636249470 50.0 0
1747636249480 50.0 0
1747636249492 0.0 0
1747636249506 0.0 0
1747636249517 0.0 0
1747636249530 0.0 0
1747636249549 0.0 0
1747636249559 0.0 0
1747636249567 0.0 0
1747636249588 0.0 0
1747636249599 50.0 0
1747636249624 50.0 0
1747636249638 0.0 0
1747636249669 0.0 0
1747636249684 50.0 0
1747636249706 0.0 0
1747636249717 0.0 0
1747636249728 0.0 0
1747636249739 0.0 0
1747636249751 50.0 0
1747636249762 0.0 0
1747636249778 0.0 0
1747636249805 50.0 0
1747636249818 50.0 0
1747636249829 50.0 0
1747636249843 50.0 0
1747636249853 0.0 0
1747636249877 0.0 0
1747636249889 0.0 0
1747636249899 0.0 0
1747636249910 50.0 0
1747636249926 0.0 0
1747636249934 0.0 0
1747636249942 50.0 0
1747636249955 50.0 0
1747636249966 50.0 0
1747636249977 0.0 0
1747636249986 0.0 0
1747636249998 0.0 0
1747636250009 50.0 0
1747636250026 50.0 0
1747636250037 50.0 0
1747636250048 50.0 0
1747636250061 50.0 0
1747636250073 0.0 0
1747636250091 50.0 0
1747636250101 0.0 0
1747636250117 0.0 0
1747636250128 50.0 0
1747636250140 50.0 0
1747636250152 0.0 0
1747636250159 50.0 0
1747636250173 50.0 0
1747636250184 0.0 0
1747636250194 0.0 0
1747636250201 0.0 0
1747636250212 50.0 0
1747636250222 0.0 0
1747636250244 50.0 0
1747636250261 0.0 0
1747636250272 50.0 0
1747636250284 50.0 0
1747636250293 50.0 0
1747636250301 50.0 0
1747636250314 50.0 0
1747636250324 50.0 0
1747636250336 0.0 0
1747636250345 0.0 0
1747636250357 0.0 0
1747636250371 0.0 0
1747636250388 50.0 0
1747636250398 50.0 0
1747636250410 0.0 0
1747636250421 50.0 0
1747636250432 0.0 0
1747636250443 50.0 0
1747636250454 0.0 0
1747636250465 50.0 0
1747636250483 50.0 0
1747636250501 0.0 0
1747636250513 50.0 0
1747636250524 50.0 0
1747636250535 50.0 0
1747636250546 50.0 0
1747636250557 50.0 0
1747636250567 0.0 0
1747636250582 0.0 0
1747636250593 50.0 0
1747636250609 0.0 0
1747636250620 0.0 0
1747636250633 50.0 0
1747636250644 0.0 0
1747636250653 50.0 0
1747636250669 50.0 0
1747636250677 50.0 0
1747636250688 50.0 0
1747636250701 0.0 0
1747636250709 0.0 0
1747636250741 50.0 0
1747636250752 0.0 0
1747636250780 0.0 0
1747636250791 0.0 0
1747636250800 0.0 0
1747636250811 50.0 0
1747636250821 50.0 0
1747636250829 50.0 0
1747636250840 50.0 0
1747636250857 50.0 0
1747636250868 50.0 0
1747636250885 0.0 0
1747636250902 50.0 0
1747636250913 0.0 0
1747636250922 50.0 0
1747636250933 50.0 0
1747636250971 50.0 0
1747636250983 50.0 0
1747636250993 50.0 0
1747636251004 0.0 0
1747636251037 50.0 0
1747636251054 0.0 0
1747636251075 0.0 0
1747636251088 50.0 0
1747636251111 0.0 0
1747636251119 50.0 0
1747636251126 50.0 0
1747636251146 0.0 0
1747636251158 0.0 0
1747636251168 0.0 0
1747636251180 0.0 0
1747636251199 50.0 0
1747636251215 0.0 0
1747636251230 0.0 0
1747636251238 0.0 0
1747636251249 50.0 0
1747636251261 50.0 0
1747636251273 50.0 0
1747636251284 0.0 0
1747636251300 0.0 0
1747636251317 0.0 0
1747636251329 0.0 0
1747636251340 50.0 0
1747636251351 0.0 0
1747636251359 50.0 0
1747636251371 0.0 0
1747636251383 50.0 0
1747636251392 0.0 0
1747636251407 0.0 0
1747636251418 0.0 0
1747636251430 0.0 0
1747636251444 50.0 0
1747636251455 0.0 0
1747636251470 50.0 0
1747636251481 50.0 0
1747636251497 0.0 0
1747636251509 50.0 0
1747636251529 0.0 0
1747636251542 50.0 0
1747636251553 0.0 0
1747636251565 0.0 0
1747636251577 50.0 0
1747636251587 50.0 0
1747636251604 0.0 0
1747636251626 50.0 0
1747636251638 0.0 0
1747636251649 0.0 0
1747636251659 0.0 0
1747636251672 0.0 0
1747636251681 0.0 0
1747636251689 0.0 0
1747636251731 0.0 0
1747636251749 0.0 0
1747636251758 50.0 0
1747636251770 50.0 0
1747636251785 0.0 0
1747636251799 0.0 0
1747636251816 50.0 0
1747636251826 50.0 0
1747636251837 50.0 0
1747636251849 0.0 0
1747636251860 50.0 0
1747636251871 50.0 0
1747636251882 50.0 0
1747636251893 50.0 0
1747636251901 50.0 0
1747636251910 0.0 0
1747636251929 50.0 0
1747636251939 0.0 0
1747636251947 50.0 0
1747636251958 50.0 0
1747636251971 0.0 0
1747636251982 50.0 0
1747636251991 0.0 0
1747636252000 50.0 0
1747636252011 0.0 0
1747636252021 50.0 0
1747636252030 0.0 0
1747636252039 0.0 0
1747636252056 50.0 0
1747636252066 50.0 0
1747636252076 50.0 0
1747636252091 50.0 0
1747636252107 0.0 0
1747636252118 50.0 0
1747636252141 50.0 0
1747636252151 50.0 0
1747636252163 50.0 0
1747636252172 0.0 0
1747636252189 0.0 0
1747636252201 0.0 0
1747636252212 0.0 0
1747636252223 50.0 0
1747636252235 0.0 0
1747636252246 0.0 0
1747636252254 0.0 0
1747636252261 0.0 0
1747636252270 50.0 0
1747636252285 50.0 0
1747636252302 0.0 0
1747636252313 0.0 0
1747636252327 0.0 0
1747636252350 50.0 0
1747636252368 50.0 0
1747636252379 0.0 0
1747636252388 50.0 0
1747636252398 50.0 0
1747636252416 0.0 0
1747636252427 0.0 0
1747636252438 50.0 0
1747636252459 0.0 0
1747636252479 0.0 0
1747636252493 0.0 0
1747636252503 0.0 0
1747636252520 0.0 0
1747636252543 0.0 0
1747636252564 50.0 0
1747636252576 50.0 0
1747636252588 50.0 0
1747636252597 50.0 0
1747636252610 0.0 0
1747636252637 50.0 0
1747636252649 50.0 0
1747636252660 50.0 0
1747636252672 0.0 0
1747636252681 50.0 0
1747636252692 50.0 0
1747636252703 0.0 0
1747636252715 50.0 0
1747636252726 0.0 0
1747636252736 0.0 0
1747636252748 0.0 0
1747636252759 50.0 0
1747636252771 50.0 0
1747636252785 50.0 0
1747636252795 50.0 0
1747636252807 0.0 0
1747636252817 50.0 0
1747636252826 0.0 0
1747636252835 50.0 0
1747636252861 0.0 0
1747636252873 0.0 0
1747636252887 50.0 0
1747636252897 0.0 0
1747636252905 0.0 0
1747636252913 50.0 0
1747636252924 50.0 0
1747636252937 50.0 0
1747636252947 0.0 0
1747636252959 0.0 0
1747636252970 50.0 0
1747636252985 50.0 0
1747636252996 0.0 0
1747636253005 0.0 0
1747636253017 50.0 0
1747636253026 50.0 0
1747636253037 50.0 0
1747636253050 0.0 0
1747636253061 50.0 0
1747636253072 50.0 0
1747636253083 0.0 0
1747636253096 0.0 0
1747636253108 50.0 0
1747636253120 0.0 0
1747636253130 50.0 0
1747636253145 50.0 0
1747636253158 0.0 0
1747636253173 50.0 0
1747636253186 50.0 0
1747636253197 50.0 0
1747636253219 50.0 0
1747636253236 0.0 0
1747636253253 0.0 0
1747636253265 50.0 0
1747636253286 0.0 0
1747636253300 0.0 0
1747636253314 0.0 0
1747636253326 50.0 0
1747636253340 0.0 0
1747636253354 50.0 0
1747636253375 0.0 0
1747636253388 0.0 0
1747636253400 50.0 0
1747636253417 50.0 0
1747636253429 50.0 0
1747636253442 50.0 0
1747636253453 0.0 0
1747636253460 50.0 0
1747636253476 50.0 0
1747636253487 50.0 0
1747636253501 0.0 0
1747636253522 0.0 0
1747636253537 0.0 0
1747636253554 0.0 0
1747636253571 50.0 0
1747636253587 0.0 0
1747636253596 0.0 0
1747636253613 0.0 0
1747636253623 0.0 0
1747636253634 0.0 0
1747636253645 50.0 0
1747636253653 0.0 0
1747636253665 50.0 0
1747636253676 0.0 0
1747636253689 50.0 0
1747636253699 50.0 0
1747636253712 50.0 0
1747636253720 0.0 0
1747636253731 0.0 0
1747636253741 0.0 0
1747636253753 50.0 0
1747636253771 50.0 0
1747636253783 50.0 0
1747636253795 50.0 0
1747636253806 50.0 0
1747636253817 0.0 0
1747636253829 50.0 0
1747636253843 50.0 0
1747636253860 50.0 0
1747636253871 50.0 0
1747636253882 50.0 0
1747636253891 0.0 0
1747636253902 0.0 0
1747636253910 0.0 0
1747636253921 50.0 0
1747636253932 0.0 0
1747636253943 50.0 0
1747636253955 0.0 0
1747636253977 0.0 0
1747636253996 50.0 0
1747636254015 0.0 0
1747636254036 0.0 0
1747636254047 0.0 0
1747636254066 50.0 0
1747636254078 50.0 0
1747636254093 50.0 0
1747636254108 50.0 0
1747636254117 50.0 0
1747636254133 50.0 0
1747636254147 50.0 0
1747636254158 0.0 0
1747636254170 0.0 0
1747636254188 0.0 0
1747636254201 50.0 0
1747636254212 50.0 0
1747636254222 0.0 0
1747636254233 0.0 0
1747636254243 50.0 0
1747636254253 0.0 0
1747636254266 50.0 0
1747636254277 0.0 0
1747636254298 50.0 0
1747636254309 50.0 0
1747636254326 0.0 0
1747636254342 0.0 0
1747636254360 50.0 0
1747636254376 0.0 0
1747636254388 0.0 0
1747636254406 50.0 0
1747636254417 50.0 0
1747636254439 0.0 0
1747636254450 50.0 0
1747636254462 50.0 0
1747636254473 0.0 0
1747636254489 50.0 0
1747636254500 0.0 0
1747636254515 50.0 0
1747636254531 50.0 0
1747636254545 50.0 0
1747636254554 0.0 0
1747636254563 50.0 0
1747636254574 50.0 0
1747636254586 50.0 0
1747636254599 0.0 0
1747636254611 0.0 0
1747636254620 0.0 0
1747636254631 50.0 0
1747636254641 50.0 0
1747636254665 50.0 0
1747636254676 50.0 0
1747636254693 0.0 0
1747636254703 0.0 0
1747636254720 0.0 0
1747636254737 0.0 0
1747636254748 50.0 0
1747636254759 50.0 0
1747636254774 50.0 0
1747636254783 50.0 0
1747636254796 0.0 0
1747636254811 0.0 0
1747636254822 50.0 0
1747636254839 50.0 0
1747636254850 0.0 0
1747636254859 0.0 0
1747636254870 50.0 0
1747636254885 0.0 0
1747636254893 0.0 0
1747636254907 50.0 0
1747636254921 50.0 0
1747636254934 0.0 0
1747636254944 0.0 0
1747636254956 0.0 0
1747636254967 0.0 0
1747636254978 50.0 0
1747636254995 0.0 0
1747636255013 50.0 0
1747636255032 0.0 0
1747636255045 0.0 0
1747636255057 0.0 0
1747636255069 50.0 0
1747636255081 0.0 0
1747636255092 0.0 0
1747636255103 0.0 0
1747636255115 0.0 0
1747636255126 50.0 0
1747636255137 0.0 0
1747636255167 0.0 0
1747636255179 50.0 0
1747636255219 0.0 0
1747636255247 0.0 0
1747636255265 50.0 0
1747636255282 0.0 0
1747636255293 50.0 0
1747636255305 50.0 0
1747636255316 50.0 0
1747636255328 50.0 0
1747636255339 0.0 0
1747636255351 0.0 0
1747636255363 50.0 0
1747636255374 50.0 0
1747636255396 50.0 0
1747636255408 50.0 0
1747636255420 50.0 0
1747636255432 50.0 0
1747636255449 0.0 0
1747636255466 50.0 0
1747636255477 0.0 0
1747636255499 50.0 0
1747636255514 50.0 0
1747636255535 0.0 0
1747636255547 0.0 0
1747636255568 0.0 0
1747636255583 0.0 0
1747636255594 0.0 0
1747636255606 0.0 0
1747636255623 0.0 0
1747636255639 50.0 0
1747636255650 50.0 0
1747636255661 50.0 0
1747636255683 0.0 0
1747636255694 50.0 0
1747636255705 0.0 0
1747636255721 50.0 0
1747636255732 50.0 0
1747636255743 50.0 0
1747636255758 50.0 0
1747636255775 0.0 0
1747636255785 0.0 0
1747636255796 0.0 0
1747636255808 50.0 0
1747636255820 0.0 0
1747636255832 50.0 0
1747636255843 50.0 0
1747636255853 0.0 0
1747636255864 0.0 0
1747636255875 0.0 0
1747636255891 50.0 0
1747636255902 0.0 0
1747636255933 50.0 0
1747636255945 0.0 0
1747636255955 50.0 0
1747636255966 50.0 0
1747636255981 0.0 0
1747636255992 50.0 0
1747636256003 50.0 0
1747636256016 50.0 0
1747636256028 0.0 0
1747636256039 0.0 0
1747636256050 50.0 0
1747636256062 50.0 0
1747636256075 50.0 0
1747636256091 50.0 0
1747636256102 50.0 0
1747636256119 0.0 0
1747636256130 50.0 0
1747636256146 0.0 0
1747636256159 50.0 0
1747636256168 0.0 0
1747636256179 0.0 0
1747636256191 0.0 0
1747636256202 0.0 0
1747636256213 50.0 0
1747636256248 0.0 0
1747636256270 0.0 0
1747636256281 50.0 0
1747636256293 0.0 0
1747636256314 0.0 0
1747636256330 50.0 0
1747636256347 50.0 0
1747636256355 50.0 0
1747636256371 50.0 0
1747636256382 0.0 0
1747636256394 0.0 0
1747636256405 0.0 0
1747636256415 0.0 0
1747636256445 0.0 0
1747636256471 0.0 0
1747636256485 50.0 0
1747636256496 0.0 0
1747636256505 50.0 0
1747636256516 0.0 0
1747636256527 0.0 0
1747636256538 0.0 0
1747636256550 50.0 0
1747636256569 0.0 0
1747636256581 0.0 0
1747636256592 0.0 0
1747636256605 50.0 0
1747636256616 50.0 0
1747636256625 0.0 0
1747636256643 0.0 0
1747636256663 0.0 0
1747636256675 50.0 0
1747636256691 50.0 0
1747636256701 50.0 0
1747636256712 50.0 0
1747636256723 0.0 0
1747636256734 0.0 0
1747636256745 0.0 0
1747636256767 0.0 0
1747636256802 0.0 0
1747636256830 0.0 0
1747636256850 50.0 0
1747636256861 50.0 0
1747636256878 50.0 0
1747636256890 0.0 0
1747636256902 0.0 0
1747636256919 50.0 0
1747636256936 0.0 0
1747636256947 50.0 0
1747636256958 50.0 0
1747636256974 50.0 0
1747636256990 50.0 0
1747636257001 50.0 0
1747636257012 0.0 0
1747636257028 0.0 0
1747636257040 0.0 0
1747636257057 50.0 0
1747636257069 50.0 0
1747636257091 50.0 0
1747636257102 0.0 0
1747636257119 0.0 0
1747636257129 50.0 0
1747636257146 50.0 0
1747636257157 50.0 0
1747636257168 50.0 0
1747636257179 0.0 0
1747636257190 0.0 0
1747636257211 0.0 0
1747636257227 50.0 0
1747636257238 50.0 0
1747636257251 0.0 0
1747636257270 50.0 0
1747636257281 0.0 0
1747636257292 0.0 0
1747636257303 0.0 0
1747636257319 0.0 0
1747636257331 50.0 0
1747636257343 50.0 0
1747636257359 50.0 0
1747636257368 50.0 0
1747636257378 0.0 0
1747636257389 50.0 0
1747636257400 0.0 0
1747636257417 0.0 0
1747636257428 0.0 0
1747636257439 50.0 0
1747636257451 50.0 0
1747636257478 50.0 0
1747636257494 50.0 0
1747636257506 0.0 0
1747636257518 0.0 0
1747636257526 0.0 0
1747636257537 0.0 0
1747636257548 50.0 0
1747636257560 50.0 0
1747636257572 50.0 0
1747636257580 0.0 0
1747636257597 0.0 0
1747636257608 50.0 0
1747636257619 0.0 0
1747636257627 0.0 0
1747636257641 50.0 0
1747636257655 50.0 0
1747636257673 0.0 0
1747636257684 0.0 0
1747636257698 0.0 0
1747636257713 50.0 0
1747636257730 0.0 0
1747636257741 50.0 0
1747636257750 50.0 0
1747636257763 50.0 0
1747636257771 50.0 0
1747636257782 50.0 0
1747636257794 0.0 0
1747636257809 50.0 0
1747636257820 50.0 0
1747636257835 0.0 0
1747636257850 0.0 0
1747636257862 50.0 0
1747636257874 0.0 0
1747636257892 50.0 0
1747636257901 0.0 0
1747636257912 50.0 0
1747636257927 50.0 0
1747636257953 50.0 0
1747636257966 50.0 0
1747636257975 50.0 0
1747636257984 0.0 0
1747636257994 0.0 0
1747636258004 0.0 0
1747636258015 0.0 0
1747636258026 0.0 0
1747636258036 0.0 0
1747636258051 50.0 0
1747636258063 50.0 0
1747636258081 0.0 0
1747636258092 50.0 0
1747636258103 0.0 0
1747636258114 0.0 0
1747636258127 0.0 0
1747636258138 50.0 0
1747636258146 0.0 0
1747636258155 50.0 0
1747636258170 0.0 0
1747636258184 50.0 0
1747636258194 0.0 0
1747636258204 0.0 0
1747636258214 0.0 0
1747636258225 0.0 0
1747636258235 50.0 0
1747636258243 0.0 0
1747636258254 50.0 0
1747636259381 0.0 0
1747636259399 50.0 0
1747636259411 0.0 0
1747636259427 0.0 0
1747636259443 50.0 0
1747636259462 0.0 0
1747636259476 50.0 0
1747636259492 0.0 0
1747636259510 50.0 0
1747636259532 0.0 0
1747636259549 50.0 0
1747636259572 0.0 0
1747636259586 0.0 0
1747636259607 0.0 0
1747636259617 50.0 0
1747636259631 0.0 0
1747636259642 0.0 0
1747636259661 0.0 0
1747636259679 50.0 0
1747636259692 0.0 0
1747636259704 50.0 0
1747636259712 0.0 0
1747636259724 50.0 0
1747636259735 50.0 0
1747636259743 0.0 0
1747636259754 0.0 0
1747636259770 50.0 0
1747636259795 0.0 0
1747636259816 0.0 0
1747636259826 50.0 0
1747636259838 50.0 0
1747636259852 0.0 0
1747636259863 50.0 0
1747636259874 50.0 0
1747636259885 0.0 0
1747636259906 50.0 0
1747636259917 0.0 0
1747636259932 0.0 0
1747636259942 0.0 0
1747636259956 0.0 0
1747636259975 50.0 0
1747636259988 50.0 0
1747636260000 50.0 0
1747636260012 50.0 0
1747636260029 50.0 0
1747636260040 0.0 0
1747636260051 0.0 0
1747636260068 50.0 0
1747636260079 50.0 0
1747636260090 50.0 0
1747636260101 50.0 0
1747636260112 0.0 0
1747636260126 50.0 0
1747636260137 50.0 0
1747636260148 50.0 0
1747636260160 0.0 0
1747636260186 50.0 0
1747636260198 50.0 0
1747636260215 50.0 0
1747636260228 50.0 0
1747636260239 50.0 0
1747636260250 50.0 0
1747636260261 0.0 0
1747636260273 50.0 0
1747636260280 0.0 0
1747636260301 0.0 0
1747636260312 50.0 0
1747636260323 50.0 0
1747636260335 0.0 0
1747636260345 0.0 0
1747636260356 0.0 0
1747636260367 0.0 0
1747636260375 50.0 0
1747636260384 50.0 0
1747636260392 0.0 0
1747636260405 50.0 0
1747636260427 50.0 0
1747636260439 50.0 0
1747636260450 50.0 0
1747636260458 50.0 0
1747636260470 0.0 0
1747636260480 0.0 0
1747636260489 0.0 0
1747636260505 50.0 0
1747636260526 0.0 0
1747636260535 50.0 0
1747636260546 50.0 0
1747636260559 50.0 0
1747636260569 50.0 0
1747636260580 0.0 0
1747636260591 50.0 0
1747636260603 50.0 0
1747636260615 0.0 0
1747636260632 50.0 0
1747636260641 50.0 0
1747636260650 50.0 0
1747636260661 0.0 0
1747636260672 50.0 0
1747636260679 50.0 0
1747636260693 50.0 0
1747636260704 50.0 0
1747636260715 50.0 0
1747636260727 0.0 0
1747636260743 50.0 0
1747636260761 50.0 0
1747636260777 50.0 0
1747636260793 0.0 0
1747636260825 50.0 0
1747636260837 0.0 0
1747636260848 50.0 0
1747636260874 0.0 0
1747636260885 50.0 0
1747636260897 50.0 0
1747636260908 50.0 0
1747636260919 50.0 0
1747636260928 50.0 0
1747636260937 50.0 0
1747636260957 0.0 0
1747636260969 0.0 0
1747636260984 50.0 0
1747636261013 0.0 0
1747636261025 0.0 0
1747636261043 0.0 0
1747636261056 0.0 0
1747636261070 50.0 0
1747636261080 50.0 0
1747636261089 0.0 0
1747636261115 0.0 0
1747636261127 50.0 0
1747636261143 50.0 0
1747636261154 0.0 0
1747636261165 0.0 0
1747636261177 50.0 0
1747636261194 50.0 0
1747636261204 0.0 0
1747636261217 50.0 0
1747636261239 50.0 0
1747636261251 50.0 0
1747636261263 0.0 0
1747636261276 0.0 0
1747636261287 0.0 0
1747636261295 0.0 0
1747636261314 0.0 0
1747636261326 50.0 0
1747636261337 50.0 0
1747636261346 50.0 0
1747636261354 0.0 0
1747636261366 50.0 0
1747636261377 50.0 0
1747636261384 0.0 0
1747636261396 0.0 0
1747636261403 0.0 0
1747636261414 50.0 0
1747636261426 0.0 0
1747636261456 50.0 0
1747636261468 0.0 0
1747636261480 50.0 0
1747636261497 0.0 0
1747636261508 0.0 0
1747636261519 50.0 0
1747636261527 50.0 0
1747636261541 0.0 0
1747636261557 50.0 0
1747636261567 50.0 0
1747636261579 50.0 0
1747636261590 50.0 0
1747636261606 0.0 0
1747636261617 50.0 0
1747636261640 50.0 0
1747636261651 0.0 0
1747636261668 50.0 0
1747636261681 0.0 0
1747636261699 0.0 0
1747636261714 50.0 0
1747636261721 50.0 0
1747636261738 0.0 0
1747636261745 0.0 0
1747636261753 50.0 0
1747636261765 0.0 0
1747636261778 50.0 0
1747636261785 50.0 0
1747636261796 0.0 0
1747636261805 0.0 0
1747636261821 0.0 0
1747636261833 50.0 0
1747636261856 0.0 0
1747636261867 0.0 0
1747636261883 0.0 0
1747636261893 50.0 0
1747636261908 0.0 0
1747636261919 50.0 0
1747636261931 0.0 0
1747636261941 0.0 0
1747636261952 50.0 0
1747636261969 50.0 0
1747636261981 50.0 0
1747636262005 0.0 0
1747636262017 50.0 0
1747636262038 0.0 0
1747636262059 50.0 0
1747636262073 50.0 0
1747636262090 0.0 0
1747636262103 0.0 0
1747636262121 50.0 0
1747636262144 0.0 0
1747636262160 0.0 0
1747636262173 0.0 0
1747636262191 0.0 0
1747636262214 50.0 0
1747636262233 0.0 0
1747636262251 50.0 0
1747636262280 0.0 0
1747636262293 0.0 0
1747636262312 50.0 0
1747636262322 0.0 0
1747636262334 0.0 0
1747636262347 50.0 0
1747636262368 0.0 0
1747636262379 50.0 0
1747636262387 0.0 0
1747636262403 0.0 0
1747636262411 50.0 0
1747636262422 50.0 0
1747636262433 0.0 0
1747636262443 0.0 0
1747636262480 0.0 0
1747636262493 0.0 0
1747636262508 50.0 0
1747636262528 0.0 0
1747636262538 0.0 0
1747636262548 50.0 0
1747636262560 0.0 0
1747636262571 0.0 0
1747636262587 50.0 0
1747636262598 50.0 0
1747636262608 0.0 0
1747636262617 50.0 0
1747636262628 50.0 0
1747636262641 50.0 0
1747636262649 0.0 0
1747636262662 50.0 0
1747636262683 0.0 0
1747636262695 50.0 0
1747636262706 0.0 0
1747636262719 0.0 0
1747636262730 0.0 0
1747636262741 0.0 0
1747636262750 0.0 0
1747636262761 0.0 0
1747636262770 50.0 0
1747636262782 0.0 0
1747636262792 0.0 0
1747636262800 0.0 0
1747636262812 50.0 0
1747636262826 0.0 0
1747636262841 0.0 0
1747636262850 50.0 0
1747636262872 50.0 0
1747636262884 0.0 0
1747636262896 0.0 0
1747636262907 0.0 0
1747636262919 0.0 0
1747636262930 50.0 0
1747636262941 50.0 0
1747636262958 0.0 0
1747636262967 50.0 0
1747636262990 0.0 0
1747636263009 50.0 0
1747636263029 0.0 0
1747636263041 50.0 0
1747636263053 0.0 0
1747636263065 0.0 0
1747636263083 50.0 0
1747636263097 0.0 0
1747636263108 50.0 0
1747636263120 0.0 0
1747636263135 50.0 0
1747636263148 0.0 0
1747636263159 50.0 0
1747636263170 0.0 0
1747636263183 50.0 0
1747636263195 0.0 0
1747636263203 0.0 0
1747636263211 50.0 0
1747636263227 0.0 0
1747636263239 0.0 0
1747636263248 0.0 0
1747636263258 50.0 0
1747636263275 50.0 0
1747636263293 50.0 0
1747636263309 50.0 0
1747636263347 0.0 0
1747636263359 50.0 0
1747636263371 50.0 0
1747636263383 50.0 0
1747636263401 0.0 0
1747636263416 50.0 0
1747636263425 0.0 0
1747636263451 0.0 0
1747636263467 50.0 0
1747636263480 50.0 0
1747636263493 50.0 0
1747636263520 50.0 0
1747636263532 50.0 0
1747636263543 50.0 0
1747636263551 50.0 0
1747636263559 50.0 0
1747636263571 50.0 0
1747636263583 0.0 0
1747636263593 50.0 0
1747636263604 0.0 0
1747636263613 0.0 0
1747636263624 50.0 0
1747636263641 0.0 0
1747636263652 0.0 0
1747636263660 50.0 0
1747636263671 50.0 0
1747636263682 0.0 0
1747636263694 50.0 0
1747636263706 50.0 0
1747636263717 0.0 0
1747636263725 50.0 0
1747636263737 0.0 0
1747636263753 50.0 0
1747636263768 0.0 0
1747636263785 0.0 0
1747636263796 0.0 0
1747636263813 50.0 0
1747636263823 50.0 0
1747636263838 50.0 0
1747636263855 50.0 0
1747636263866 0.0 0
1747636263883 0.0 0
1747636263895 50.0 0
1747636263906 50.0 0
1747636263917 50.0 0
1747636263928 0.0 0
1747636263940 50.0 0
1747636263958 0.0 0
1747636263968 50.0 0
1747636263978 0.0 0
1747636263990 0.0 0
1747636263999 0.0 0
1747636264008 0.0 0
1747636264020 0.0 0
1747636264027 50.0 0
1747636264035 50.0 0
1747636264044 0.0 0
1747636264051 0.0 0
1747636264058 50.0 0
1747636264076 0.0 0
1747636264092 0.0 0
1747636264104 0.0 0
1747636264122 50.0 0
1747636264130 50.0 0
1747636264142 50.0 0
1747636264152 0.0 0
1747636264164 0.0 0
1747636264176 0.0 0
1747636264187 50.0 0
1747636264202 50.0 0
1747636264219 50.0 0
1747636264230 0.0 0
1747636264238 0.0 0
1747636264249 0.0 0
1747636264259 0.0 0
1747636264267 0.0 0
1747636264276 0.0 0
1747636264287 0.0 0
1747636264296 0.0 0
1747636264305 0.0 0
1747636264321 0.0 0
1747636264330 50.0 0
1747636264344 50.0 0
1747636264356 50.0 0
1747636264367 0.0 0
1747636264377 50.0 0
1747636264388 0.0 0
1747636264397 50.0 0
1747636264405 50.0 0
1747636264416 50.0 0
1747636264433 50.0 0
1747636264447 50.0 0
1747636264455 0.0 0
1747636264463 0.0 0
1747636264478 0.0 0
1747636264500 0.0 0
1747636264512 0.0 0
1747636264530 0.0 0
1747636264541 0.0 0
1747636264558 0.0 0
1747636264571 0.0 0
1747636264583 0.0 0
1747636264597 50.0 0
1747636264610 0.0 0
1747636264627 50.0 0
1747636264638 50.0 0
1747636264668 0.0 0
1747636264682 0.0 0
1747636264700 0.0 0
1747636264715 50.0 0
1747636264732 0.0 0
1747636264745 50.0 0
1747636264757 0.0 0
1747636264773 50.0 0
1747636264786 50.0 0
1747636264798 50.0 0
1747636264809 50.0 0
1747636264821 0.0 0
1747636264833 0.0 0
1747636264845 0.0 0
1747636264857 0.0 0
1747636264869 0.0 0
1747636264886 0.0 0
1747636264897 50.0 0
1747636264933 50.0 0
1747636264982 50.0 0
1747636264997 0.0 0
1747636265009 0.0 0
1747636265019 50.0 0
1747636265037 50.0 0
1747636265051 50.0 0
1747636265067 0.0 0
1747636265080 0.0 0
1747636265089 50.0 0
1747636265121 0.0 0
1747636265143 0.0 0
1747636265155 0.0 0
1747636265169 0.0 0
1747636265180 50.0 0
1747636265194 0.0 0
1747636265203 0.0 0
1747636265214 0.0 0
1747636265223 50.0 0
1747636265237 0.0 0
1747636265248 0.0 0
1747636265269 50.0 0
1747636265283 50.0 0
1747636265300 50.0 0
1747636265311 0.0 0
1747636265330 0.0 0
1747636265343 0.0 0
1747636265356 50.0 0
1747636265371 50.0 0
1747636265384 50.0 0
1747636265392 50.0 0
1747636265402 0.0 0
1747636265411 50.0 0
1747636265433 50.0 0
1747636265451 0.0 0
1747636265462 0.0 0
1747636265477 50.0 0
1747636265494 50.0 0
1747636265503 0.0 0
1747636265519 50.0 0
1747636265537 0.0 0
1747636265561 50.0 0
1747636265573 0.0 0
1747636265584 0.0 0
1747636265601 0.0 0
1747636265612 0.0 0
1747636265623 50.0 0
1747636265634 50.0 0
1747636265650 50.0 0
1747636265661 50.0 0
1747636265675 50.0 0
1747636265685 0.0 0
1747636265696 50.0 0
1747636265706 0.0 0
1747636265716 0.0 0
1747636265730 50.0 0
1747636265742 50.0 0
1747636265761 0.0 0
1747636265779 50.0 0
1747636265791 0.0 0
1747636265810 0.0 0
1747636265821 0.0 0
1747636265852 0.0 0
1747636265877 50.0 0
1747636265889 0.0 0
1747636265900 50.0 0
1747636265916 0.0 0
1747636265932 50.0 0
1747636265945 50.0 0
1747636265957 0.0 0
1747636265980 50.0 0
1747636266002 50.0 0
1747636266014 50.0 0
1747636266031 50.0 0
1747636266042 0.0 0
1747636266059 50.0 0
1747636266076 0.0 0
1747636266087 0.0 0
1747636266095 0.0 0
1747636266106 0.0 0
1747636266121 50.0 0
1747636266144 50.0 0
1747636266157 50.0 0
1747636266171 50.0 0
1747636266191 50.0 0
1747636266227 50.0 0
1747636266238 50.0 0
1747636266249 0.0 0
1747636266261 50.0 0
1747636266276 0.0 0
1747636266290 50.0 0
1747636266308 0.0 0
1747636266328 0.0 0
1747636266340 0.0 0
1747636266353 0.0 0
1747636266364 50.0 0
1747636266376 0.0 0
1747636266387 0.0 0
1747636266399 0.0 0
1747636266410 0.0 0
1747636266417 0.0 0
1747636266425 0.0 0
1747636266438 0.0 0
1747636266454 50.0 0
1747636266465 50.0 0
1747636266476 0.0 0
1747636266489 50.0 0
1747636266498 50.0 0
1747636266506 50.0 0
1747636266517 50.0 0
1747636266534 50.0 0
1747636266559 0.0 0
1747636266578 0.0 0
1747636266592 50.0 0
1747636266604 0.0 0
1747636266615 0.0 0
1747636266627 0.0 0
1747636266638 50.0 0
1747636266650 50.0 0
1747636266661 50.0 0
1747636266670 0.0 0
1747636266686 0.0 0
1747636266697 50.0 0
1747636266709 0.0 0
1747636266731 50.0 0
1747636266745 50.0 0
1747636266757 50.0 0
1747636266770 0.0 0
1747636266782 0.0 0
1747636266793 0.0 0
1747636266810 50.0 0
1747636266821 50.0 0
1747636266850 0.0 0
1747636266863 50.0 0
1747636266874 0.0 0
1747636266883 50.0 0
1747636266895 0.0 0
1747636266910 0.0 0
1747636266927 50.0 0
1747636266936 50.0 0
1747636266944 0.0 0
1747636266952 0.0 0
1747636266970 0.0 0
1747636266982 0.0 0
1747636266995 50.0 0
1747636267005 0.0 0
1747636267016 50.0 0
1747636267027 50.0 0
1747636267042 50.0 0
1747636267050 50.0 0
1747636267062 50.0 0
1747636267073 0.0 0
1747636267084 0.0 0
1747636267093 0.0 0
1747636267101 0.0 0
1747636267117 0.0 0
1747636267134 0.0 0
1747636267142 50.0 0
1747636267154 0.0 0
1747636267171 50.0 0
1747636267189 0.0 0
1747636267201 50.0 0
1747636267209 0.0 0
1747636267217 0.0 0
1747636267227 0.0 0
1747636267237 50.0 0
1747636267248 50.0 0
1747636267259 0.0 0
1747636267277 0.0 0
1747636267289 50.0 0
1747636267300 0.0 0
1747636267314 50.0 0
1747636267325 0.0 0
1747636267336 0.0 0
1747636267349 0.0 0
1747636267359 50.0 0
1747636267371 50.0 0
1747636267392 0.0 0
1747636267413 50.0 0
1747636267432 50.0 0
1747636267448 0.0 0
1747636267469 50.0 0
1747636267488 0.0 0
1747636267503 0.0 0
1747636267511 50.0 0
1747636267519 50.0 0
1747636267530 50.0 0
1747636267541 0.0 0
1747636267565 0.0 0
1747636267578 0.0 0
1747636267609 50.0 0
1747636267626 50.0 0
1747636267641 0.0 0
1747636267652 50.0 0
1747636267664 0.0 0
1747636267675 50.0 0
1747636267691 50.0 0
1747636267700 0.0 0
1747636267716 0.0 0
1747636267726 0.0 0
1747636267737 50.0 0
1747636267746 0.0 0
1747636267755 0.0 0
1747636267767 0.0 0
1747636267778 50.0 0
1747636267788 0.0 0
1747636267800 0.0 0
1747636267812 50.0 0
1747636267829 50.0 0
1747636267839 50.0 0
1747636267861 50.0 0
1747636267871 50.0 0
1747636267899 0.0 0
1747636267909 0.0 0
1747636267926 50.0 0
1747636267937 50.0 0
1747636267948 0.0 0
1747636267959 50.0 0
1747636267974 0.0 0
1747636267992 50.0 0
1747636268001 50.0 0
1747636268013 50.0 0
1747636268032 50.0 0
1747636268041 0.0 0
1747636268056 0.0 0
1747636268068 0.0 0
1747636268076 0.0 0
1747636268085 0.0 0
1747636268096 50.0 0
1747636268110 0.0 0
1747636268121 50.0 0
1747636268132 50.0 0
1747636268145 0.0 0
1747636268158 50.0 0
1747636268178 50.0 0
1747636268190 50.0 0
1747636268213 0.0 0
1747636268244 0.0 0
1747636268257 50.0 0
1747636268268 0.0 0
1747636268280 0.0 0
1747636268292 50.0 0
1747636268302 0.0 0
1747636268315 50.0 0
1747636268329 50.0 0
1747636268338 50.0 0
1747636268351 0.0 0
1747636268360 50.0 0
1747636268371 0.0 0
1747636268398 0.0 0
1747636268411 0.0 0
1747636268433 0.0 0
1747636268446 50.0 0
1747636268470 0.0 0
1747636268490 50.0 0
1747636268503 0.0 0
1747636268514 50.0 0
1747636268531 50.0 0
1747636268542 50.0 0
1747636268558 0.0 0
1747636268574 0.0 0
1747636268587 50.0 0
1747636268599 50.0 0
1747636268613 50.0 0
1747636268657 50.0 0
1747636268675 50.0 0
1747636268687 50.0 0
1747636268698 0.0 0
1747636268706 50.0 0
1747636268720 0.0 0
1747636268728 0.0 0
1747636268740 0.0 0
1747636268759 50.0 0
1747636268780 50.0 0
1747636268793 0.0 0
1747636268814 0.0 0
1747636268839 50.0 0
1747636268852 50.0 0
1747636268867 50.0 0
1747636268886 50.0 0
1747636268898 50.0 0
1747636268913 0.0 0
1747636268924 0.0 0
1747636268937 50.0 0
1747636268948 0.0 0
1747636268960 0.0 0
1747636268970 0.0 0
1747636268980 0.0 0
1747636268991 0.0 0
1747636269001 50.0 0
1747636269011 50.0 0
1747636269021 0.0 0
1747636269034 50.0 0
1747636269046 0.0 0
1747636269066 0.0 0
1747636269076 50.0 0
1747636269086 50.0 0
1747636269099 0.0 0
1747636269113 50.0 0
1747636269122 50.0 0
1747636269140 50.0 0
1747636269161 50.0 0
1747636269186 0.0 0
1747636269198 0.0 0
1747636269211 0.0 0
1747636269224 0.0 0
1747636269238 0.0 0
1747636269259 50.0 0
1747636269270 0.0 0
1747636269281 50.0 0
1747636269292 50.0 0
1747636269305 0.0 0
1747636269333 50.0 0
1747636269347 0.0 0
1747636269373 0.0 0
1747636269388 50.0 0
1747636269405 0.0 0
1747636269429 50.0 0
1747636269459 50.0 0
1747636269480 50.0 0
1747636269495 0.0 0
1747636269509 50.0 0
1747636269519 50.0 0
1747636269531 0.0 0
1747636269549 50.0 0
1747636269564 0.0 0
1747636269580 0.0 0
1747636269595 0.0 0
1747636269610 50.0 0
1747636269620 50.0 0
1747636269633 0.0 0
1747636269643 50.0 0
1747636269660 50.0 0
1747636269669 0.0 0
1747636269704 0.0 0
1747636269721 50.0 0
1747636269735 50.0 0
1747636269747 50.0 0
1747636269768 50.0 0
1747636269780 50.0 0
1747636269797 50.0 0
1747636269814 0.0 0
1747636269825 0.0 0
1747636269836 0.0 0
1747636269849 50.0 0
1747636269867 50.0 0
1747636269892 50.0 0
1747636269909 0.0 0
1747636269921 0.0 0
1747636269932 50.0 0
1747636269951 0.0 0
1747636269967 50.0 0
1747636269979 0.0 0
1747636269993 50.0 0
1747636270020 0.0 0
1747636270033 50.0 0
1747636270055 50.0 0
1747636270077 0.0 0
1747636270089 50.0 0
1747636270104 50.0 0
1747636270116 50.0 0
1747636270128 50.0 0
1747636270139 0.0 0
1747636270159 50.0 0
1747636270174 0.0 0
1747636270187 0.0 0
1747636270206 50.0 0
1747636270223 0.0 0
1747636270250 0.0 0
1747636270266 50.0 0
1747636270279 0.0 0
1747636270292 50.0 0
1747636270309 50.0 0
1747636270323 0.0 0
1747636270335 50.0 0
1747636270344 0.0 0
1747636270358 50.0 0
1747636270376 0.0 0
1747636270387 0.0 0
1747636270398 0.0 0
1747636270409 0.0 0
1747636270427 0.0 0
1747636270439 50.0 0
1747636270450 0.0 0
1747636270465 50.0 0
1747636270483 50.0 0
1747636270512 0.0 0
1747636270525 50.0 0
1747636270534 50.0 0
1747636270546 50.0 0
1747636270562 0.0 0
1747636270571 50.0 0
1747636270583 0.0 0
1747636270592 0.0 0
1747636270603 50.0 0
1747636270617 0.0 0
1747636270626 50.0 0
1747636270633 50.0 0
1747636270645 0.0 0
1747636270655 0.0 0
1747636270671 50.0 0
1747636270683 50.0 0
1747636270703 50.0 0
1747636270715 0.0 0
1747636270728 50.0 0
1747636270742 50.0 0
1747636270753 0.0 0
1747636270762 50.0 0
1747636270774 0.0 0
1747636270790 50.0 0
1747636270801 50.0 0
1747636270812 0.0 0
1747636270826 50.0 0
1747636270843 50.0 0
1747636270872 50.0 0
1747636270884 0.0 0
1747636270908 0.0 0
1747636270923 50.0 0
1747636270938 50.0 0
1747636270947 50.0 0
1747636270956 0.0 0
1747636270968 50.0 0
1747636270979 50.0 0
1747636271011 50.0 0
1747636271024 50.0 0
1747636271035 50.0 0
1747636271057 0.0 0
1747636271068 50.0 0
1747636271085 50.0 0
1747636271099 50.0 0
1747636271116 50.0 0
1747636271128 0.0 0
1747636271142 0.0 0
1747636271163 50.0 0
1747636271181 50.0 0
1747636271202 0.0 0
1747636271214 0.0 0
1747636271238 0.0 0
1747636271262 0.0 0
1747636271277 50.0 0
1747636271299 50.0 0
1747636271331 50.0 0
1747636271344 50.0 0
1747636271355 50.0 0
1747636271368 0.0 0
1747636271379 0.0 0
1747636271394 50.0 0
1747636271404 50.0 0
1747636271416 50.0 0
1747636271432 50.0 0
1747636271449 50.0 0
1747636271460 0.0 0
1747636271468 0.0 0
1747636271478 50.0 0
1747636271495 0.0 0
1747636271507 50.0 0
1747636271541 50.0 0
1747636271552 50.0 0
1747636271563 50.0 0
1747636271571 50.0 0
1747636271578 0.0 0
1747636271589 50.0 0
1747636271598 50.0 0
1747636271610 0.0 0
1747636271619 50.0 0
1747636271634 50.0 0
1747636271643 0.0 0
1747636271657 0.0 0
1747636271666 50.0 0
1747636271675 0.0 0
1747636271686 50.0 0
1747636271698 0.0 0
1747636271706 50.0 0
1747636271718 50.0 0
1747636271735 0.0 0
1747636271747 50.0 0
1747636271760 0.0 0
1747636271772 50.0 0
1747636271780 0.0 0
1747636271804 0.0 0
1747636271816 0.0 0
1747636271826 50.0 0
1747636271837 50.0 0
1747636271853 0.0 0
1747636271860 50.0 0
1747636271877 50.0 0
1747636271888 50.0 0
1747636271895 50.0 0
1747636271912 0.0 0
1747636271924 50.0 0
1747636271938 50.0 0
1747636271950 0.0 0
1747636271961 50.0 0
1747636271978 0.0 0
1747636271988 0.0 0
1747636271999 0.0 0
1747636272017 0.0 0
1747636272033 0.0 0
1747636272046 50.0 0
1747636272061 0.0 0
1747636272072 50.0 0
1747636272083 50.0 0
1747636272095 0.0 0
1747636272119 0.0 0
1747636272137 0.0 0
1747636272150 0.0 0
1747636272168 50.0 0
1747636272184 0.0 0
1747636272205 50.0 0
1747636272223 50.0 0
1747636272237 50.0 0
1747636272250 50.0 0
1747636272267 50.0 0
1747636272280 50.0 0
1747636272305 0.0 0
1747636272318 50.0 0
1747636272353 0.0 0
1747636272363 50.0 0
1747636272371 0.0 0
1747636272382 50.0 0
1747636272393 0.0 0
1747636272406 0.0 0
1747636272413 50.0 0
1747636272429 50.0 0
1747636272441 0.0 0
1747636272453 50.0 0
1747636272463 50.0 0
1747636272471 50.0 0
1747636272479 0.0 0
1747636272489 0.0 0
1747636272504 50.0 0
1747636272519 50.0 0
1747636272531 50.0 0
1747636272551 50.0 0
1747636272560 50.0 0
1747636272572 0.0 0
1747636272582 50.0 0
1747636272594 0.0 0
1747636272603 50.0 0
1747636272612 50.0 0
1747636272619 50.0 0
1747636272633 0.0 0
1747636272650 0.0 0
1747636272661 50.0 0
1747636272671 0.0 0
1747636272681 0.0 0
1747636272693 50.0 0
1747636272702 0.0 0
1747636272721 0.0 0
1747636272734 50.0 0
1747636272758 50.0 0
1747636272770 0.0 0
1747636272778 0.0 0
1747636272791 0.0 0
1747636272800 50.0 0
1747636272817 50.0 0
1747636272832 50.0 0
1747636272867 0.0 0
1747636272880 0.0 0
1747636272896 50.0 0
1747636272909 0.0 0
1747636272932 0.0 0
1747636272966 0.0 0
1747636272978 0.0 0
1747636272988 50.0 0
1747636273003 0.0 0
1747636273021 0.0 0
1747636273032 0.0 0
1747636273044 50.0 0
1747636273054 50.0 0
1747636273066 50.0 0
1747636273086 50.0 0
1747636273098 0.0 0
1747636273109 0.0 0
1747636273120 50.0 0
1747636273138 0.0 0
1747636273149 50.0 0
1747636273168 50.0 0
1747636273194 50.0 0
1747636273207 0.0 0
1747636273221 50.0 0
1747636273232 50.0 0
1747636273244 0.0 0
1747636273261 0.0 0
1747636273274 0.0 0
1747636273290 50.0 0
1747636273306 50.0 0
1747636273323 50.0 0
1747636273340 50.0 0
1747636273389 0.0 0
1747636273405 50.0 0
1747636273419 0.0 0
1747636273431 50.0 0
1747636273443 50.0 0
1747636273457 0.0 0
1747636273468 0.0 0
1747636273478 50.0 0
1747636273490 50.0 0
1747636273500 0.0 0
1747636273509 0.0 0
1747636273520 50.0 0
1747636273532 0.0 0
1747636273542 50.0 0
1747636273556 0.0 0
1747636273599 50.0 0
1747636273612 50.0 0
1747636273626 50.0 0
1747636273638 0.0 0
1747636273646 50.0 0
1747636273668 50.0 0
1747636273683 0.0 0
1747636273700 0.0 0
1747636273711 0.0 0
1747636273722 50.0 0
1747636273738 0.0 0
1747636273750 0.0 0
1747636273773 50.0 0
1747636273786 50.0 0
1747636273800 0.0 0
1747636273814 50.0 0
1747636273832 0.0 0
1747636273843 0.0 0
1747636273857 0.0 0
1747636273869 0.0 0
1747636273880 50.0 0
1747636273888 50.0 0
1747636273897 0.0 0
1747636273904 50.0 0
1747636273913 50.0 0
1747636273922 50.0 0
1747636273929 50.0 0
1747636273941 0.0 0
1747636273951 0.0 0
1747636273985 50.0 0
1747636273997 50.0 0
1747636274005 50.0 0
1747636274021 50.0 0
1747636274034 50.0 0
1747636274047 0.0 0
1747636274059 0.0 0
1747636274070 50.0 0
1747636274079 50.0 0
1747636274090 50.0 0
1747636274104 50.0 0
1747636274114 0.0 0
1747636274126 0.0 0
1747636274143 50.0 0
1747636274161 50.0 0
1747636274174 0.0 0
1747636274188 0.0 0
1747636274198 50.0 0
1747636274212 0.0 0
1747636274228 50.0 0
1747636274247 0.0 0
1747636274261 50.0 0
1747636274273 50.0 0
1747636274287 0.0 0
1747636274300 0.0 0
1747636274309 50.0 0
1747636274320 50.0 0
1747636274341 0.0 0
1747636274352 0.0 0
1747636274364 50.0 0
1747636274376 0.0 0
1747636274387 50.0 0
1747636274406 50.0 0
1747636274425 50.0 0
1747636274436 50.0 0
1747636274446 50.0 0
1747636274472 50.0 0
1747636274483 50.0 0
1747636274495 50.0 0
1747636274514 50.0 0
1747636274525 50.0 0
1747636274537 0.0 0
1747636274549 50.0 0
1747636274562 50.0 0
1747636274581 0.0 0
1747636274594 0.0 0
1747636274607 50.0 0
1747636274619 0.0 0
1747636274630 0.0 0
1747636274649 50.0 0
1747636274661 50.0 0
1747636274672 50.0 0
1747636274685 0.0 0
1747636274701 50.0 0
1747636274714 50.0 0
1747636274725 0.0 0
1747636274751 0.0 0
1747636274769 0.0 0
1747636274782 50.0 0
1747636274807 0.0 0
1747636274819 50.0 0
1747636274828 0.0 0
1747636274838 0.0 0
1747636274849 0.0 0
1747636274861 50.0 0
1747636274872 0.0 0
1747636274884 0.0 0
1747636274896 50.0 0
1747636274904 0.0 0
1747636274913 0.0 0
1747636274926 50.0 0
1747636274937 0.0 0
1747636274952 50.0 0
1747636274968 0.0 0
1747636274981 50.0 0
1747636275004 50.0 0
1747636275016 0.0 0
1747636275028 50.0 0
1747636275041 50.0 0
1747636275060 50.0 0
1747636275072 0.0 0
1747636275084 0.0 0
1747636275092 50.0 0
1747636275108 50.0 0
1747636275118 50.0 0
1747636275127 50.0 0
1747636275135 50.0 0
1747636275142 50.0 0
1747636275154 50.0 0
1747636275171 50.0 0
1747636275201 0.0 0
1747636275214 50.0 0
1747636275229 0.0 0
1747636275240 0.0 0
1747636275267 50.0 0
1747636275285 50.0 0
1747636275300 0.0 0
1747636275319 0.0 0
1747636275327 50.0 0
1747636275340 0.0 0
1747636275355 0.0 0
1747636275366 0.0 0
1747636275382 50.0 0
1747636275399 50.0 0
1747636275411 50.0 0
1747636275431 0.0 0
1747636275444 50.0 0
1747636275459 50.0 0
1747636275476 50.0 0
1747636275496 0.0 0
1747636275514 50.0 0
1747636275533 0.0 0
1747636275544 0.0 0
1747636275557 0.0 0
1747636275569 50.0 0
1747636275584 50.0 0
1747636275596 50.0 0
1747636275605 50.0 0
1747636275618 0.0 0
1747636275630 50.0 0
1747636275641 0.0 0
1747636275651 50.0 0
1747636275661 50.0 0
1747636275676 0.0 0
1747636275689 0.0 0
1747636275696 50.0 0
1747636275708 50.0 0
1747636275716 0.0 0
1747636275732 50.0 0
1747636275762 0.0 0
1747636275778 0.0 0
1747636275789 50.0 0
1747636275807 0.0 0
1747636275830 0.0 0
1747636275843 0.0 0
1747636275856 50.0 0
1747636275867 50.0 0
1747636275878 50.0 0
1747636275889 50.0 0
1747636275899 0.0 0
1747636275916 0.0 0
1747636275925 0.0 0
1747636275933 50.0 0
1747636275943 0.0 0
1747636275952 0.0 0
1747636275962 50.0 0
1747636275976 50.0 0
1747636275989 0.0 0
1747636276002 0.0 0
1747636276013 50.0 0
1747636276031 0.0 0
1747636276050 0.0 0
1747636276061 50.0 0
1747636276076 0.0 0
1747636276087 50.0 0
1747636276096 50.0 0
1747636276108 50.0 0
1747636276119 0.0 0
1747636276129 0.0 0
1747636276140 50.0 0
1747636276150 0.0 0
1747636276160 50.0 0
1747636276170 0.0 0
1747636276184 0.0 0
1747636276199 0.0 0
1747636276211 0.0 0
1747636276221 50.0 0
1747636276279 50.0 0
1747636276294 50.0 0
1747636276306 0.0 0
1747636276317 0.0 0
1747636276329 50.0 0
1747636276343 0.0 0
1747636276355 50.0 0
1747636276370 0.0 0
1747636276385 0.0 0
1747636276396 0.0 0
1747636276409 0.0 0
1747636276433 0.0 0
1747636276463 50.0 0
1747636276473 0.0 0
1747636276501 0.0 0
1747636276513 0.0 0
1747636276525 50.0 0
1747636276542 0.0 0
1747636276556 0.0 0
1747636276568 50.0 0
1747636276579 0.0 0
1747636276591 50.0 0
1747636276600 0.0 0
1747636276611 50.0 0
1747636276624 0.0 0
1747636276636 50.0 0
1747636276648 50.0 0
1747636276669 0.0 0
1747636276692 50.0 0
1747636276704 0.0 0
1747636276714 50.0 0
1747636276746 50.0 0
1747636276758 50.0 0
1747636276770 50.0 0
1747636276783 50.0 0
1747636276797 50.0 0
1747636276809 50.0 0
1747636276822 0.0 0
1747636276830 0.0 0
1747636276847 50.0 0
1747636276860 0.0 0
1747636276872 0.0 0
1747636276887 0.0 0
1747636276898 0.0 0
1747636276912 50.0 0
1747636276928 0.0 0
1747636276940 50.0 0
1747636276951 0.0 0
1747636276962 50.0 0
1747636276989 0.0 0
1747636277006 50.0 0
1747636277018 0.0 0
1747636277030 50.0 0
1747636277048 0.0 0
1747636277070 0.0 0
1747636277084 50.0 0
1747636277103 50.0 0
1747636277117 0.0 0
1747636277128 50.0 0
1747636277140 50.0 0
1747636277151 0.0 0
1747636277162 0.0 0
1747636277172 50.0 0
1747636277184 50.0 0
1747636277196 0.0 0
1747636277203 0.0 0
1747636277212 0.0 0
1747636277222 50.0 0
1747636278171 0.0 0
1747636278190 0.0 0
1747636278205 0.0 0
1747636278253 50.0 0
1747636278272 50.0 0
1747636278283 0.0 0
1747636278295 50.0 0
1747636278304 0.0 0
1747636278332 50.0 0
1747636278347 0.0 0
1747636278363 0.0 0
1747636278374 0.0 0
1747636278418 50.0 0
1747636278444 0.0 0
1747636278457 0.0 0
1747636278480 50.0 0
1747636278493 0.0 0
1747636278506 0.0 0
1747636278521 0.0 0
1747636278532 0.0 0
1747636278546 50.0 0
1747636278559 50.0 0
1747636278575 50.0 0
1747636278593 50.0 0
1747636278605 50.0 0
1747636278619 50.0 0
1747636278627 0.0 0
1747636278639 50.0 0
1747636278662 50.0 0
1747636278674 50.0 0
1747636278689 0.0 0
1747636278701 0.0 0
1747636278721 0.0 0
1747636278759 0.0 0
1747636278772 0.0 0
1747636278789 50.0 0
1747636278802 50.0 0
1747636278831 50.0 0
1747636278845 50.0 0
1747636278857 0.0 0
1747636278866 50.0 0
1747636278883 0.0 0
1747636278900 50.0 0
1747636278909 0.0 0
1747636278934 0.0 0
1747636278957 0.0 0
1747636278967 0.0 0
1747636278992 0.0 0
1747636279005 0.0 0
1747636279031 0.0 0
1747636279042 0.0 0
1747636279061 0.0 0
1747636279081 0.0 0
1747636279101 0.0 0
1747636279112 0.0 0
1747636279126 0.0 0
1747636279134 0.0 0
1747636279151 50.0 0
1747636279173 0.0 0
1747636279185 0.0 0
1747636279202 0.0 0
1747636279220 50.0 0
1747636279233 50.0 0
1747636279249 50.0 0
1747636279269 50.0 0
1747636279292 50.0 0
1747636279303 0.0 0
1747636279315 0.0 0
1747636279333 0.0 0
1747636279345 50.0 0
1747636279367 50.0 0
1747636279379 0.0 0
1747636279395 50.0 0
1747636279416 50.0 0
1747636279428 0.0 0
1747636279440 50.0 0
1747636279455 0.0 0
1747636279469 0.0 0
1747636279481 50.0 0
1747636279488 0.0 0
1747636279501 0.0 0
1747636279524 50.0 0
1747636279538 0.0 0
1747636279550 0.0 0
1747636279562 0.0 0
1747636279578 50.0 0
1747636279589 50.0 0
1747636279601 50.0 0
1747636279613 50.0 0
1747636279631 50.0 0
1747636279686 0.0 0
1747636279698 0.0 0
1747636279711 0.0 0
1747636279720 0.0 0
1747636279748 50.0 0
1747636279768 50.0 0
1747636279778 50.0 0
1747636279789 50.0 0
1747636279801 0.0 0
1747636279814 50.0 0
1747636279830 0.0 0
1747636279842 50.0 0
1747636279854 0.0 0
1747636279894 0.0 0
1747636279910 0.0 0
1747636279925 50.0 0
1747636279934 50.0 0
1747636279943 0.0 0
1747636279953 0.0 0
1747636279966 0.0 0
1747636279978 0.0 0
1747636279987 50.0 0
1747636279999 50.0 0
1747636280010 0.0 0
1747636280038 50.0 0
1747636280057 50.0 0
1747636280088 50.0 0
1747636280099 0.0 0
1747636280111 50.0 0
1747636280122 0.0 0
1747636280131 50.0 0
1747636280142 0.0 0
1747636280151 0.0 0
1747636280160 0.0 0
1747636280171 50.0 0
1747636280182 50.0 0
1747636280191 50.0 0
1747636280202 50.0 0
1747636280213 50.0 0
1747636280224 0.0 0
1747636280245 0.0 0
1747636280265 50.0 0
1747636280278 0.0 0
1747636280286 50.0 0
1747636280307 50.0 0
1747636280320 0.0 0
1747636280331 50.0 0
1747636280347 50.0 0
1747636280360 50.0 0
1747636280368 0.0 0
1747636280377 50.0 0
1747636280394 50.0 0
1747636280428 50.0 0
1747636280448 0.0 0
1747636280461 0.0 0
1747636280473 0.0 0
1747636280495 50.0 0
1747636280518 50.0 0
1747636280530 0.0 0
1747636280541 50.0 0
1747636280553 50.0 0
1747636280565 50.0 0
1747636280582 50.0 0
1747636280592 50.0 0
1747636280606 50.0 0
1747636280622 0.0 0
1747636280633 50.0 0
1747636280645 50.0 0
1747636280674 0.0 0
1747636280687 0.0 0
1747636280699 50.0 0
1747636280717 0.0 0
1747636280732 0.0 0
1747636280739 0.0 0
1747636280750 0.0 0
1747636280758 0.0 0
1747636280771 50.0 0
1747636280787 0.0 0
1747636280808 0.0 0
1747636280834 50.0 0
1747636280846 50.0 0
1747636280859 50.0 0
1747636280878 0.0 0
1747636280893 0.0 0
1747636280905 0.0 0
1747636280917 0.0 0
1747636280935 50.0 0
1747636280947 50.0 0
1747636280958 0.0 0
1747636281003 50.0 0
1747636281016 0.0 0
1747636281029 0.0 0
1747636281041 50.0 0
1747636281059 0.0 0
1747636281086 50.0 0
1747636281101 50.0 0
1747636281113 50.0 0
1747636281121 50.0 0
1747636281144 0.0 0
1747636281163 50.0 0
1747636281174 50.0 0
1747636281183 0.0 0
1747636281195 50.0 0
1747636281206 0.0 0
1747636281218 0.0 0
1747636281229 50.0 0
1747636281260 0.0 0
1747636281280 50.0 0
1747636281298 0.0 0
1747636281310 50.0 0
1747636281323 50.0 0
1747636281340 0.0 0
1747636281352 50.0 0
1747636281362 0.0 0
1747636281371 50.0 0
1747636281384 50.0 0
1747636281396 0.0 0
1747636281405 50.0 0
1747636281416 0.0 0
1747636281427 50.0 0
1747636281435 0.0 0
1747636281447 50.0 0
1747636281459 50.0 0
1747636281479 50.0 0
1747636281494 0.0 0
1747636281506 0.0 0
1747636281519 0.0 0
1747636281530 0.0 0
1747636281541 50.0 0
1747636281554 50.0 0
1747636281567 0.0 0
1747636281577 0.0 0
1747636281588 50.0 0
1747636281600 0.0 0
1747636281612 0.0 0
1747636281629 0.0 0
1747636281647 50.0 0
1747636281655 50.0 0
1747636281668 50.0 0
1747636281680 50.0 0
1747636281704 0.0 0
1747636281718 0.0 0
1747636281729 0.0 0
1747636281737 0.0 0
1747636281748 50.0 0
1747636281760 0.0 0
1747636281774 0.0 0
1747636281793 50.0 0
1747636281805 50.0 0
1747636281817 50.0 0
1747636281828 50.0 0
1747636281840 0.0 0
1747636281855 50.0 0
1747636281867 0.0 0
1747636281886 0.0 0
1747636281911 50.0 0
1747636281924 50.0 0
1747636281934 0.0 0
1747636281942 50.0 0
1747636281954 50.0 0
1747636281965 0.0 0
1747636281984 0.0 0
1747636282001 50.0 0
1747636282012 0.0 0
1747636282024 0.0 0
1747636282039 50.0 0
1747636282056 50.0 0
1747636282083 50.0 0
1747636282096 50.0 0
1747636282121 0.0 0
1747636282133 0.0 0
1747636282167 50.0 0
1747636282180 0.0 0
1747636282202 0.0 0
1747636282215 0.0 0
1747636282227 0.0 0
1747636282237 50.0 0
1747636282255 0.0 0
1747636282272 0.0 0
1747636282284 0.0 0
1747636282298 50.0 0
1747636282310 0.0 0
1747636282323 50.0 0
1747636282338 0.0 0
1747636282355 50.0 0
1747636282367 0.0 0
1747636282385 50.0 0
1747636282400 50.0 0
1747636282410 0.0 0
1747636282422 50.0 0
1747636282434 0.0 0
1747636282445 0.0 0
1747636282462 50.0 0
1747636282475 0.0 0
1747636282488 50.0 0
1747636282500 50.0 0
1747636282512 0.0 0
1747636282544 50.0 0
1747636282555 50.0 0
1747636282565 0.0 0
1747636282577 0.0 0
1747636282587 50.0 0
1747636282598 50.0 0
1747636282620 50.0 0
1747636282638 50.0 0
1747636282646 0.0 0
1747636282666 50.0 0
1747636282675 0.0 0
1747636282688 0.0 0
1747636282700 0.0 0
1747636282722 0.0 0
1747636282738 0.0 0
1747636282754 50.0 0
1747636282767 0.0 0
1747636282787 50.0 0
1747636282797 50.0 0
1747636282830 50.0 0
1747636282843 0.0 0
1747636282865 50.0 0
1747636282877 0.0 0
1747636282888 50.0 0
1747636282902 50.0 0
1747636282918 0.0 0
1747636282929 0.0 0
1747636282940 50.0 0
1747636282954 50.0 0
1747636282971 0.0 0
1747636282993 50.0 0
1747636283017 0.0 0
1747636283029 50.0 0
1747636283042 50.0 0
1747636283056 0.0 0
1747636283066 50.0 0
1747636283076 0.0 0
1747636283104 0.0 0
1747636283126 50.0 0
1747636283154 50.0 0
1747636283177 0.0 0
1747636283189 0.0 0
1747636283197 50.0 0
1747636283210 50.0 0
1747636283222 50.0 0
1747636283239 0.0 0
1747636283251 0.0 0
1747636283262 0.0 0
1747636283270 0.0 0
1747636283280 0.0 0
1747636283292 50.0 0
1747636283305 0.0 0
1747636283317 50.0 0
1747636283353 0.0 0
1747636283366 0.0 0
1747636283377 0.0 0
1747636283392 0.0 0
1747636283413 0.0 0
1747636283425 50.0 0
1747636283442 50.0 0
1747636283452 50.0 0
1747636283463 0.0 0
1747636283486 0.0 0
1747636283497 50.0 0
1747636283520 50.0 0
1747636283534 0.0 0
1747636283548 0.0 0
1747636283563 50.0 0
1747636283587 0.0 0
1747636283601 50.0 0
1747636283625 0.0 0
1747636283639 0.0 0
1747636283657 50.0 0
1747636283682 50.0 0
1747636283703 50.0 0
1747636283719 0.0 0
1747636283749 50.0 0
1747636283762 0.0 0
1747636283779 0.0 0
1747636283792 50.0 0
1747636283804 50.0 0
1747636283816 50.0 0
1747636283828 50.0 0
1747636283840 0.0 0
1747636283871 0.0 0
1747636283898 0.0 0
1747636283913 0.0 0
1747636283925 0.0 0
1747636283944 0.0 0
1747636283960 0.0 0
1747636283980 0.0 0
1747636283993 50.0 0
1747636284001 50.0 0
1747636284020 50.0 0
1747636284043 0.0 0
1747636284060 0.0 0
1747636284076 50.0 0
1747636284109 0.0 0
1747636284122 50.0 0
1747636284145 0.0 0
1747636284158 0.0 0
1747636284170 0.0 0
1747636284186 0.0 0
1747636284198 50.0 0
1747636284209 50.0 0
1747636284226 50.0 0
1747636284234 50.0 0
1747636284246 0.0 0
1747636284263 50.0 0
1747636284276 0.0 0
1747636284298 50.0 0
1747636284313 0.0 0
1747636284331 50.0 0
1747636284352 50.0 0
1747636284372 0.0 0
1747636284383 50.0 0
1747636284410 0.0 0
1747636284423 0.0 0
1747636284435 50.0 0
1747636284447 0.0 0
1747636284464 0.0 0
1747636284474 50.0 0
1747636284489 0.0 0
1747636284506 0.0 0
1747636284514 50.0 0
1747636284537 0.0 0
1747636284560 50.0 0
1747636284572 50.0 0
1747636284587 0.0 0
1747636284599 50.0 0
1747636284611 0.0 0
1747636284626 0.0 0
1747636284642 0.0 0
1747636284653 50.0 0
1747636284665 50.0 0
1747636284693 0.0 0
1747636284711 50.0 0
1747636284733 0.0 0
1747636284746 50.0 0
1747636284762 50.0 0
1747636284778 50.0 0
1747636284790 0.0 0
1747636284808 50.0 0
1747636284817 50.0 0
1747636284830 50.0 0
1747636284852 50.0 0
1747636284863 50.0 0
1747636284875 0.0 0
1747636284897 50.0 0
1747636284909 0.0 0
1747636284928 50.0 0
1747636284939 50.0 0
1747636284963 50.0 0
1747636284980 0.0 0
1747636284991 50.0 0
1747636285008 50.0 0
1747636285019 50.0 0
1747636285035 0.0 0
