1748446127610 -0.12046216468043157 0
1748446187374 -0.1319332828687262 0
1748446197485 -0.09551563924359448 0
1748446213330 -0.11688757691628862 0
1748446244482 -0.12616811091213476 0
1748446290094 -0.13343928995371385 0
1748446315624 -0.12148946993325362 0
1748446343307 -0.1211110749606386 0
1748446374314 -0.11934904582109471 0
1748446428944 -0.13726595374653064 0
1748446465634 -0.12507228605861803 0
1748446475040 -0.09929477294407013 0
1748446525084 -0.1337542133192044 0
1748446553671 -0.12192166997175877 0
1748446565291 -0.10685556960081287 0
1748446587487 -0.12011454545087415 0
1748446606435 -0.12362436578554636 0
1748446637273 -0.12023491351641438 0
1748446690811 -0.13657410324303548 0
1748446754832 -0.13511464636630216 0
1748446765645 -0.10266776936817072 0
1748446780628 -0.11150727042039346 0
1748446839658 -0.13438289696496641 0
1748446854208 -0.11259202976063845 0
1748446858774 -0.09308341350189045 0
1748446877951 -0.12272472436338576 0
1748446894915 -0.12168247081107504 0
1748446943082 -0.12944979199809356 0
1748446970840 -0.11386783663564486 0
1748447005852 -0.11983396917424438 0
1748447056570 -0.13322383489158354 0
1748447102423 -0.12808672644213484 0
1748447121203 -0.11549640941086613 0
1748447152910 -0.1188224008683892 0
1748447196383 -0.13165262575278613 0
1748447197024 -0.10671744693506535 0
1748447249633 -0.13327574715806875 0
1748447305492 -0.13341666847719633 0
1748447328653 -0.11061955386757946 0
1748447349345 -0.11178133789156573 0
1748447374708 -0.1179083454489768 0
1748447382581 -0.0999178548737701 0
1748447434780 -0.131528118196973 0
1748447459074 -0.11167817277872882 0
1748447502498 -0.12651212012670637 0
1748447563874 -0.1309264113432366 0
1748447605619 -0.13001774550011036 0
