1748446127609 0.12026969042618336 0
1748446187373 0.14181970967628604 0
1748446197484 0.09056685604389682 0
1748446213329 0.126084814902745 0
1748446244481 0.12407816664695222 0
1748446290093 0.13872512321381006 0
1748446315623 0.11927780664422741 0
1748446343306 0.12593198231975603 0
1748446374313 0.12441244983104792 0
1748446428943 0.13350770191735095 0
1748446465633 0.13041907578319023 0
1748446475040 0.10049120695245325 0
1748446525083 0.13884838075878014 0
1748446553670 0.11792024511357094 0
1748446565290 0.10559213848299408 0
1748446587486 0.13171520890047447 0
1748446606433 0.12806106042370366 0
1748446637272 0.12593642101840744 0
1748446690810 0.13834801548634526 0
1748446754831 0.1432759403926212 0
1748446765644 0.10171710853218599 0
1748446780627 0.11570216852344382 0
1748446839656 0.1457472580106762 0
1748446854207 0.11950119515014287 0
1748446858773 0.09740920786746007 0
1748446877950 0.1275558602657137 0
1748446894914 0.12273180907761548 0
1748446943081 0.14864551060600964 0
1748446970838 0.13222273911612717 0
1748447005851 0.14131688967651376 0
1748447056569 0.14268364846129988 0
1748447102422 0.1436024782215109 0
1748447121202 0.12937255862485655 0
1748447152909 0.13578784408615194 0
1748447196382 0.13972117297116562 0
1748447197023 0.14501552256988068 0
1748447249631 0.1364912572396446 0
1748447305491 0.13769161286623757 0
1748447328652 0.12856185692860456 0
1748447349344 0.13046097594088799 0
1748447374707 0.11968668868237634 0
1748447382580 0.08902641820825168 0
1748447434779 0.1370191771722912 0
1748447459073 0.12826920586858753 0
1748447502497 0.14396286748162257 0
1748447563872 0.1458420039272064 0
1748447605617 0.13457280577099007 0
