1748446127607 2851.0 0
1748446187371 6691.0 0
1748446197482 895.0 0
1748446213327 1996.0 0
1748446244478 3458.0 0
1748446290091 5353.0 0
1748446315620 2996.0 0
1748446343303 3000.0 0
1748446374311 3297.0 0
1748446428941 6192.0 0
1748446465630 4098.0 0
1748446475037 1126.0 0
1748446525081 5726.0 0
1748446553667 3369.0 0
1748446565288 1495.0 0
1748446587483 2472.0 0
1748446606431 2266.0 0
1748446637269 3495.0 0
1748446690807 6813.0 0
1748446754829 7096.0 0
1748446765641 1277.0 0
1748446780625 1733.0 0
1748446839654 7213.0 0
1748446854204 2062.0 0
1748446858770 558.0 0
1748446877948 2385.0 0
1748446894911 2350.0 0
1748446943078 6740.0 0
1748446970836 3830.0 0
1748447005848 4770.0 0
1748447056567 6783.0 0
1748447102420 5878.0 0
1748447121200 2557.0 0
1748447152906 4101.0 0
1748447196380 5760.0 0
1748447197020 86.0 0
1748447249629 7044.0 0
1748447305488 7434.0 0
1748447328650 2990.0 0
1748447349341 2828.0 0
1748447374704 3268.0 0
1748447382577 1090.0 0
1748447434777 6682.0 0
1748447459071 3312.0 0
1748447502494 5658.0 0
1748447563870 7984.0 0
1748447605615 5772.0 0
