1748446127608 51.139950894423016 0
1748446187372 48.85667314302795 0
1748446197483 50.167597765363126 0
1748446213328 47.49498997995992 0
1748446244480 48.35164835164835 0
1748446290092 48.0291425368952 0
1748446315621 47.930574098798395 0
1748446343305 48.36666666666667 0
1748446374312 48.28632089778587 0
1748446428942 48.11046511627907 0
1748446465631 50.317227916056616 0
1748446475039 48.13499111900533 0
1748446525082 48.8648271044359 0
1748446553669 49.24309884238646 0
1748446565289 48.42809364548495 0
1748446587485 49.39320388349515 0
1748446606432 49.82347749338041 0
1748446637271 49.64234620886982 0
1748446690809 48.36342286804638 0
1748446754830 47.80157835400225 0
1748446765643 49.725920125293655 0
1748446780626 49.740334679746105 0
1748446839655 48.967142659087756 0
1748446854206 49.4180407371484 0
1748446858772 47.8494623655914 0
1748446877949 48.0503144654088 0
1748446894912 49.148936170212764 0
1748446943080 48.45697329376855 0
1748446970837 49.425587467362924 0
1748447005850 49.70649895178197 0
1748447056568 47.943387881468375 0
1748447102421 49.18339571282749 0
1748447121201 48.80719593273367 0
1748447152907 48.59790295049988 0
1748447196381 48.55902777777778 0
1748447197021 50.0 0
1748447249630 49.41794434980125 0
1748447305489 47.86117836965295 0
1748447328651 48.862876254180605 0
1748447349343 49.04526166902404 0
1748447374706 48.776009791921666 0
1748447382579 48.1651376146789 0
1748447434778 47.8299910206525 0
1748447459072 48.580917874396135 0
1748447502496 49.346058677978085 0
1748447563871 49.33617234468938 0
1748447605616 48.232848232848234 0
