1747307251251 15.016042780748663 0
1747307272067 14.47545219638243 0
1747307289433 13.80593325092707 0
1747307310018 13.795061728395062 0
1747307328893 14.093198992443325 0
1747307349940 15.431506849315069 0
1747307384331 13.904347826086957 0
1747307404086 29.17794486215539 0
1747307421755 27.970660146699267 0
1747307452247 67.42937853107344 0
1747307471424 19.940298507462686 0
1747307491095 19.940298507462686 0
1747307515081 20.07638888888889 0
1747308166054 9.7012987012987 0
1747308192036 9.622527944969905 0
1747308215341 9.697835497835499 0
1747308240255 9.115858668857847 0
1747308260623 8.881219903691814 0
1747308285452 10.38121546961326 0
1747308314164 11.386454183266933 0
1747309355296 17.786499215070645 0
1747309375697 17.63707165109034 0
1747310378747 16.678466076696164 0
1747310398999 16.57856093979442 0
1747310419372 16.736686390532544 0
1747310988290 26.963369963369964 0
1747311009157 27.5910780669145 0
1747311028818 26.111510791366907 0
1747311051258 25.821428571428573 0
1747311073595 26.329787234042552 0
1747311628391 3.246460980036298 0
1747312222946 11.234254143646409 0
