1747307251247 -0.0005908396280030593 0
1747307272064 -0.0005446285005359592 0
1747307289429 -0.0005588448648728421 0
1747307310014 -0.0005181856497386003 0
1747307328889 -0.000539456647359959 0
1747307349937 -0.000738504635230085 0
1747307384327 -0.0005635374895091126 0
1747307404082 -0.0015610362313586413 0
1747307421751 -0.0015941168106932814 0
1747307452243 -0.003776851795793142 0
1747307471421 0.0010419612780134025 0
1747307491091 0.0010419612780134025 0
1747307515078 0.00198855996023117 0
1747308166051 0.0004786484624847579 0
1747308192033 0.0004718885366003677 0
1747308215338 0.00046701174891057486 0
1747308240251 0.00042600487404848713 0
1747308260620 0.00047259031692260795 0
1747308285448 0.0005639593368953993 0
1747308314161 0.0005993476145317541 0
1747309355292 -0.0005503855420248929 0
1747309375694 -0.0005421676462627536 0
1747310378743 0.0008472372478889618 0
1747310398996 0.0008608107409271592 0
1747310419368 0.0008194276082855442 0
1747310988287 -0.0017105158245137137 0
1747311009153 -0.001785166347866411 0
1747311028815 -0.0015171125599198613 0
1747311051255 -0.0015392179456065302 0
1747311073592 -0.0015720330345898588 0
1747311628387 0.00010408082504060412 0
1747312222942 0.0008474512250017023 0
