1747307251248 2.4160000000000004 0
1747307272065 2.4160000000000004 0
1747307289430 2.4160000000000004 0
1747307310015 2.4160000000000004 0
1747307328890 2.4160000000000004 0
1747307349938 2.436 0
1747307384329 2.4160000000000004 0
1747307404084 2.2970000000000006 0
1747307421753 2.2970000000000006 0
1747307452245 2.2300000000000004 0
1747307471422 2.4179999999999993 0
1747307491092 2.4179999999999993 0
1747307515079 0.9649999999999999 0
1747308166052 2.394000000000002 0
1747308192034 2.394000000000002 0
1747308215339 2.394000000000002 0
1747308240253 2.4460000000000015 0
1747308260621 2.4460000000000015 0
1747308285450 2.4238 0
1747308314162 2.4460000000000015 0
1747309355293 2.4177999999999997 0
1747309375695 2.4177999999999997 0
1747310378744 2.4380000000000024 0
1747310398997 2.4380000000000024 0
1747310419370 2.4380000000000024 0
1747310988288 2.3070999999999984 0
1747311009154 2.440100000000001 0
1747311028816 2.3070999999999984 0
1747311051256 2.3070999999999984 0
1747311073593 2.3070999999999984 0
1747311628388 2.4770000000000003 0
1747312222943 2.446999999999999 0
