1747307251246 0.7502415552191397 0
1747307272062 0.7608339356408484 0
1747307289427 0.7485411983390008 0
1747307310013 0.7646739265723967 0
1747307328887 0.7628394650096122 0
1747307349935 0.6862690717112399 0
1747307384325 0.7442412377553214 0
1747307404081 0.5877744048831525 0
1747307421750 0.5713195122386538 0
1747307452241 0.4951403658996321 0
1747307471419 1.3440490231764162 0
1747307491089 1.3440490231764162 0
1747307515076 1.666545857420358 0
1747308166049 1.2716087879219637 0
1747308192031 1.2683513685948251 0
1747308215336 1.262999298718636 0
1747308240250 1.2433609526185625 0
1747308260618 1.2775580041071157 0
1747308285447 1.3047567541964862 0
1747308314159 1.304950809882421 0
1747309355290 0.8159540431023058 0
1747309375692 0.8161278352465153 0
1747310378742 1.3296801306992163 0
1747310398994 1.3370900908079921 0
1747310419366 1.3156410453833105 0
1747310988285 0.6077995410882173 0
1747311009151 0.599218863706876 0
1747311028813 0.6366429507457236 0
1747311051253 0.6327714620440158 0
1747311073590 0.6330936781242027 0
1747311628385 1.0962424384357012 0
1747312222940 1.4446262761934838 0
