1747307251252 -0.05908396280030592 0
1747307272068 -0.05446285005359592 0
1747307289434 -0.05588448648728422 0
1747307310019 -0.05181856497386004 0
1747307328894 -0.05394566473599591 0
1747307349941 -0.0738504635230085 0
1747307384332 -0.056353748950911255 0
1747307404087 -0.15610362313586415 0
1747307421757 -0.15941168106932815 0
1747307452248 -0.3776851795793142 0
1747307471425 0.10419612780134024 0
1747307491096 0.10419612780134024 0
1747307515082 0.19885599602311702 0
1747308166055 0.047864846248475784 0
1747308192037 0.04718885366003677 0
1747308215342 0.04670117489105749 0
1747308240256 0.04260048740484872 0
1747308260624 0.047259031692260804 0
1747308285454 0.05639593368953993 0
1747308314165 0.0599347614531754 0
1747309355297 -0.05503855420248927 0
1747309375699 -0.05421676462627535 0
1747310378748 0.08472372478889617 0
1747310399000 0.08608107409271591 0
1747310419373 0.08194276082855442 0
1747310988291 -0.17105158245137142 0
1747311009158 -0.1785166347866411 0
1747311028819 -0.15171125599198615 0
1747311051259 -0.15392179456065305 0
1747311073596 -0.15720330345898592 0
1747311628392 0.010408082504060407 0
1747312222947 0.08474512250017022 0
