1747307251249 -0.06611884878439894 0
1747307272066 -0.0627338695011125 0
1747307289432 -0.06715828833314837 0
1747307310017 -0.062469594015226865 0
1747307328892 -0.06280003387923078 0
1747307349939 -0.08735804991404017 0
1747307384330 -0.06852773776408781 0
1747307404085 -0.1132655902076454 0
1747307421754 -0.11851387765903874 0
1747307452246 -0.18093376907572425 0
1747307471423 0.10027426073105813 0
1747307491094 0.10027426073105813 0
1747307515080 0.1729369492955756 0
1747308166053 0.06884809682309956 0
1747308192035 0.06780188113548496 0
1747308215340 0.06672906553842604 0
1747308240254 0.06302476949918653 0
1747308260622 0.07008076660340624 0
1747308285451 0.07698317586808108 0
1747308314163 0.08163534355716973 0
1747309355295 -0.054987332112686534 0
1747309375696 -0.05452692601952139 0
1747310378745 0.08946218593874201 0
1747310398998 0.09088639906831116 0
1747310419371 0.08632961663129342 0
1747310988289 -0.13560293495515752 0
1747311009156 -0.1409393484124152 0
1747311028817 -0.12205420547413708 0
1747311051257 -0.1239035796540041 0
1747311073594 -0.12568526418774234 0
1747311628390 0.025726170778659404 0
1747312222945 0.11389785376969105 0
