1747307251244 44.11764705882353 0
1747307272060 44.315245478036175 0
1747307289425 44.746600741656366 0
1747307310010 45.18518518518518 0
1747307328885 45.46599496221663 0
1747307349933 44.657534246575345 0
1747307384323 44.96894409937888 0
1747307404078 44.86215538847117 0
1747307421747 44.743276283618584 0
1747307452239 44.06779661016949 0
1747307471417 55.223880597014926 0
1747307491087 55.223880597014926 0
1747307515074 59.02777777777778 0
1747308166047 50.476190476190474 0
1747308192029 50.300945829750646 0
1747308215334 50.38961038961038 0
1747308240247 50.61626951520132 0
1747308260616 50.88282504012841 0
1747308285444 51.28913443830571 0
1747308314157 51.19521912350598 0
1747309355288 46.781789638932494 0
1747309375690 47.19626168224299 0
1747310378740 52.50737463126843 0
1747310398992 52.863436123348016 0
1747310419364 52.662721893491124 0
1747310988283 50.18315018315018 0
1747311009149 50.18587360594795 0
1747311028811 51.438848920863315 0
1747311051251 50.357142857142854 0
1747311073588 51.41843971631206 0
1747311628383 50.19963702359347 0
1747312222937 52.81767955801106 0
