1747650505378 3.4257866613892736 0
1747650505414 0.0 0
1747650505428 0.0 0
1747650505435 0.0 0
1747650505445 0.0 0
1747650505457 0.0 0
1747650505469 0.0 0
1747650505480 0.0 0
1747650505502 0.0 0
1747650505513 0.0 0
1747650505529 0.0 0
1747650505539 0.0 0
1747650505551 0.0 0
1747650505563 0.0 0
1747650505573 0.0 0
1747650505589 0.0 0
1747650505600 0.0 0
1747650505613 0.0 0
1747650505643 0.0 0
1747650505659 0.0 0
1747650505671 0.0 0
1747650505682 0.0 0
1747650505698 0.0 0
1747650505709 0.0 0
1747650505716 0.0 0
1747650505727 0.0 0
1747650505741 0.0 0
1747650505752 0.0 0
1747650505768 0.0 0
1747650505779 0.0 0
1747650505789 0.0 0
1747650505799 0.0 0
1747650505811 0.0 0
1747650505823 0.0 0
1747650505836 0.0 0
1747650505844 0.0 0
1747650505855 0.0 0
1747650505865 0.0 0
1747650505876 0.0 0
1747650505890 0.0 0
1747650505904 0.0 0
1747650505915 0.0 0
1747650505927 0.0 0
1747650505948 0.0 0
1747650505966 0.0 0
1747650505982 0.0 0
1747650505994 0.0 0
1747650506005 0.0 0
1747650506023 0.0 0
1747650506034 0.0 0
1747650506045 0.0 0
1747650506063 0.0 0
1747650506073 0.0 0
1747650506084 0.0 0
1747650506091 0.0 0
1747650506102 0.0 0
1747650506114 0.0 0
1747650506125 0.0 0
1747650506136 0.0 0
1747650506148 0.0 0
1747650506162 0.0 0
1747650506180 0.0 0
1747650506191 0.0 0
1747650506216 0.0 0
1747650506227 0.0 0
1747650506238 0.0 0
1747650506249 0.0 0
1747650506257 0.0 0
1747650506266 0.0 0
1747650506278 0.0 0
1747650506287 0.0 0
1747650506298 0.0 0
1747650506308 0.0 0
1747650506318 0.0 0
1747650506333 0.0 0
1747650506341 0.0 0
1747650506350 0.0 0
1747650506361 0.0 0
1747650506386 0.0 0
1747650506401 0.0 0
1747650506420 0.0 0
1747650506431 0.0 0
1747650506443 0.0 0
1747650506454 0.0 0
1747650506477 0.0 0
1747650506491 0.0 0
1747650506509 0.0 0
1747650506524 0.0 0
1747650506535 0.0 0
1747650506548 0.0 0
1747650506562 0.0 0
1747650506573 0.0 0
1747650506584 0.0 0
1747650506594 0.0 0
1747650506608 0.0 0
1747650506619 0.0 0
1747650506637 0.0 0
1747650506647 0.0 0
1747650506654 0.0 0
1747650506667 0.0 0
1747650506684 0.0 0
1747650506696 0.0 0
1747650506712 0.0 0
1747650506729 0.0 0
1747650506744 0.0 0
1747650506753 0.0 0
1747650506764 0.0 0
1747650506776 0.0 0
1747650506783 0.0 0
1747650506808 0.0 0
1747650506820 0.0 0
1747650506842 0.0 0
1747650506851 0.0 0
1747650506859 0.0 0
1747650506870 0.0 0
1747650506884 0.0 0
1747650506898 0.0 0
1747650506916 0.0 0
1747650506927 0.0 0
1747650506938 0.0 0
1747650506945 0.0 0
1747650506957 0.0 0
1747650506968 0.0 0
1747650506978 0.0 0
1747650506986 0.0 0
1747650507002 0.0 0
1747650507010 0.0 0
1747650507021 0.0 0
1747650507033 0.0 0
1747650507044 0.0 0
1747650507055 0.0 0
1747650507067 0.0 0
1747650507091 0.0 0
1747650507110 0.0 0
1747650507124 0.0 0
1747650507136 0.0 0
1747650507143 0.0 0
1747650507154 0.0 0
1747650507165 0.0 0
1747650507192 0.0 0
1747650507203 0.0 0
1747650507215 0.0 0
1747650507226 0.0 0
1747650507239 0.0 0
1747650507251 0.0 0
1747650507260 0.0 0
1747650507274 0.0 0
1747650507286 0.0 0
1747650507297 0.0 0
1747650507304 0.0 0
1747650507317 0.0 0
1747650507327 0.0 0
1747650507335 0.0 0
1747650507346 0.0 0
1747650507359 0.0 0
1747650507369 0.0 0
1747650507378 0.0 0
1747650507387 0.0 0
1747650507400 0.0 0
1747650507417 0.0 0
1747650507428 0.0 0
1747650507440 0.0 0
1747650507457 0.0 0
1747650507466 0.0 0
1747650507475 0.0 0
1747650507484 0.0 0
1747650507500 0.0 0
1747650507511 0.0 0
1747650507520 0.0 0
1747650507534 0.0 0
1747650507545 0.0 0
1747650507556 0.0 0
1747650507569 0.0 0
1747650507581 0.0 0
1747650507592 0.0 0
1747650507599 0.0 0
1747650507608 0.0 0
1747650507619 0.0 0
1747650507642 0.0 0
1747650507654 0.0 0
1747650507665 0.0 0
1747650507685 0.0 0
1747650507697 0.0 0
1747650507709 0.0 0
1747650507720 0.0 0
1747650507728 0.0 0
1747650507737 0.0 0
1747650507748 0.0 0
1747650507757 0.0 0
1747650507767 0.0 0
1747650507778 0.0 0
1747650507789 0.0 0
1747650507805 0.0 0
1747650507813 0.0 0
1747650507822 0.0 0
1747650507838 0.0 0
1747650507850 0.0 0
1747650507859 0.0 0
1747650507871 0.0 0
1747650507883 0.0 0
1747650507892 0.0 0
1747650507904 0.0 0
1747650507919 0.0 0
1747650507934 0.0 0
1747650507945 0.0 0
1747650507970 0.0 0
1747650507979 0.0 0
1747650507990 0.0 0
1747650507999 0.0 0
1747650508011 0.0 0
1747650508022 0.0 0
1747650508032 0.0 0
1747650508045 0.0 0
1747650508057 0.0 0
1747650508068 0.0 0
1747650508079 0.0 0
1747650508088 0.0 0
1747650508094 0.0 0
1747650508108 0.0 0
1747650508121 0.0 0
1747650508132 0.0 0
1747650508144 0.0 0
1747650508155 0.0 0
1747650508166 0.0 0
1747650508175 0.0 0
1747650508191 0.0 0
1747650508207 0.0 0
1747650508218 0.0 0
1747650508225 0.0 0
1747650508237 0.0 0
1747650508248 0.0 0
1747650508261 0.0 0
1747650508274 0.0 0
1747650508287 0.0 0
1747650508299 0.0 0
1747650508310 0.0 0
1747650508320 0.0 0
1747650508332 0.0 0
1747650508343 0.0 0
1747650508359 0.0 0
1747650508373 0.0 0
1747650508386 0.0 0
1747650508397 0.0 0
1747650508408 0.0 0
1747650508419 0.0 0
1747650508431 0.0 0
1747650508446 0.0 0
1747650508457 0.0 0
1747650508482 0.0 0
1747650508494 0.0 0
1747650508505 0.0 0
1747650508533 0.0 0
1747650508545 0.0 0
1747650508564 0.0 0
1747650508576 0.0 0
1747650508583 0.0 0
1747650508592 0.0 0
1747650508601 0.0 0
1747650508613 0.0 0
1747650508624 0.0 0
1747650508633 0.0 0
1747650508641 0.0 0
1747650508650 0.0 0
1747650508664 0.0 0
1747650508676 0.0 0
1747650508692 0.0 0
1747650508700 0.0 0
1747650508711 0.0 0
1747650508733 0.0 0
1747650508744 0.0 0
1747650508761 0.0 0
1747650508776 0.0 0
1747650508784 0.0 0
1747650508794 0.0 0
1747650508810 0.0 0
1747650508817 0.0 0
1747650508829 0.0 0
1747650508840 0.0 0
1747650508851 0.0 0
1747650508862 0.0 0
1747650508881 0.0 0
1747650508900 0.0 0
1747650508916 0.0 0
1747650508927 0.0 0
1747650508937 0.0 0
1747650508945 0.0 0
1747650508957 0.0 0
1747650508969 0.0 0
1747650508987 0.0 0
1747650508999 0.0 0
1747650509010 0.0 0
1747650509018 0.0 0
1747650509034 0.0 0
1747650509052 0.0 0
1747650509063 0.0 0
1747650509074 0.0 0
1747650509088 0.0 0
1747650509108 0.0 0
1747650509119 0.0 0
1747650509139 0.0 0
1747650509147 0.0 0
1747650509164 0.0 0
1747650509175 0.0 0
1747650509186 0.0 0
1747650509201 0.0 0
1747650509212 0.0 0
1747650509231 0.0 0
1747650509245 0.0 0
1747650509261 0.0 0
1747650509287 0.0 0
1747650509297 0.0 0
1747650509309 0.0 0
1747650509321 0.0 0
1747650509337 0.0 0
1747650509348 0.0 0
1747650509364 0.0 0
1747650509376 0.0 0
1747650509387 0.0 0
1747650509410 0.0 0
1747650509421 0.0 0
1747650509429 0.0 0
1747650509443 0.0 0
1747650509457 0.0 0
1747650509475 0.0 0
1747650509490 0.0 0
1747650509500 0.0 0
1747650509512 0.0 0
1747650509527 0.0 0
1747650509535 0.0 0
1747650509553 0.0 0
1747650509572 0.0 0
1747650509588 0.0 0
1747650509600 0.0 0
1747650509610 0.0 0
1747650509625 0.0 0
1747650509637 0.0 0
1747650509652 0.0 0
1747650509669 0.0 0
1747650509680 0.0 0
1747650509692 0.0 0
1747650509704 0.0 0
1747650509723 0.0 0
1747650509734 0.0 0
1747650509746 0.0 0
1747650509757 0.0 0
1747650509767 0.0 0
1747650509786 0.0 0
1747650509799 0.0 0
1747650509808 0.0 0
1747650509824 0.0 0
1747650509835 0.0 0
1747650509842 0.0 0
1747650509853 0.0 0
1747650509864 0.0 0
1747650509874 0.0 0
1747650509882 0.0 0
1747650509900 0.0 0
1747650509913 0.0 0
1747650509927 0.0 0
1747650509948 0.0 0
1747650509970 0.0 0
1747650509983 0.0 0
1747650509995 0.0 0
1747650510006 0.0 0
1747650510016 0.0 0
1747650510028 0.0 0
1747650510037 0.0 0
1747650510069 0.0 0
1747650510079 0.0 0
1747650510095 0.0 0
1747650510107 0.0 0
1747650510125 0.0 0
1747650510136 0.0 0
1747650510148 0.0 0
1747650510168 0.0 0
1747650510179 0.0 0
1747650510190 0.0 0
1747650510205 0.0 0
1747650510216 0.0 0
1747650510225 0.0 0
1747650510252 0.0 0
1747650510268 0.0 0
1747650510299 0.0 0
1747650510311 0.0 0
1747650510323 0.0 0
1747650510334 0.0 0
1747650510351 0.0 0
1747650510366 0.0 0
1747650510380 0.0 0
1747650510388 0.0 0
1747650510398 0.0 0
1747650510409 0.0 0
1747650510432 0.0 0
1747650510446 0.0 0
1747650510457 0.0 0
1747650510469 0.0 0
1747650510477 0.0 0
1747650510488 0.0 0
1747650510498 0.0 0
1747650510508 0.0 0
1747650510520 0.0 0
1747650510540 0.0 0
1747650510551 0.0 0
1747650510562 0.0 0
1747650510573 0.0 0
1747650510585 0.0 0
1747650510609 0.0 0
1747650510619 0.0 0
1747650510630 0.0 0
1747650510641 0.0 0
1747650510650 0.0 0
1747650510673 0.0 0
1747650510683 0.0 0
1747650510694 0.0 0
1747650510702 0.0 0
1747650510721 0.0 0
1747650510733 0.0 0
1747650510752 0.0 0
1747650510763 0.0 0
1747650510774 0.0 0
1747650510790 0.0 0
1747650510805 0.0 0
1747650510824 0.0 0
1747650510833 0.0 0
1747650510844 0.0 0
1747650510855 0.0 0
1747650510865 0.0 0
1747650510875 0.0 0
1747650510886 0.0 0
1747650510896 0.0 0
1747650510907 0.0 0
1747650510917 0.0 0
1747650510941 0.0 0
1747650510952 0.0 0
1747650510962 0.0 0
1747650510974 0.0 0
1747650510996 0.0 0
1747650511013 0.0 0
1747650511020 0.0 0
1747650511029 0.0 0
1747650511040 0.0 0
1747650511056 0.0 0
1747650511078 0.0 0
1747650511090 0.0 0
1747650511108 0.0 0
1747650511142 0.0 0
1747650511154 0.0 0
1747650511163 0.0 0
1747650511170 0.0 0
1747650511182 0.0 0
1747650511211 0.0 0
1747650511222 0.0 0
1747650511234 0.0 0
1747650511245 0.0 0
1747650511255 0.0 0
1747650511266 0.0 0
1747650511277 0.0 0
1747650511288 0.0 0
1747650511300 0.0 0
1747650511309 0.0 0
1747650511319 0.0 0
1747650511332 0.0 0
1747650511343 0.0 0
1747650511352 0.0 0
1747650511363 0.0 0
1747650511374 0.0 0
1747650511384 0.0 0
1747650511392 0.0 0
1747650511403 0.0 0
1747650511415 0.0 0
1747650511434 0.0 0
1747650511447 0.0 0
1747650511462 0.0 0
1747650511475 0.0 0
1747650511489 0.0 0
1747650511512 0.0 0
1747650511523 0.0 0
1747650511535 0.0 0
1747650511547 0.0 0
1747650511558 0.0 0
1747650511568 0.0 0
1747650511576 0.0 0
1747650511590 0.0 0
1747650511601 0.0 0
1747650511617 0.0 0
1747650511625 0.0 0
1747650511637 0.0 0
1747650511649 0.0 0
1747650511660 0.0 0
1747650511670 0.0 0
1747650511682 0.0 0
1747650511692 0.0 0
1747650511704 0.0 0
1747650511715 0.0 0
1747650511731 0.0 0
1747650511741 0.0 0
1747650511753 0.0 0
1747650511764 0.0 0
1747650511781 0.0 0
1747650511791 0.0 0
1747650511801 0.0 0
1747650511819 0.0 0
1747650511831 0.0 0
1747650511842 0.0 0
1747650511857 0.0 0
1747650511868 0.0 0
1747650511879 0.0 0
1747650511890 0.0 0
1747650511899 0.0 0
1747650511909 0.0 0
1747650511925 0.0 0
1747650511935 0.0 0
1747650511974 0.0 0
1747650511986 0.0 0
1747650512000 0.0 0
1747650512011 0.0 0
1747650512022 0.0 0
1747650512052 0.0 0
1747650512069 0.0 0
1747650512080 0.0 0
1747650512091 0.0 0
1747650512101 0.0 0
1747650512112 0.0 0
1747650512123 0.0 0
1747650512135 0.0 0
1747650512156 0.0 0
1747650512168 0.0 0
1747650512179 0.0 0
1747650512197 0.0 0
1747650512208 0.0 0
1747650512218 0.0 0
1747650512225 0.0 0
1747650512236 0.0 0
1747650512244 0.0 0
1747650512258 0.0 0
1747650512267 0.0 0
1747650512282 0.0 0
1747650512296 0.0 0
1747650512307 0.0 0
1747650512317 0.0 0
1747650512336 0.0 0
1747650512348 0.0 0
1747650512388 0.0 0
1747650512403 0.0 0
1747650512435 0.0 0
1747650512458 0.0 0
1747650512478 0.0 0
1747650512489 0.0 0
1747650512502 0.0 0
1747650512515 0.0 0
1747650512529 0.0 0
1747650512540 0.0 0
1747650512563 0.0 0
1747650512590 0.0 0
1747650512602 0.0 0
1747650512615 0.0 0
1747650512636 0.0 0
1747650512645 0.0 0
1747650512668 0.0 0
1747650512681 0.0 0
1747650512690 0.0 0
1747650512699 0.0 0
1747650512717 0.0 0
1747650512727 0.0 0
1747650512734 0.0 0
1747650512749 0.0 0
1747650512761 0.0 0
1747650512775 0.0 0
1747650512788 0.0 0
1747650512801 0.0 0
1747650512813 0.0 0
1747650512830 0.0 0
1747650512843 0.0 0
1747650512856 0.0 0
1747650512864 0.0 0
1747650512877 0.0 0
1747650512893 0.0 0
1747650512903 0.0 0
1747650512925 0.0 0
1747650512937 0.0 0
1747650512949 0.0 0
1747650512964 0.0 0
1747650512978 0.0 0
1747650512993 0.0 0
1747650513004 0.0 0
1747650513015 0.0 0
1747650513024 0.0 0
1747650513036 0.0 0
1747650513048 0.0 0
1747650513068 0.0 0
1747650513081 0.0 0
1747650513091 0.0 0
1747650513102 0.0 0
1747650513113 0.0 0
1747650513122 0.0 0
1747650513134 0.0 0
1747650513143 0.0 0
1747650513153 0.0 0
1747650513162 0.0 0
1747650513172 0.0 0
1747650513190 0.0 0
1747650513203 0.0 0
1747650513215 0.0 0
1747650513222 0.0 0
1747650513232 0.0 0
1747650513241 0.0 0
1747650513252 0.0 0
1747650513263 0.0 0
1747650513274 0.0 0
1747650513288 0.0 0
1747650513299 0.0 0
1747650513311 0.0 0
1747650513321 0.0 0
1747650513329 0.0 0
1747650513340 0.0 0
1747650513350 0.0 0
1747650513361 0.0 0
1747650513376 0.0 0
1747650513388 0.0 0
1747650513412 0.0 0
1747650513426 0.0 0
1747650513444 0.0 0
1747650513457 0.0 0
1747650513469 0.0 0
1747650513486 0.0 0
1747650513495 0.0 0
1747650513509 0.0 0
1747650513520 0.0 0
1747650513533 0.0 0
1747650513562 0.0 0
1747650513576 0.0 0
1747650513606 0.0 0
1747650513618 0.0 0
1747650513630 0.0 0
1747650513643 0.0 0
1747650513657 0.0 0
1747650513669 0.0 0
1747650513680 0.0 0
1747650513692 0.0 0
1747650513703 0.0 0
1747650513718 0.0 0
1747650513734 0.0 0
1747650513746 0.0 0
1747650513756 0.0 0
1747650513768 0.0 0
1747650513806 0.0 0
1747650513818 0.0 0
1747650513829 0.0 0
1747650513839 0.0 0
1747650513873 0.0 0
1747650513887 0.0 0
1747650513909 0.0 0
1747650513921 0.0 0
1747650513940 0.0 0
1747650513952 0.0 0
1747650513963 0.0 0
1747650513986 0.0 0
1747650514002 0.0 0
1747650514013 0.0 0
1747650514022 0.0 0
1747650514039 0.0 0
1747650514054 0.0 0
1747650514071 0.0 0
1747650514083 0.0 0
1747650514091 0.0 0
1747650514100 0.0 0
1747650514111 0.0 0
1747650514123 0.0 0
1747650514138 0.0 0
1747650514152 0.0 0
1747650514162 0.0 0
1747650514171 0.0 0
1747650514180 0.0 0
1747650514192 0.0 0
1747650514204 0.0 0
1747650514226 0.0 0
1747650514238 0.0 0
1747650514252 0.0 0
1747650514264 0.0 0
1747650514271 0.0 0
1747650514293 0.0 0
1747650514304 0.0 0
1747650514323 0.0 0
1747650514335 0.0 0
1747650514348 0.0 0
1747650514357 0.0 0
1747650514367 0.0 0
1747650514378 0.0 0
1747650514394 0.0 0
1747650514407 0.0 0
1747650514418 0.0 0
1747650514435 0.0 0
1747650514449 0.0 0
1747650514473 0.0 0
1747650514484 0.0 0
1747650514494 0.0 0
1747650514506 0.0 0
1747650514520 0.0 0
1747650514531 0.0 0
1747650514543 0.0 0
1747650514582 0.0 0
1747650514595 0.0 0
1747650514607 0.0 0
1747650514619 0.0 0
1747650514635 0.0 0
1747650514649 0.0 0
1747650514663 0.0 0
1747650514673 0.0 0
1747650514682 0.0 0
1747650514692 0.0 0
1747650514703 0.0 0
1747650514715 0.0 0
1747650514726 0.0 0
1747650514736 0.0 0
1747650514748 0.0 0
1747650514757 0.0 0
1747650514772 0.0 0
1747650514783 0.0 0
1747650514793 0.0 0
1747650514805 0.0 0
1747650514833 0.0 0
1747650514845 0.0 0
1747650514856 0.0 0
1747650514868 0.0 0
1747650514879 0.0 0
1747650514893 0.0 0
1747650514900 0.0 0
1747650514918 0.0 0
1747650514930 0.0 0
1747650514939 0.0 0
1747650514959 0.0 0
1747650514975 0.0 0
1747650514986 0.0 0
1747650515006 0.0 0
1747650515018 0.0 0
1747650515030 0.0 0
1747650515041 0.0 0
1747650515050 0.0 0
1747650515058 0.0 0
1747650515069 0.0 0
1747650515076 0.0 0
1747650515086 0.0 0
1747650515094 0.0 0
1747650515105 0.0 0
1747650515117 0.0 0
1747650515126 0.0 0
1747650515139 0.0 0
1747650515152 0.0 0
1747650515164 0.0 0
1747650515181 0.0 0
1747650515195 0.0 0
1747650515212 0.0 0
1747650515234 0.0 0
1747650515246 0.0 0
1747650515253 0.0 0
1747650515270 0.0 0
1747650515281 0.0 0
1747650515291 0.0 0
1747650515304 0.0 0
1747650515318 0.0 0
1747650515334 0.0 0
1747650515345 0.0 0
1747650515360 0.0 0
1747650515380 0.0 0
1747650515400 0.0 0
1747650515411 0.0 0
1747650515423 0.0 0
1747650515435 0.0 0
1747650515451 0.0 0
1747650515479 0.0 0
1747650515490 0.0 0
1747650515499 0.0 0
1747650515511 0.0 0
1747650515523 0.0 0
1747650515534 0.0 0
1747650515546 0.0 0
1747650515558 0.0 0
1747650515576 0.0 0
1747650515585 0.0 0
1747650515593 0.0 0
1747650515604 0.0 0
1747650515615 0.0 0
1747650515634 0.0 0
1747650515646 0.0 0
1747650515658 0.0 0
1747650515667 0.0 0
1747650515677 0.0 0
1747650515687 0.0 0
1747650515705 0.0 0
1747650515717 0.0 0
1747650515734 0.0 0
1747650515744 0.0 0
1747650515754 0.0 0
1747650515763 0.0 0
1747650515771 0.0 0
1747650515782 0.0 0
1747650515792 0.0 0
1747650515803 0.0 0
1747650515813 0.0 0
1747650515831 0.0 0
1747650515848 0.0 0
1747650515861 0.0 0
1747650515873 0.0 0
1747650515882 0.0 0
1747650515894 0.0 0
1747650515908 0.0 0
1747650515919 0.0 0
1747650515930 0.0 0
1747650515937 0.0 0
1747650515946 0.0 0
1747650515958 0.0 0
1747650515966 0.0 0
1747650515978 0.0 0
1747650515986 0.0 0
1747650515995 0.0 0
1747650516007 0.0 0
1747650516021 0.0 0
1747650516033 0.0 0
1747650516049 0.0 0
1747650516059 0.0 0
1747650516070 0.0 0
1747650516081 0.0 0
1747650516097 0.0 0
1747650516108 0.0 0
1747650516124 0.0 0
1747650516135 0.0 0
1747650516146 0.0 0
1747650516157 0.0 0
1747650516166 0.0 0
1747650516173 0.0 0
1747650516184 0.0 0
1747650516200 0.0 0
1747650516211 0.0 0
1747650516227 0.0 0
1747650516239 0.0 0
1747650516251 0.0 0
1747650516263 0.0 0
1747650516274 0.0 0
1747650516288 0.0 0
1747650516316 0.0 0
1747650516332 0.0 0
1747650516347 0.0 0
1747650516360 0.0 0
1747650516374 0.0 0
1747650516382 0.0 0
1747650516397 0.0 0
1747650516408 0.0 0
1747650516420 0.0 0
1747650516431 0.0 0
1747650516443 0.0 0
1747650516452 0.0 0
1747650516472 0.0 0
1747650516490 0.0 0
1747650516502 0.0 0
1747650516518 0.0 0
1747650516529 0.0 0
1747650516536 0.0 0
1747650516544 0.0 0
1747650516554 0.0 0
1747650516568 0.0 0
1747650516576 0.0 0
1747650516587 0.0 0
1747650516596 0.0 0
1747650516608 0.0 0
1747650516617 0.0 0
1747650516627 0.0 0
1747650516641 0.0 0
1747650516650 0.0 0
1747650516658 0.0 0
1747650516668 0.0 0
1747650516675 0.0 0
1747650516684 0.0 0
1747650516694 0.0 0
1747650516705 0.0 0
1747650516717 0.0 0
1747650516725 0.0 0
1747650516739 0.0 0
1747650516758 0.0 0
1747650516774 0.0 0
1747650516791 0.0 0
1747650516802 0.0 0
1747650516813 0.0 0
1747650516820 0.0 0
1747650516830 0.0 0
1747650516853 0.0 0
1747650516865 0.0 0
1747650516914 0.0 0
1747650516930 0.0 0
1747650516942 0.0 0
1747650516954 0.0 0
1747650516968 0.0 0
1747650516976 0.0 0
1747650516987 0.0 0
1747650516995 0.0 0
1747650517005 0.0 0
1747650517017 0.0 0
1747650517031 0.0 0
1747650517049 0.0 0
1747650517059 0.0 0
1747650517088 0.0 0
1747650517099 0.0 0
1747650517113 0.0 0
1747650517127 0.0 0
1747650517149 0.0 0
1747650517165 0.0 0
1747650517176 0.0 0
1747650517192 0.0 0
1747650517204 0.0 0
1747650517226 0.0 0
1747650517236 0.0 0
1747650517248 0.0 0
1747650517260 0.0 0
1747650517278 0.0 0
1747650517285 0.0 0
1747650517296 0.0 0
1747650517308 0.0 0
1747650517320 0.0 0
1747650517332 0.0 0
1747650517343 0.0 0
1747650517351 0.0 0
1747650517360 0.0 0
1747650517371 0.0 0
1747650517382 0.0 0
1747650517390 0.0 0
1747650517402 0.0 0
1747650517417 0.0 0
1747650517437 0.0 0
1747650517448 0.0 0
1747650517461 0.0 0
1747650517474 0.0 0
1747650517490 0.0 0
1747650517505 0.0 0
1747650517517 0.0 0
1747650517529 0.0 0
1747650517541 0.0 0
1747650517552 0.0 0
1747650517563 0.0 0
1747650517580 0.0 0
1747650517591 0.0 0
1747650517608 0.0 0
1747650517616 0.0 0
1747650517627 0.0 0
1747650517639 0.0 0
1747650517652 0.0 0
1747650517659 0.0 0
1747650517668 0.0 0
1747650517687 0.0 0
1747650517698 0.0 0
1747650517710 0.0 0
1747650517720 0.0 0
1747650517730 0.0 0
1747650517744 0.0 0
1747650517755 0.0 0
1747650517768 0.0 0
1747650517779 0.0 0
1747650517791 0.0 0
1747650517799 0.0 0
1747650517810 0.0 0
1747650517822 0.0 0
1747650517829 0.0 0
1747650517841 0.0 0
1747650517852 0.0 0
1747650517861 0.0 0
1747650517878 0.0 0
1747650517888 0.0 0
1747650517931 0.0 0
1747650517957 0.0 0
1747650517970 0.0 0
1747650517986 0.0 0
1747650518000 0.0 0
1747650518013 0.0 0
1747650518024 0.0 0
1747650518038 0.0 0
1747650518050 0.0 0
1747650518062 0.0 0
1747650518077 0.0 0
1747650518089 0.0 0
1747650518112 0.0 0
1747650518121 0.0 0
1747650518132 0.0 0
1747650518142 0.0 0
1747650518158 0.0 0
1747650518174 0.0 0
1747650518185 0.0 0
1747650518207 0.0 0
1747650518223 0.0 0
1747650518244 0.0 0
1747650518254 0.0 0
1747650518273 0.0 0
1747650518291 0.0 0
1747650518303 0.0 0
1747650518314 0.0 0
1747650518329 0.0 0
1747650518345 0.0 0
1747650518356 0.0 0
1747650518367 0.0 0
1747650518389 0.0 0
1747650518399 0.0 0
1747650518410 0.0 0
1747650518424 0.0 0
1747650518435 0.0 0
1747650518446 0.0 0
1747650518463 0.0 0
1747650518479 0.0 0
1747650518490 0.0 0
1747650518502 0.0 0
1747650518512 0.0 0
1747650518523 0.0 0
1747650518534 0.0 0
1747650518545 0.0 0
1747650518556 0.0 0
1747650518568 0.0 0
1747650518579 0.0 0
1747650518592 0.0 0
1747650518602 0.0 0
1747650518632 0.0 0
1747650518642 0.0 0
1747650518653 0.0 0
1747650518664 0.0 0
1747650518680 0.0 0
1747650518691 0.0 0
1747650518712 0.0 0
1747650518724 0.0 0
1747650518736 0.0 0
1747650518746 0.0 0
1747650518757 0.0 0
1747650518768 0.0 0
1747650518784 0.0 0
1747650518800 0.0 0
1747650518812 0.0 0
1747650518829 0.0 0
1747650518840 0.0 0
1747650518856 0.0 0
1747650518872 0.0 0
1747650518883 0.0 0
1747650518895 0.0 0
1747650518906 0.0 0
1747650518918 0.0 0
1747650518929 0.0 0
1747650518955 0.0 0
1747650518976 0.0 0
1747650518987 0.0 0
1747650518997 0.0 0
1747650519016 0.0 0
1747650519035 0.0 0
1747650519051 0.0 0
1747650519062 0.0 0
1747650519078 0.0 0
1747650519089 0.0 0
1747650519101 0.0 0
1747650519113 0.0 0
1747650519125 0.0 0
1747650519152 0.0 0
1747650519177 0.0 0
1747650519192 0.0 0
1747650519203 0.0 0
1747650519214 0.0 0
1747650519225 0.0 0
1747650519233 0.0 0
1747650519241 0.0 0
1747650519251 0.0 0
1747650519273 0.0 0
1747650519284 0.0 0
1747650519293 0.0 0
1747650519310 0.0 0
1747650519322 0.0 0
1747650519334 0.0 0
1747650519351 0.0 0
1747650519372 0.0 0
1747650519383 0.0 0
1747650519399 0.0 0
1747650519410 0.0 0
1747650519421 0.0 0
1747650519432 0.0 0
1747650519443 0.0 0
1747650519453 0.0 0
1747650519476 0.0 0
1747650519490 0.0 0
1747650519502 0.0 0
1747650519519 0.0 0
1747650519532 0.0 0
1747650519548 0.0 0
1747650519559 0.0 0
1747650519568 0.0 0
1747650519585 0.0 0
1747650519601 0.0 0
1747650519613 0.0 0
1747650519624 0.0 0
1747650519640 0.0 0
1747650519656 0.0 0
1747650519667 0.0 0
1747650519679 0.0 0
1747650519697 0.0 0
1747650519710 0.0 0
1747650519742 0.0 0
1747650519752 0.0 0
1747650519781 0.0 0
1747650519794 0.0 0
1747650519814 0.0 0
1747650519827 0.0 0
1747650519848 0.0 0
1747650519860 0.0 0
1747650519871 0.0 0
1747650519884 0.0 0
1747650519896 0.0 0
1747650519919 0.0 0
1747650519940 0.0 0
1747650519952 0.0 0
1747650519963 0.0 0
1747650519980 0.0 0
1747650519991 0.0 0
1747650520002 0.0 0
1747650520013 0.0 0
1747650520025 0.0 0
1747650520037 0.0 0
1747650520051 0.0 0
1747650520070 0.0 0
1747650520081 0.0 0
1747650520092 0.0 0
1747650520103 0.0 0
1747650520115 0.0 0
1747650520133 0.0 0
1747650520145 0.0 0
1747650520156 0.0 0
1747650520167 0.0 0
1747650520182 0.0 0
1747650520198 0.0 0
1747650520207 0.0 0
1747650520216 0.0 0
1747650520227 0.0 0
1747650520239 0.0 0
1747650520250 0.0 0
1747650520266 0.0 0
1747650520277 0.0 0
1747650520289 0.0 0
1747650520305 0.0 0
1747650520315 0.0 0
1747650520327 0.0 0
1747650520341 0.0 0
1747650520365 0.0 0
1747650520380 0.0 0
1747650520394 0.0 0
1747650520405 0.0 0
1747650520424 0.0 0
1747650520442 0.0 0
1747650520459 0.0 0
1747650520470 0.0 0
1747650520482 0.0 0
1747650520497 0.0 0
1747650520508 0.0 0
1747650520519 0.0 0
1747650520531 0.0 0
1747650520551 0.0 0
1747650520563 0.0 0
1747650520581 0.0 0
1747650520596 0.0 0
1747650520608 0.0 0
1747650520620 0.0 0
1747650520644 0.0 0
1747650520655 0.0 0
1747650520664 0.0 0
1747650520675 0.0 0
1747650520701 0.0 0
1747650520713 0.0 0
1747650520725 0.0 0
1747650520737 0.0 0
1747650520749 0.0 0
1747650520767 0.0 0
1747650520780 0.0 0
1747650520792 0.0 0
1747650520803 0.0 0
1747650520821 0.0 0
1747650520833 0.0 0
1747650520849 0.0 0
1747650520861 0.0 0
1747650520872 0.0 0
1747650520884 0.0 0
1747650520901 0.0 0
1747650520912 0.0 0
1747650520923 0.0 0
1747650520934 0.0 0
1747650520953 0.0 0
1747650520972 0.0 0
1747650520984 0.0 0
1747650520995 0.0 0
1747650521012 0.0 0
1747650521025 0.0 0
1747650521038 0.0 0
1747650521049 0.0 0
1747650521061 0.0 0
1747650522650 0.0 0
1747650522663 0.0 0
1747650522676 0.0 0
1747650522696 0.0 0
1747650522709 0.0 0
1747650522728 0.0 0
1747650522742 0.0 0
1747650522766 0.0 0
1747650522785 0.0 0
1747650522814 0.0 0
1747650522834 0.0 0
1747650522856 0.0 0
1747650522868 0.0 0
1747650522878 0.0 0
1747650522890 0.0 0
1747650522911 0.0 0
1747650522927 0.0 0
1747650522938 0.0 0
1747650522951 0.0 0
1747650522963 0.0 0
1747650522975 0.0 0
1747650522988 0.0 0
1747650523001 0.0 0
1747650523027 0.0 0
1747650523054 0.0 0
1747650523068 0.0 0
1747650523080 0.0 0
1747650523093 0.0 0
1747650523108 0.0 0
1747650523121 0.0 0
1747650523134 0.0 0
1747650523153 0.0 0
1747650523183 0.0 0
1747650523194 0.0 0
1747650523214 0.0 0
1747650523227 0.0 0
1747650523247 0.0 0
1747650523274 0.0 0
1747650523285 0.0 0
1747650523298 0.0 0
1747650523311 0.0 0
1747650523327 0.0 0
1747650523336 0.0 0
1747650523345 0.0 0
1747650523365 0.0 0
1747650523378 0.0 0
1747650523388 0.0 0
1747650523397 0.0 0
1747650523409 0.0 0
1747650523427 0.0 0
1747650523448 0.0 0
1747650523463 0.0 0
1747650523492 0.0 0
1747650523504 0.0 0
1747650523522 0.0 0
1747650523535 0.0 0
1747650523546 0.0 0
1747650523558 0.0 0
1747650523574 0.0 0
1747650523585 0.0 0
1747650523608 0.0 0
1747650523619 0.0 0
1747650523631 0.0 0
1747650523644 0.0 0
1747650523654 0.0 0
1747650523669 0.0 0
1747650523681 0.0 0
1747650523694 0.0 0
1747650523706 0.0 0
1747650523715 0.0 0
1747650523724 0.0 0
1747650523747 0.0 0
1747650523758 0.0 0
1747650523766 0.0 0
1747650523775 0.0 0
1747650523786 0.0 0
1747650523800 0.0 0
1747650523842 0.0 0
1747650523881 0.0 0
1747650523899 0.0 0
1747650523928 0.0 0
1747650523939 0.0 0
1747650523951 0.0 0
1747650523961 0.0 0
1747650523973 0.0 0
1747650523984 0.0 0
1747650524001 0.0 0
1747650524013 0.0 0
1747650524020 0.0 0
1747650524029 0.0 0
1747650524039 0.0 0
1747650524049 0.0 0
1747650524066 0.0 0
1747650524078 0.0 0
1747650524090 0.0 0
1747650524104 0.0 0
1747650524119 0.0 0
1747650524146 0.0 0
1747650524159 0.0 0
1747650524187 0.0 0
1747650524198 0.0 0
1747650524210 0.0 0
1747650524238 0.0 0
1747650524250 0.0 0
1747650524259 0.0 0
1747650524270 0.0 0
1747650524283 0.0 0
1747650524295 0.0 0
1747650524307 0.0 0
1747650524322 0.0 0
1747650524333 0.0 0
1747650524344 0.0 0
1747650524368 0.0 0
1747650524380 0.0 0
1747650524390 0.0 0
1747650524401 0.0 0
1747650524417 0.0 0
1747650524426 0.0 0
1747650524434 0.0 0
1747650524461 0.0 0
1747650524474 0.0 0
1747650524491 0.0 0
1747650524503 0.0 0
1747650524516 0.0 0
1747650524528 0.0 0
1747650524543 0.0 0
1747650524554 0.0 0
1747650524566 0.0 0
1747650524588 0.0 0
1747650524599 0.0 0
1747650524611 0.0 0
1747650524625 0.0 0
1747650524636 0.0 0
1747650524646 0.0 0
1747650524658 0.0 0
1747650524666 0.0 0
1747650524679 0.0 0
1747650524692 0.0 0
1747650524703 0.0 0
1747650524714 0.0 0
1747650524722 0.0 0
1747650524733 0.0 0
1747650524745 0.0 0
1747650524760 0.0 0
1747650524769 0.0 0
1747650524804 0.0 0
1747650524815 0.0 0
1747650524826 0.0 0
1747650524837 0.0 0
1747650524846 0.0 0
1747650524858 0.0 0
1747650524871 0.0 0
1747650524891 0.0 0
1747650524902 0.0 0
1747650524925 0.0 0
1747650524940 0.0 0
1747650524952 0.0 0
1747650524974 0.0 0
1747650524994 0.0 0
1747650525005 0.0 0
1747650525026 0.0 0
1747650525046 0.0 0
1747650525060 0.0 0
1747650525071 0.0 0
1747650525083 0.0 0
1747650525095 0.0 0
1747650525120 0.0 0
1747650525131 0.0 0
1747650525143 0.0 0
1747650525154 0.0 0
1747650525168 0.0 0
1747650525194 0.0 0
1747650525206 0.0 0
1747650525222 0.0 0
1747650525230 0.0 0
1747650525243 0.0 0
1747650525256 0.0 0
1747650525267 0.0 0
1747650525278 0.0 0
1747650525290 0.0 0
1747650525309 0.0 0
1747650525321 0.0 0
1747650525344 0.0 0
1747650525358 0.0 0
1747650525376 0.0 0
1747650525383 0.0 0
1747650525399 0.0 0
1747650525409 0.0 0
1747650525424 0.0 0
1747650525443 0.0 0
1747650525457 0.0 0
1747650525468 0.0 0
1747650525481 0.0 0
1747650525504 0.0 0
1747650525516 0.0 0
1747650525529 0.0 0
1747650525555 0.0 0
1747650525567 0.0 0
1747650525584 0.0 0
1747650525598 0.0 0
1747650525609 0.0 0
1747650525630 0.0 0
1747650525641 0.0 0
1747650525649 0.0 0
1747650525663 0.0 0
1747650525674 0.0 0
1747650525698 0.0 0
1747650525710 0.0 0
1747650525723 0.0 0
1747650525762 0.0 0
1747650525772 0.0 0
1747650525787 0.0 0
1747650525808 0.0 0
1747650525820 0.0 0
1747650525829 0.0 0
1747650525838 0.0 0
1747650525847 0.0 0
1747650525863 0.0 0
1747650525874 0.0 0
1747650525884 0.0 0
1747650525892 0.0 0
1747650525904 0.0 0
1747650525922 0.0 0
1747650525939 0.0 0
1747650525978 0.0 0
1747650525992 0.0 0
1747650526003 0.0 0
1747650526018 0.0 0
1747650526029 0.0 0
1747650526041 0.0 0
1747650526052 0.0 0
1747650526063 0.0 0
1747650526075 0.0 0
1747650526086 0.0 0
1747650526101 0.0 0
1747650526135 0.0 0
1747650526158 0.0 0
1747650526170 0.0 0
1747650526177 0.0 0
1747650526189 0.0 0
1747650526199 0.0 0
1747650526210 0.0 0
1747650526220 0.0 0
1747650526233 0.0 0
1747650526244 0.0 0
1747650526268 0.0 0
1747650526290 0.0 0
1747650526312 0.0 0
1747650526325 0.0 0
1747650526339 0.0 0
1747650526351 0.0 0
1747650526368 0.0 0
1747650526376 0.0 0
1747650526388 0.0 0
1747650526399 0.0 0
1747650526410 0.0 0
1747650526423 0.0 0
1747650526434 0.0 0
1747650526443 0.0 0
1747650526459 0.0 0
1747650526470 0.0 0
1747650526486 0.0 0
1747650526495 0.0 0
1747650526513 0.0 0
1747650526530 0.0 0
1747650526542 0.0 0
1747650526554 0.0 0
1747650526571 0.0 0
1747650526590 0.0 0
1747650526608 0.0 0
1747650526647 0.0 0
1747650526658 0.0 0
1747650526670 0.0 0
1747650526679 0.0 0
1747650526698 0.0 0
1747650526712 0.0 0
1747650526724 0.0 0
1747650526755 0.0 0
1747650526769 0.0 0
1747650526781 0.0 0
1747650526788 0.0 0
1747650526816 0.0 0
1747650526826 0.0 0
1747650526838 0.0 0
1747650526846 0.0 0
1747650526856 0.0 0
1747650526873 0.0 0
1747650526884 0.0 0
1747650526895 0.0 0
1747650526903 0.0 0
1747650526915 0.0 0
1747650526922 0.0 0
1747650526933 0.0 0
1747650526948 0.0 0
1747650526970 0.0 0
1747650526982 0.0 0
1747650526994 0.0 0
1747650527006 0.0 0
1747650527014 0.0 0
1747650527022 0.0 0
1747650527033 0.0 0
1747650527057 0.0 0
1747650527075 0.0 0
1747650527085 0.0 0
1747650527094 0.0 0
1747650527104 0.0 0
1747650527124 0.0 0
1747650527135 0.0 0
1747650527153 0.0 0
1747650527165 0.0 0
1747650527177 0.0 0
1747650527190 0.0 0
1747650527201 0.0 0
1747650527212 0.0 0
1747650527233 0.0 0
1747650527244 0.0 0
1747650527258 0.0 0
1747650527270 0.0 0
1747650527279 0.0 0
1747650527290 0.0 0
1747650527309 0.0 0
1747650527320 0.0 0
1747650527331 0.0 0
1747650527343 0.0 0
1747650527355 0.0 0
1747650527367 0.0 0
1747650527386 0.0 0
1747650527401 0.0 0
1747650527417 0.0 0
1747650527429 0.0 0
1747650527441 0.0 0
1747650527452 0.0 0
1747650527463 0.0 0
1747650527475 0.0 0
1747650527484 0.0 0
1747650527496 0.0 0
1747650527508 0.0 0
1747650527518 0.0 0
1747650527529 0.0 0
1747650527541 0.0 0
1747650527551 0.0 0
1747650527560 0.0 0
1747650527572 0.0 0
1747650527585 0.0 0
1747650527597 0.0 0
1747650527609 0.0 0
1747650527621 0.0 0
1747650527638 0.0 0
1747650527655 0.0 0
1747650527667 0.0 0
1747650527685 0.0 0
1747650527699 0.0 0
1747650527707 0.0 0
1747650527720 0.0 0
1747650527733 0.0 0
1747650527745 0.0 0
1747650527758 0.0 0
1747650527815 0.0 0
1747650527837 0.0 0
1747650527856 0.0 0
1747650527875 0.0 0
1747650527900 0.0 0
1747650527911 0.0 0
1747650527926 0.0 0
1747650527939 0.0 0
1747650527954 0.0 0
1747650527964 0.0 0
1747650527995 0.0 0
1747650528004 0.0 0
1747650528021 0.0 0
1747650528033 0.0 0
1747650528059 0.0 0
1747650528071 0.0 0
1747650528085 0.0 0
1747650528103 0.0 0
1747650528117 0.0 0
1747650528128 0.0 0
1747650528139 0.0 0
1747650528154 0.0 0
1747650528168 0.0 0
1747650528182 0.0 0
1747650528194 0.0 0
1747650528204 0.0 0
1747650528216 0.0 0
1747650528227 0.0 0
1747650528236 0.0 0
1747650528248 0.0 0
1747650528256 0.0 0
1747650528275 0.0 0
1747650528286 0.0 0
1747650528302 0.0 0
1747650528309 0.0 0
1747650528317 0.0 0
1747650528328 0.0 0
1747650528339 0.0 0
1747650528353 0.0 0
1747650528368 0.0 0
1747650528387 0.0 0
1747650528399 0.0 0
1747650528411 0.0 0
1747650528444 0.0 0
1747650528461 0.0 0
1747650528472 0.0 0
1747650528484 0.0 0
1747650528495 0.0 0
1747650528505 0.0 0
1747650528517 0.0 0
1747650528529 0.0 0
1747650528540 0.0 0
1747650528550 0.0 0
1747650528559 0.0 0
1747650528571 0.0 0
1747650528583 0.0 0
1747650528601 0.0 0
1747650528612 0.0 0
1747650528640 0.0 0
1747650528649 0.0 0
1747650528671 0.0 0
1747650528682 0.0 0
1747650528694 0.0 0
1747650528705 0.0 0
1747650528726 0.0 0
1747650528746 0.0 0
1747650528758 0.0 0
1747650528772 0.0 0
1747650528791 0.0 0
1747650528803 0.0 0
1747650528821 0.0 0
1747650528835 0.0 0
1747650528855 0.0 0
1747650528867 0.0 0
1747650528879 0.0 0
1747650528899 0.0 0
1747650528912 0.0 0
1747650528926 0.0 0
1747650528938 0.0 0
1747650528953 0.0 0
1747650528966 0.0 0
1747650528986 0.0 0
1747650529014 0.0 0
1747650529028 0.0 0
1747650529043 0.0 0
1747650529059 0.0 0
1747650529080 0.0 0
1747650529093 0.0 0
1747650529108 0.0 0
1747650529128 0.0 0
1747650529141 0.0 0
1747650529166 0.0 0
1747650529181 0.0 0
1747650529221 0.0 0
1747650529254 0.0 0
1747650529268 0.0 0
1747650529281 0.0 0
1747650529302 0.0 0
1747650529321 0.0 0
1747650529338 0.0 0
1747650529360 0.0 0
1747650529384 0.0 0
1747650529410 0.0 0
1747650529433 0.0 0
1747650529448 0.0 0
1747650529469 0.0 0
1747650529492 0.0 0
1747650529506 0.0 0
1747650529520 0.0 0
1747650529535 0.0 0
1747650529556 0.0 0
1747650529582 0.0 0
1747650529601 0.0 0
1747650529620 0.0 0
1747650529643 0.0 0
1747650529686 0.0 0
1747650529699 0.0 0
1747650529712 0.0 0
1747650529725 0.0 0
1747650529742 0.0 0
1747650529772 0.0 0
1747650529794 0.0 0
1747650529807 0.0 0
1747650529829 0.0 0
1747650529842 0.0 0
1747650529852 0.0 0
1747650529864 0.0 0
1747650529877 0.0 0
1747650529891 0.0 0
1747650529902 0.0 0
1747650529914 0.0 0
1747650529936 0.0 0
1747650529958 0.0 0
1747650529969 0.0 0
1747650529981 0.0 0
1747650529995 0.0 0
1747650530006 0.0 0
1747650530019 0.0 0
1747650530035 0.0 0
1747650530060 0.0 0
1747650530071 0.0 0
1747650530083 0.0 0
1747650530094 0.0 0
1747650530106 0.0 0
1747650530116 0.0 0
1747650530127 0.0 0
1747650530138 0.0 0
1747650530150 0.0 0
1747650530170 0.0 0
1747650530189 0.0 0
1747650530200 0.0 0
1747650530212 0.0 0
1747650530245 0.0 0
1747650530258 0.0 0
1747650530271 0.0 0
1747650530283 0.0 0
1747650530292 0.0 0
1747650530302 0.0 0
1747650530318 0.0 0
1747650530327 0.0 0
1747650530361 0.0 0
1747650530372 0.0 0
1747650530380 0.0 0
1747650530391 0.0 0
1747650530402 0.0 0
1747650530420 0.0 0
1747650530437 0.0 0
1747650530450 0.0 0
1747650530461 0.0 0
1747650530474 0.0 0
1747650530487 0.0 0
1747650530496 0.0 0
1747650530506 0.0 0
1747650530517 0.0 0
1747650530526 0.0 0
1747650530538 0.0 0
1747650530552 0.0 0
1747650530563 0.0 0
1747650530575 0.0 0
1747650530587 0.0 0
1747650530595 0.0 0
1747650530608 0.0 0
1747650530619 0.0 0
1747650530636 0.0 0
1747650530670 0.0 0
1747650530678 0.0 0
1747650530688 0.0 0
1747650530702 0.0 0
1747650530720 0.0 0
1747650530731 0.0 0
1747650530743 0.0 0
1747650530751 0.0 0
1747650530759 0.0 0
1747650530776 0.0 0
1747650530785 0.0 0
1747650530795 0.0 0
1747650530808 0.0 0
1747650530820 0.0 0
1747650530830 0.0 0
1747650530847 0.0 0
1747650530859 0.0 0
1747650530872 0.0 0
1747650530887 0.0 0
1747650530896 0.0 0
1747650530908 0.0 0
1747650530919 0.0 0
1747650530934 0.0 0
1747650530949 0.0 0
1747650530960 0.0 0
1747650530981 0.0 0
1747650531003 0.0 0
1747650531018 0.0 0
1747650531030 0.0 0
1747650531044 0.0 0
1747650531061 0.0 0
1747650531078 0.0 0
1747650531117 0.0 0
1747650531128 0.0 0
1747650531151 0.0 0
1747650531170 0.0 0
1747650531189 0.0 0
1747650531204 0.0 0
1747650531219 0.0 0
1747650531235 0.0 0
1747650531252 0.0 0
1747650531270 0.0 0
1747650531292 0.0 0
1747650531311 0.0 0
1747650531332 0.0 0
1747650531345 0.0 0
1747650531359 0.0 0
1747650531373 0.0 0
1747650531386 0.0 0
1747650531400 0.0 0
1747650531413 0.0 0
1747650531427 0.0 0
1747650531445 0.0 0
1747650531460 0.0 0
1747650531499 0.0 0
1747650531510 0.0 0
1747650531541 0.0 0
1747650531563 0.0 0
1747650531576 0.0 0
1747650531588 0.0 0
1747650531601 0.0 0
1747650531618 0.0 0
1747650531647 0.0 0
1747650531656 0.0 0
1747650531671 0.0 0
1747650531687 0.0 0
1747650531700 0.0 0
1747650531718 0.0 0
1747650531730 0.0 0
1747650531742 0.0 0
1747650531754 0.0 0
1747650531767 0.0 0
1747650531785 0.0 0
1747650531797 0.0 0
1747650531809 0.0 0
1747650531827 0.0 0
1747650531860 0.0 0
1747650531872 0.0 0
1747650531895 0.0 0
1747650531907 0.0 0
1747650531919 0.0 0
1747650531931 0.0 0
1747650531942 0.0 0
1747650531954 0.0 0
1747650531965 0.0 0
1747650531981 0.0 0
1747650532001 0.0 0
1747650532012 0.0 0
1747650532027 0.0 0
1747650532037 0.0 0
1747650532044 0.0 0
1747650532075 0.0 0
1747650532087 0.0 0
1747650532110 0.0 0
1747650532122 0.0 0
1747650532150 0.0 0
1747650532169 0.0 0
1747650532182 0.0 0
1747650532195 0.0 0
1747650532204 0.0 0
1747650532226 0.0 0
1747650532241 0.0 0
1747650532253 0.0 0
1747650532264 0.0 0
1747650532279 0.0 0
1747650532290 0.0 0
1747650532345 0.0 0
1747650532354 0.0 0
1747650532363 0.0 0
1747650532373 0.0 0
1747650532391 0.0 0
1747650532402 0.0 0
1747650532413 0.0 0
1747650532425 0.0 0
1747650532449 0.0 0
1747650532458 0.0 0
1747650532477 0.0 0
1747650532505 0.0 0
1747650532517 0.0 0
1747650532534 0.0 0
1747650532553 0.0 0
1747650532564 0.0 0
1747650532581 0.0 0
1747650532592 0.0 0
1747650532606 0.0 0
1747650532616 0.0 0
1747650532624 0.0 0
1747650532633 0.0 0
1747650532641 0.0 0
1747650532652 0.0 0
1747650532664 0.0 0
1747650532671 0.0 0
1747650532679 0.0 0
1747650532691 0.0 0
1747650532703 0.0 0
1747650532715 0.0 0
1747650532727 0.0 0
1747650532736 0.0 0
1747650532743 0.0 0
1747650532754 0.0 0
1747650532766 0.0 0
1747650532784 0.0 0
1747650532797 0.0 0
1747650532816 0.0 0
1747650532827 0.0 0
1747650532833 0.0 0
1747650532843 0.0 0
1747650532858 0.0 0
1747650532870 0.0 0
1747650532877 0.0 0
1747650532885 0.0 0
1747650532915 0.0 0
1747650532927 0.0 0
1747650532942 0.0 0
1747650532958 0.0 0
1747650532970 0.0 0
1747650532993 0.0 0
1747650533005 0.0 0
1747650533016 0.0 0
1747650533027 0.0 0
1747650533037 0.0 0
1747650533046 0.0 0
1747650533063 0.0 0
1747650533074 0.0 0
1747650533085 0.0 0
1747650533097 0.0 0
1747650533120 0.0 0
1747650533139 0.0 0
1747650533149 0.0 0
1747650533158 0.0 0
1747650533177 0.0 0
1747650533188 0.0 0
1747650533222 0.0 0
1747650533242 0.0 0
1747650533254 0.0 0
1747650533265 0.0 0
1747650533293 0.0 0
1747650533305 0.0 0
1747650533324 0.0 0
1747650533345 0.0 0
1747650533356 0.0 0
1747650533366 0.0 0
1747650533375 0.0 0
1747650533390 0.0 0
1747650533404 0.0 0
1747650533421 0.0 0
1747650533433 0.0 0
1747650533443 0.0 0
1747650533465 0.0 0
1747650533480 0.0 0
1747650533492 0.0 0
1747650533508 0.0 0
1747650533548 0.0 0
1747650533561 0.0 0
1747650533580 0.0 0
1747650533603 0.0 0
1747650533617 0.0 0
1747650533631 0.0 0
1747650533641 0.0 0
1747650533654 0.0 0
1747650533671 0.0 0
1747650533686 0.0 0
1747650533698 0.0 0
1747650533720 0.0 0
1747650533737 0.0 0
1747650533757 0.0 0
1747650533769 0.0 0
1747650533782 0.0 0
1747650533790 0.0 0
1747650533808 0.0 0
1747650533826 0.0 0
1747650533840 0.0 0
1747650533855 0.0 0
1747650533876 0.0 0
1747650533884 0.0 0
1747650533894 0.0 0
1747650533905 0.0 0
1747650533918 0.0 0
1747650533942 0.0 0
1747650533954 0.0 0
1747650533972 0.0 0
1747650533988 0.0 0
1747650534014 0.0 0
1747650534025 0.0 0
1747650534034 0.0 0
1747650534042 0.0 0
1747650534061 0.0 0
1747650534072 0.0 0
1747650534087 0.0 0
1747650534098 0.0 0
1747650534110 0.0 0
1747650534128 0.0 0
1747650534139 0.0 0
1747650534152 0.0 0
1747650534162 0.0 0
1747650534173 0.0 0
1747650534189 0.0 0
1747650534201 0.0 0
1747650534215 0.0 0
1747650534227 0.0 0
1747650534235 0.0 0
1747650534251 0.0 0
1747650534262 0.0 0
1747650534273 0.0 0
1747650534288 0.0 0
1747650534300 0.0 0
1747650534321 0.0 0
1747650534335 0.0 0
1747650534379 0.0 0
1747650534390 0.0 0
1747650534405 0.0 0
1747650534422 0.0 0
1747650534438 0.0 0
1747650534447 0.0 0
1747650534459 0.0 0
1747650534477 0.0 0
1747650534506 0.0 0
1747650534524 0.0 0
1747650534554 0.0 0
1747650534573 0.0 0
1747650534583 0.0 0
1747650534605 0.0 0
1747650534616 0.0 0
1747650534627 0.0 0
1747650534643 0.0 0
1747650534659 0.0 0
1747650534676 0.0 0
1747650534687 0.0 0
1747650534706 0.0 0
1747650534730 0.0 0
1747650534739 0.0 0
1747650534756 0.0 0
1747650534786 0.0 0
1747650534797 0.0 0
1747650534809 0.0 0
1747650534820 0.0 0
1747650534832 0.0 0
1747650534847 0.0 0
1747650534858 0.0 0
1747650534868 0.0 0
1747650534885 0.0 0
1747650534907 0.0 0
1747650534918 0.0 0
1747650534930 0.0 0
1747650534942 0.0 0
1747650534961 0.0 0
1747650534970 0.0 0
1747650534987 0.0 0
1747650534998 0.0 0
1747650535010 0.0 0
1747650535018 0.0 0
1747650535028 0.0 0
1747650535037 0.0 0
1747650535049 0.0 0
1747650535060 0.0 0
1747650535073 0.0 0
1747650535082 0.0 0
1747650535102 0.0 0
1747650535113 0.0 0
1747650535124 0.0 0
1747650535138 0.0 0
1747650535148 0.0 0
1747650535160 0.0 0
1747650535188 0.0 0
1747650535200 0.0 0
1747650535214 0.0 0
1747650535227 0.0 0
1747650535240 0.0 0
1747650535269 0.0 0
1747650535280 0.0 0
1747650535292 0.0 0
1747650535304 0.0 0
1747650535318 0.0 0
1747650535329 0.0 0
1747650535344 0.0 0
1747650535356 0.0 0
1747650535368 0.0 0
1747650535386 0.0 0
1747650535395 0.0 0
1747650535408 0.0 0
1747650535416 0.0 0
1747650535428 0.0 0
1747650535441 0.0 0
1747650535451 0.0 0
1747650535459 0.0 0
1747650535476 0.0 0
1747650535487 0.0 0
1747650535503 0.0 0
1747650535518 0.0 0
1747650535526 0.0 0
1747650535554 0.0 0
1747650535581 0.0 0
1747650535600 0.0 0
1747650535612 0.0 0
1747650535621 0.0 0
1747650535640 0.0 0
1747650535656 0.0 0
1747650535679 0.0 0
1747650535694 0.0 0
1747650535706 0.0 0
1747650535713 0.0 0
1747650535726 0.0 0
1747650535738 0.0 0
1747650535754 0.0 0
1747650535766 0.0 0
1747650535785 0.0 0
1747650535798 0.0 0
1747650535810 0.0 0
1747650535820 0.0 0
1747650535828 0.0 0
1747650535843 0.0 0
1747650535854 0.0 0
1747650535870 0.0 0
1747650535882 0.0 0
1747650535894 0.0 0
1747650535906 0.0 0
1747650535917 0.0 0
1747650535930 0.0 0
1747650535942 0.0 0
1747650535959 0.0 0
1747650535982 0.0 0
1747650536011 0.0 0
1747650536020 0.0 0
1747650536028 0.0 0
1747650536040 0.0 0
1747650536050 0.0 0
1747650536059 0.0 0
1747650536068 0.0 0
1747650536075 0.0 0
1747650536097 0.0 0
1747650536114 0.0 0
1747650536128 0.0 0
1747650536144 0.0 0
1747650536151 0.0 0
1747650536167 0.0 0
1747650536180 0.0 0
1747650536211 0.0 0
1747650536223 0.0 0
1747650536235 0.0 0
1747650536253 0.0 0
1747650536265 0.0 0
1747650536302 0.0 0
1747650536355 0.0 0
1747650536367 0.0 0
1747650536377 0.0 0
1747650536395 0.0 0
1747650536429 0.0 0
1747650536441 0.0 0
1747650536452 0.0 0
1747650536465 0.0 0
1747650536483 0.0 0
1747650536494 0.0 0
1747650536502 0.0 0
1747650536513 0.0 0
1747650536521 0.0 0
1747650536530 0.0 0
1747650536541 0.0 0
1747650536551 0.0 0
1747650536563 0.0 0
1747650536574 0.0 0
1747650536591 0.0 0
1747650536603 0.0 0
1747650536615 0.0 0
1747650536643 0.0 0
1747650536651 0.0 0
1747650536669 0.0 0
1747650536680 0.0 0
1747650536690 0.0 0
1747650536705 0.0 0
1747650536718 0.0 0
1747650536737 0.0 0
1747650536750 0.0 0
1747650536764 0.0 0
1747650536788 0.0 0
1747650536814 0.0 0
1747650536827 0.0 0
1747650536840 0.0 0
1747650536850 0.0 0
1747650536862 0.0 0
1747650536878 0.0 0
1747650536885 0.0 0
1747650536897 0.0 0
1747650536904 0.0 0
1747650536916 0.0 0
1747650536924 0.0 0
1747650536942 0.0 0
1747650536990 0.0 0
1747650537008 0.0 0
1747650537036 0.0 0
1747650537048 0.0 0
1747650537070 0.0 0
1747650537081 0.0 0
1747650537091 0.0 0
1747650537103 0.0 0
1747650537112 0.0 0
1747650537125 0.0 0
1747650537134 0.0 0
1747650537150 0.0 0
1747650537162 0.0 0
1747650537175 0.0 0
1747650537190 0.0 0
1747650537202 0.0 0
1747650537215 0.0 0
1747650537233 0.0 0
1747650537245 0.0 0
1747650537258 0.0 0
1747650537270 0.0 0
1747650537281 0.0 0
1747650537292 0.0 0
1747650537305 0.0 0
1747650537316 0.0 0
1747650537324 0.0 0
1747650537333 0.0 0
1747650537341 0.0 0
1747650537367 0.0 0
1747650537390 0.0 0
1747650537406 0.0 0
1747650537419 0.0 0
1747650537431 0.0 0
1747650537453 0.0 0
1747650537466 0.0 0
1747650537478 0.0 0
1747650537490 0.0 0
1747650537502 0.0 0
1747650537517 0.0 0
1747650537529 0.0 0
1747650537544 0.0 0
1747650537560 0.0 0
1747650537571 0.0 0
1747650537583 0.0 0
1747650537594 0.0 0
1747650537606 0.0 0
1747650537624 0.0 0
1747650537642 0.0 0
1747650537654 0.0 0
1747650537666 0.0 0
1747650537684 0.0 0
1747650537696 0.0 0
1747650537712 0.0 0
1747650537733 0.0 0
1747650537744 0.0 0
1747650537756 0.0 0
1747650537767 0.0 0
1747650537778 0.0 0
1747650537791 0.0 0
1747650537811 0.0 0
1747650537824 0.0 0
1747650537842 0.0 0
1747650537872 0.0 0
1747650537884 0.0 0
1747650537895 0.0 0
1747650537916 0.0 0
1747650537924 0.0 0
1747650537931 0.0 0
1747650537942 0.0 0
1747650537959 0.0 0
1747650537970 0.0 0
1747650537981 0.0 0
1747650537994 0.0 0
1747650538009 0.0 0
1747650538018 0.0 0
1747650538029 0.0 0
1747650538047 0.0 0
1747650538074 0.0 0
1747650538084 0.0 0
1747650538091 0.0 0
1747650538112 0.0 0
1747650538126 0.0 0
1747650538135 0.0 0
1747650538152 0.0 0
1747650538163 0.0 0
1747650538171 0.0 0
1747650538182 0.0 0
1747650538195 0.0 0
1747650538208 0.0 0
1747650538219 0.0 0
1747650538233 0.0 0
1747650538257 0.0 0
1747650538284 0.0 0
1747650538307 0.0 0
1747650538323 0.0 0
1747650538334 0.0 0
1747650538360 0.0 0
1747650538385 0.0 0
1747650538396 0.0 0
1747650538407 0.0 0
1747650538422 0.0 0
1747650538434 0.0 0
1747650538443 0.0 0
1747650538457 0.0 0
1747650538494 0.0 0
1747650538510 0.0 0
1747650538526 0.0 0
1747650538553 0.0 0
1747650538565 0.0 0
1747650538586 0.0 0
1747650538597 0.0 0
1747650538622 0.0 0
1747650538635 0.0 0
1747650538650 0.0 0
1747650538688 0.0 0
1747650538702 0.0 0
1747650538720 0.0 0
1747650538737 0.0 0
1747650538748 0.0 0
1747650538768 0.0 0
1747650538786 0.0 0
1747650538798 0.0 0
1747650538809 0.0 0
1747650538822 0.0 0
1747650538835 0.0 0
1747650538854 0.0 0
1747650538872 0.0 0
1747650538887 0.0 0
1747650538909 0.0 0
1747650538917 0.0 0
1747650538936 0.0 0
1747650538955 0.0 0
1747650538966 0.0 0
1747650538983 0.0 0
1747650538994 0.0 0
1747650539006 0.0 0
1747650539016 0.0 0
1747650539031 0.0 0
1747650539044 0.0 0
1747650539058 0.0 0
1747650539070 0.0 0
1747650539083 0.0 0
1747650539095 0.0 0
1747650539111 0.0 0
1747650539137 0.0 0
1747650539153 0.0 0
1747650539163 0.0 0
1747650539179 0.0 0
1747650539199 0.0 0
1747650539211 0.0 0
1747650539227 0.0 0
1747650539242 0.0 0
1747650539260 0.0 0
1747650539294 0.0 0
1747650539304 0.0 0
1747650539312 0.0 0
1747650539327 0.0 0
1747650539336 0.0 0
1747650539344 0.0 0
1747650539370 0.0 0
1747650539388 0.0 0
1747650539399 0.0 0
1747650539414 0.0 0
1747650539426 0.0 0
1747650539433 0.0 0
1747650539460 0.0 0
1747650539484 0.0 0
1747650539498 0.0 0
1747650539512 0.0 0
1747650539526 0.0 0
1747650539540 0.0 0
1747650539557 0.0 0
1747650539570 0.0 0
1747650539592 0.0 0
1747650539615 0.0 0
1747650539631 0.0 0
1747650539650 0.0 0
1747650539669 0.0 0
1747650539686 0.0 0
1747650539697 0.0 0
1747650539707 0.0 0
1747650539719 0.0 0
1747650539736 0.0 0
1747650539744 0.0 0
1747650539757 0.0 0
1747650539773 0.0 0
1747650539782 0.0 0
1747650539796 0.0 0
1747650539819 0.0 0
1747650539846 0.0 0
1747650539873 0.0 0
1747650539886 0.0 0
1747650539907 0.0 0
1747650539923 0.0 0
1747650539936 0.0 0
1747650539946 0.0 0
1747650539954 0.0 0
1747650539965 0.0 0
1747650539975 0.0 0
1747650539986 0.0 0
1747650539995 0.0 0
1747650540004 0.0 0
1747650540019 0.0 0
1747650540047 0.0 0
1747650540059 0.0 0
1747650540102 0.0 0
1747650540113 0.0 0
1747650540124 0.0 0
1747650540140 0.0 0
1747650540155 0.0 0
1747650540167 0.0 0
1747650540178 0.0 0
1747650540190 0.0 0
1747650540204 0.0 0
1747650540215 0.0 0
1747650540225 0.0 0
1747650540243 0.0 0
1747650540255 0.0 0
1747650540273 0.0 0
1747650540288 0.0 0
1747650540301 0.0 0
1747650540313 0.0 0
1747650540326 0.0 0
1747650540359 0.0 0
1747650540377 0.0 0
1747650540385 0.0 0
1747650540397 0.0 0
1747650540411 0.0 0
1747650540418 0.0 0
1747650540429 0.0 0
1747650540443 0.0 0
1747650540454 0.0 0
1747650540462 0.0 0
1747650540474 0.0 0
1747650540486 0.0 0
1747650540498 0.0 0
1747650540522 0.0 0
1747650540534 0.0 0
1747650540546 0.0 0
1747650540555 0.0 0
1747650540563 0.0 0
1747650540571 0.0 0
1747650541558 0.0 0
1747650541568 0.0 0
1747650541622 0.0 0
1747650541642 0.0 0
1747650541659 0.0 0
1747650541683 0.0 0
1747650541699 0.0 0
1747650541716 0.0 0
1747650541728 0.0 0
1747650541772 0.0 0
1747650541801 0.0 0
1747650541812 0.0 0
1747650541847 0.0 0
1747650541864 0.0 0
1747650541880 0.0 0
1747650541892 0.0 0
1747650541911 0.0 0
1747650541942 0.0 0
1747650541962 0.0 0
1747650541973 0.0 0
1747650542059 0.0 0
1747650542092 0.0 0
1747650542105 0.0 0
1747650542120 0.0 0
1747650542131 0.0 0
1747650542199 0.0 0
1747650542220 0.0 0
1747650542246 0.0 0
1747650542265 0.0 0
1747650542278 0.0 0
1747650542293 0.0 0
1747650542323 0.0 0
1747650542349 0.0 0
1747650542368 0.0 0
1747650542380 0.0 0
1747650542410 0.0 0
1747650542422 0.0 0
1747650542442 0.0 0
1747650542473 0.0 0
1747650542492 0.0 0
1747650542515 0.0 0
1747650542527 0.0 0
1747650542538 0.0 0
1747650542547 0.0 0
1747650542562 0.0 0
1747650542591 0.0 0
1747650542622 0.0 0
1747650542639 0.0 0
1747650542649 0.0 0
1747650542662 0.0 0
1747650542682 0.0 0
1747650542702 0.0 0
1747650542713 0.0 0
1747650542722 0.0 0
1747650542750 0.0 0
1747650542773 0.0 0
1747650542786 0.0 0
1747650542809 0.0 0
1747650542829 0.0 0
1747650542848 0.0 0
1747650542867 0.0 0
1747650542881 0.0 0
1747650542897 0.0 0
1747650542910 0.0 0
1747650542939 0.0 0
1747650542957 0.0 0
1747650542968 0.0 0
1747650542985 0.0 0
1747650542998 0.0 0
1747650543010 0.0 0
1747650543023 0.0 0
1747650543051 0.0 0
1747650543075 0.0 0
1747650543087 0.0 0
1747650543111 0.0 0
1747650543139 0.0 0
1747650543155 0.0 0
1747650543164 0.0 0
1747650543175 0.0 0
1747650543186 0.0 0
1747650543198 0.0 0
1747650543251 0.0 0
1747650543286 0.0 0
1747650543299 0.0 0
1747650543310 0.0 0
1747650543320 0.0 0
1747650543329 0.0 0
1747650543340 0.0 0
1747650543350 0.0 0
1747650543362 0.0 0
1747650543387 0.0 0
1747650543404 0.0 0
1747650543451 0.0 0
1747650543474 0.0 0
1747650543486 0.0 0
1747650543506 0.0 0
1747650543517 0.0 0
1747650543532 0.0 0
1747650543549 0.0 0
1747650543569 0.0 0
1747650543581 0.0 0
1747650543592 0.0 0
1747650543621 0.0 0
1747650543634 0.0 0
1747650543652 0.0 0
1747650543667 0.0 0
1747650543676 0.0 0
1747650543684 0.0 0
1747650543696 0.0 0
1747650543731 0.0 0
1747650543754 0.0 0
1747650543793 0.0 0
1747650543813 0.0 0
1747650543825 0.0 0
1747650543857 0.0 0
1747650543869 0.0 0
1747650543883 0.0 0
1747650543906 0.0 0
1747650543923 0.0 0
1747650543935 0.0 0
1747650543955 0.0 0
1747650543962 0.0 0
1747650543970 0.0 0
1747650543986 0.0 0
1747650544010 0.0 0
1747650544022 0.0 0
1747650544034 0.0 0
1747650544068 0.0 0
1747650544101 0.0 0
1747650544120 0.0 0
1747650544132 0.0 0
1747650544148 0.0 0
1747650544163 0.0 0
1747650544191 0.0 0
1747650544203 0.0 0
1747650544213 0.0 0
1747650544271 0.0 0
1747650544284 0.0 0
1747650544309 0.0 0
1747650544336 0.0 0
1747650544356 0.0 0
1747650544370 0.0 0
1747650544384 0.0 0
1747650544416 0.0 0
1747650544432 0.0 0
1747650544453 0.0 0
1747650544465 0.0 0
1747650544477 0.0 0
1747650544516 0.0 0
1747650544572 0.0 0
1747650544589 0.0 0
1747650544597 0.0 0
1747650544608 0.0 0
1747650544624 0.0 0
1747650544645 0.0 0
1747650544659 0.0 0
1747650544672 0.0 0
1747650544688 0.0 0
1747650544709 0.0 0
1747650544727 0.0 0
1747650544742 0.0 0
1747650544753 0.0 0
1747650544771 0.0 0
1747650544792 0.0 0
1747650544804 0.0 0
1747650544817 0.0 0
1747650544828 0.0 0
1747650544838 0.0 0
1747650544867 0.0 0
1747650544893 0.0 0
1747650544902 0.0 0
1747650544932 0.0 0
1747650544945 0.0 0
1747650544953 0.0 0
1747650544964 0.0 0
1747650544975 0.0 0
1747650544990 0.0 0
1747650545020 0.0 0
1747650545031 0.0 0
1747650545043 0.0 0
1747650545055 0.0 0
1747650545075 0.0 0
1747650545087 0.0 0
1747650545119 0.0 0
1747650545136 0.0 0
1747650545152 0.0 0
1747650545163 0.0 0
1747650545184 0.0 0
1747650545200 0.0 0
1747650545213 0.0 0
1747650545231 0.0 0
1747650545244 0.0 0
1747650545267 0.0 0
1747650545293 0.0 0
1747650545305 0.0 0
1747650545343 0.0 0
1747650545351 0.0 0
1747650545368 0.0 0
1747650545380 0.0 0
1747650545395 0.0 0
1747650545406 0.0 0
1747650545429 0.0 0
1747650545440 0.0 0
1747650545458 0.0 0
1747650545470 0.0 0
1747650545490 0.0 0
1747650545506 0.0 0
1747650545518 0.0 0
1747650545539 0.0 0
1747650545559 0.0 0
1747650545582 0.0 0
1747650545595 0.0 0
1747650545604 0.0 0
1747650545632 0.0 0
1747650545643 0.0 0
1747650545654 0.0 0
1747650545669 0.0 0
1747650545681 0.0 0
1747650545706 0.0 0
1747650545714 0.0 0
1747650545747 0.0 0
1747650545759 0.0 0
1747650545770 0.0 0
1747650545801 0.0 0
1747650545819 0.0 0
1747650545835 0.0 0
1747650545845 0.0 0
1747650545877 0.0 0
1747650545906 0.0 0
1747650545918 0.0 0
1747650545929 0.0 0
1747650545940 0.0 0
1747650545957 0.0 0
1747650545966 0.0 0
1747650545989 0.0 0
1747650546011 0.0 0
1747650546032 0.0 0
1747650546058 0.0 0
1747650546071 0.0 0
1747650546111 0.0 0
1747650546139 0.0 0
1747650546156 0.0 0
1747650546184 0.0 0
1747650546210 0.0 0
1747650546226 0.0 0
1747650546238 0.0 0
1747650546251 0.0 0
1747650546268 0.0 0
1747650546276 0.0 0
1747650546289 0.0 0
1747650546302 0.0 0
1747650546317 0.0 0
1747650546358 0.0 0
1747650546367 0.0 0
1747650546379 0.0 0
1747650546413 0.0 0
1747650546424 0.0 0
1747650546444 0.0 0
1747650546458 0.0 0
1747650546478 0.0 0
1747650546505 0.0 0
1747650546519 0.0 0
1747650546543 0.0 0
1747650546568 0.0 0
