1747650505374 0.0 0
1747650505410 inf 0
1747650505425 inf 0
1747650505432 0.0 0
1747650505442 inf 0
1747650505454 inf 0
1747650505466 0.0 0
1747650505477 0.0 0
1747650505499 inf 0
1747650505510 0.0 0
1747650505526 0.0 0
1747650505536 inf 0
1747650505548 inf 0
1747650505559 inf 0
1747650505570 inf 0
1747650505586 0.0 0
1747650505597 inf 0
1747650505610 inf 0
1747650505639 0.0 0
1747650505656 inf 0
1747650505667 inf 0
1747650505678 0.0 0
1747650505695 inf 0
1747650505706 0.0 0
1747650505713 inf 0
1747650505724 inf 0
1747650505738 inf 0
1747650505749 inf 0
1747650505765 inf 0
1747650505775 inf 0
1747650505785 inf 0
1747650505796 inf 0
1747650505808 0.0 0
1747650505819 0.0 0
1747650505832 inf 0
1747650505841 inf 0
1747650505852 inf 0
1747650505862 0.0 0
1747650505873 0.0 0
1747650505887 inf 0
1747650505901 inf 0
1747650505912 0.0 0
1747650505923 0.0 0
1747650505944 0.0 0
1747650505963 inf 0
1747650505979 0.0 0
1747650505991 inf 0
1747650506002 inf 0
1747650506020 0.0 0
1747650506031 0.0 0
1747650506042 0.0 0
1747650506060 0.0 0
1747650506070 inf 0
1747650506081 inf 0
1747650506088 inf 0
1747650506099 0.0 0
1747650506110 0.0 0
1747650506122 0.0 0
1747650506133 inf 0
1747650506144 0.0 0
1747650506159 inf 0
1747650506176 0.0 0
1747650506188 inf 0
1747650506213 inf 0
1747650506223 0.0 0
1747650506235 0.0 0
1747650506246 0.0 0
1747650506254 inf 0
1747650506263 inf 0
1747650506275 0.0 0
1747650506284 inf 0
1747650506295 inf 0
1747650506305 inf 0
1747650506316 inf 0
1747650506330 inf 0
1747650506338 0.0 0
1747650506347 0.0 0
1747650506358 0.0 0
1747650506382 0.0 0
1747650506398 inf 0
1747650506416 inf 0
1747650506428 0.0 0
1747650506440 inf 0
1747650506451 0.0 0
1747650506474 0.0 0
1747650506488 inf 0
1747650506506 inf 0
1747650506521 inf 0
1747650506531 0.0 0
1747650506545 inf 0
1747650506559 0.0 0
1747650506570 0.0 0
1747650506581 inf 0
1747650506590 inf 0
1747650506605 0.0 0
1747650506616 inf 0
1747650506634 0.0 0
1747650506643 inf 0
1747650506651 0.0 0
1747650506664 0.0 0
1747650506681 inf 0
1747650506692 0.0 0
1747650506709 inf 0
1747650506726 inf 0
1747650506742 inf 0
1747650506750 0.0 0
1747650506761 inf 0
1747650506773 0.0 0
1747650506780 inf 0
1747650506804 0.0 0
1747650506817 0.0 0
1747650506839 0.0 0
1747650506848 0.0 0
1747650506856 inf 0
1747650506867 inf 0
1747650506881 0.0 0
1747650506895 inf 0
1747650506912 0.0 0
1747650506924 0.0 0
1747650506934 inf 0
1747650506942 inf 0
1747650506954 inf 0
1747650506965 0.0 0
1747650506975 inf 0
1747650506983 inf 0
1747650506999 0.0 0
1747650507007 inf 0
1747650507018 0.0 0
1747650507030 0.0 0
1747650507041 inf 0
1747650507052 inf 0
1747650507064 0.0 0
1747650507087 0.0 0
1747650507107 inf 0
1747650507121 inf 0
1747650507132 inf 0
1747650507140 inf 0
1747650507151 0.0 0
1747650507162 inf 0
1747650507189 0.0 0
1747650507200 0.0 0
1747650507211 inf 0
1747650507223 0.0 0
1747650507235 inf 0
1747650507248 inf 0
1747650507257 inf 0
1747650507271 inf 0
1747650507282 0.0 0
1747650507294 0.0 0
1747650507301 inf 0
1747650507313 0.0 0
1747650507325 inf 0
1747650507332 inf 0
1747650507343 inf 0
1747650507356 0.0 0
1747650507366 inf 0
1747650507375 0.0 0
1747650507384 0.0 0
1747650507397 inf 0
1747650507414 inf 0
1747650507424 inf 0
1747650507437 0.0 0
1747650507454 inf 0
1747650507463 inf 0
1747650507472 0.0 0
1747650507481 0.0 0
1747650507497 inf 0
1747650507507 0.0 0
1747650507517 inf 0
1747650507531 inf 0
1747650507542 0.0 0
1747650507553 0.0 0
1747650507566 inf 0
1747650507577 0.0 0
1747650507588 0.0 0
1747650507596 inf 0
1747650507605 0.0 0
1747650507616 inf 0
1747650507638 inf 0
1747650507651 0.0 0
1747650507662 inf 0
1747650507681 inf 0
1747650507694 0.0 0
1747650507706 inf 0
1747650507716 inf 0
1747650507725 inf 0
1747650507734 0.0 0
1747650507745 0.0 0
1747650507754 inf 0
1747650507764 0.0 0
1747650507775 inf 0
1747650507786 inf 0
1747650507801 0.0 0
1747650507810 inf 0
1747650507819 inf 0
1747650507835 inf 0
1747650507846 0.0 0
1747650507856 inf 0
1747650507868 inf 0
1747650507880 inf 0
1747650507889 0.0 0
1747650507901 0.0 0
1747650507915 inf 0
1747650507931 inf 0
1747650507942 0.0 0
1747650507966 0.0 0
1747650507976 inf 0
1747650507987 inf 0
1747650507996 0.0 0
1747650508008 inf 0
1747650508019 0.0 0
1747650508029 0.0 0
1747650508042 inf 0
1747650508053 inf 0
1747650508064 inf 0
1747650508075 0.0 0
1747650508084 0.0 0
1747650508091 inf 0
1747650508105 inf 0
1747650508118 0.0 0
1747650508129 inf 0
1747650508141 inf 0
1747650508152 inf 0
1747650508163 inf 0
1747650508172 0.0 0
1747650508188 inf 0
1747650508204 0.0 0
1747650508214 0.0 0
1747650508222 0.0 0
1747650508234 0.0 0
1747650508245 0.0 0
1747650508257 inf 0
1747650508271 inf 0
1747650508284 0.0 0
1747650508296 0.0 0
1747650508307 0.0 0
1747650508317 0.0 0
1747650508329 0.0 0
1747650508340 0.0 0
1747650508356 inf 0
1747650508370 inf 0
1747650508383 0.0 0
1747650508393 inf 0
1747650508405 0.0 0
1747650508416 0.0 0
1747650508427 0.0 0
1747650508442 inf 0
1747650508454 0.0 0
1747650508479 0.0 0
1747650508490 0.0 0
1747650508502 0.0 0
1747650508530 0.0 0
1747650508541 inf 0
1747650508561 inf 0
1747650508572 0.0 0
1747650508580 inf 0
1747650508589 inf 0
1747650508597 inf 0
1747650508610 0.0 0
1747650508621 inf 0
1747650508630 0.0 0
1747650508638 inf 0
1747650508648 0.0 0
1747650508661 0.0 0
1747650508673 inf 0
1747650508688 inf 0
1747650508697 inf 0
1747650508708 0.0 0
1747650508729 0.0 0
1747650508741 inf 0
1747650508758 inf 0
1747650508773 inf 0
1747650508781 0.0 0
1747650508791 0.0 0
1747650508807 inf 0
1747650508814 0.0 0
1747650508826 0.0 0
1747650508837 inf 0
1747650508848 0.0 0
1747650508859 0.0 0
1747650508878 inf 0
1747650508896 inf 0
1747650508913 inf 0
1747650508924 0.0 0
1747650508933 inf 0
1747650508942 0.0 0
1747650508953 0.0 0
1747650508966 0.0 0
1747650508984 0.0 0
1747650508996 0.0 0
1747650509007 0.0 0
1747650509015 inf 0
1747650509031 0.0 0
1747650509048 0.0 0
1747650509060 0.0 0
1747650509071 0.0 0
1747650509085 inf 0
1747650509104 0.0 0
1747650509116 0.0 0
1747650509136 0.0 0
1747650509144 inf 0
1747650509161 inf 0
1747650509171 inf 0
1747650509183 0.0 0
1747650509197 inf 0
1747650509208 0.0 0
1747650509228 inf 0
1747650509242 0.0 0
1747650509258 0.0 0
1747650509283 0.0 0
1747650509294 inf 0
1747650509306 inf 0
1747650509317 inf 0
1747650509334 inf 0
1747650509345 0.0 0
1747650509361 inf 0
1747650509373 0.0 0
1747650509384 0.0 0
1747650509406 0.0 0
1747650509418 inf 0
1747650509426 inf 0
1747650509440 0.0 0
1747650509454 0.0 0
1747650509472 0.0 0
1747650509487 0.0 0
1747650509496 inf 0
1747650509508 inf 0
1747650509524 0.0 0
1747650509531 inf 0
1747650509549 0.0 0
1747650509568 0.0 0
1747650509585 0.0 0
1747650509596 inf 0
1747650509606 0.0 0
1747650509623 0.0 0
1747650509633 0.0 0
1747650509649 inf 0
1747650509666 0.0 0
1747650509676 0.0 0
1747650509688 0.0 0
1747650509700 inf 0
1747650509717 inf 0
1747650509731 inf 0
1747650509743 inf 0
1747650509754 0.0 0
1747650509763 inf 0
1747650509782 0.0 0
1747650509796 0.0 0
1747650509805 0.0 0
1747650509821 0.0 0
1747650509831 inf 0
1747650509839 0.0 0
1747650509850 inf 0
1747650509861 inf 0
1747650509871 0.0 0
1747650509879 inf 0
1747650509897 0.0 0
1747650509910 inf 0
1747650509924 0.0 0
1747650509943 inf 0
1747650509967 0.0 0
1747650509980 0.0 0
1747650509992 inf 0
1747650510003 0.0 0
1747650510013 0.0 0
1747650510024 inf 0
1747650510034 0.0 0
1747650510066 0.0 0
1747650510075 inf 0
1747650510092 inf 0
1747650510104 0.0 0
1747650510122 0.0 0
1747650510133 inf 0
1747650510145 0.0 0
1747650510165 0.0 0
1747650510176 0.0 0
1747650510187 0.0 0
1747650510202 0.0 0
1747650510212 inf 0
1747650510222 inf 0
1747650510249 0.0 0
1747650510265 inf 0
1747650510296 0.0 0
1747650510307 inf 0
1747650510319 inf 0
1747650510331 inf 0
1747650510348 0.0 0
1747650510363 0.0 0
1747650510377 inf 0
1747650510385 inf 0
1747650510395 inf 0
1747650510406 inf 0
1747650510429 inf 0
1747650510442 0.0 0
1747650510453 0.0 0
1747650510466 inf 0
1747650510474 0.0 0
1747650510485 0.0 0
1747650510495 inf 0
1747650510504 inf 0
1747650510517 inf 0
1747650510536 0.0 0
1747650510548 0.0 0
1747650510559 inf 0
1747650510570 0.0 0
1747650510581 inf 0
1747650510605 0.0 0
1747650510615 inf 0
1747650510627 inf 0
1747650510638 0.0 0
1747650510647 inf 0
1747650510669 0.0 0
1747650510679 0.0 0
1747650510690 inf 0
1747650510699 inf 0
1747650510718 inf 0
1747650510730 0.0 0
1747650510748 inf 0
1747650510759 0.0 0
1747650510771 inf 0
1747650510787 inf 0
1747650510802 inf 0
1747650510821 0.0 0
1747650510830 inf 0
1747650510841 inf 0
1747650510852 inf 0
1747650510862 0.0 0
1747650510872 inf 0
1747650510883 0.0 0
1747650510893 0.0 0
1747650510904 inf 0
1747650510914 0.0 0
1747650510937 inf 0
1747650510949 inf 0
1747650510959 inf 0
1747650510971 inf 0
1747650510993 inf 0
1747650511010 inf 0
1747650511017 inf 0
1747650511026 inf 0
1747650511037 inf 0
1747650511053 inf 0
1747650511075 inf 0
1747650511086 inf 0
1747650511105 inf 0
1747650511139 0.0 0
1747650511150 inf 0
1747650511159 0.0 0
1747650511167 0.0 0
1747650511178 inf 0
1747650511207 inf 0
1747650511218 inf 0
1747650511231 inf 0
1747650511242 0.0 0
1747650511251 inf 0
1747650511263 inf 0
1747650511274 0.0 0
1747650511285 0.0 0
1747650511297 0.0 0
1747650511306 0.0 0
1747650511316 inf 0
1747650511328 inf 0
1747650511340 0.0 0
1747650511349 inf 0
1747650511360 inf 0
1747650511371 inf 0
1747650511381 0.0 0
1747650511389 0.0 0
1747650511400 inf 0
1747650511412 0.0 0
1747650511430 inf 0
1747650511444 inf 0
1747650511458 0.0 0
1747650511472 0.0 0
1747650511486 inf 0
1747650511508 inf 0
1747650511519 inf 0
1747650511532 0.0 0
1747650511543 0.0 0
1747650511555 0.0 0
1747650511565 0.0 0
1747650511573 inf 0
1747650511587 inf 0
1747650511598 inf 0
1747650511614 0.0 0
1747650511622 inf 0
1747650511634 inf 0
1747650511645 inf 0
1747650511657 inf 0
1747650511667 0.0 0
1747650511679 inf 0
1747650511689 inf 0
1747650511701 0.0 0
1747650511711 inf 0
1747650511727 inf 0
1747650511737 inf 0
1747650511749 0.0 0
1747650511761 inf 0
1747650511778 0.0 0
1747650511788 0.0 0
1747650511798 0.0 0
1747650511816 0.0 0
1747650511827 0.0 0
1747650511839 0.0 0
1747650511854 0.0 0
1747650511865 0.0 0
1747650511876 inf 0
1747650511887 inf 0
1747650511896 0.0 0
1747650511906 inf 0
1747650511922 inf 0
1747650511931 inf 0
1747650511970 0.0 0
1747650511983 inf 0
1747650511996 inf 0
1747650512008 0.0 0
1747650512018 0.0 0
1747650512049 inf 0
1747650512066 0.0 0
1747650512076 inf 0
1747650512087 0.0 0
1747650512098 0.0 0
1747650512109 inf 0
1747650512120 inf 0
1747650512131 inf 0
1747650512153 0.0 0
1747650512165 inf 0
1747650512176 0.0 0
1747650512193 inf 0
1747650512205 0.0 0
1747650512215 inf 0
1747650512222 inf 0
1747650512233 0.0 0
1747650512241 inf 0
1747650512255 inf 0
1747650512264 inf 0
1747650512279 0.0 0
1747650512293 inf 0
1747650512304 0.0 0
1747650512314 inf 0
1747650512332 0.0 0
1747650512345 0.0 0
1747650512384 0.0 0
1747650512400 0.0 0
1747650512431 0.0 0
1747650512453 0.0 0
1747650512475 0.0 0
1747650512485 0.0 0
1747650512499 0.0 0
1747650512512 0.0 0
1747650512526 0.0 0
1747650512536 inf 0
1747650512558 0.0 0
1747650512586 inf 0
1747650512599 0.0 0
1747650512611 0.0 0
1747650512632 inf 0
1747650512641 0.0 0
1747650512665 inf 0
1747650512678 0.0 0
1747650512686 inf 0
1747650512696 inf 0
1747650512714 0.0 0
1747650512723 inf 0
1747650512731 inf 0
1747650512745 inf 0
1747650512758 inf 0
1747650512771 0.0 0
1747650512784 0.0 0
1747650512797 inf 0
1747650512810 inf 0
1747650512827 inf 0
1747650512840 inf 0
1747650512853 inf 0
1747650512861 inf 0
1747650512874 0.0 0
1747650512890 inf 0
1747650512899 inf 0
1747650512921 0.0 0
1747650512934 0.0 0
1747650512946 inf 0
1747650512961 inf 0
1747650512975 inf 0
1747650512989 inf 0
1747650513000 0.0 0
1747650513012 0.0 0
1747650513021 inf 0
1747650513033 0.0 0
1747650513044 0.0 0
1747650513064 inf 0
1747650513078 0.0 0
1747650513087 0.0 0
1747650513099 inf 0
1747650513110 0.0 0
1747650513119 inf 0
1747650513130 0.0 0
1747650513140 0.0 0
1747650513150 inf 0
1747650513158 inf 0
1747650513168 inf 0
1747650513186 0.0 0
1747650513200 0.0 0
1747650513211 inf 0
1747650513219 inf 0
1747650513229 0.0 0
1747650513237 0.0 0
1747650513249 0.0 0
1747650513260 0.0 0
1747650513271 inf 0
1747650513285 0.0 0
1747650513296 inf 0
1747650513307 inf 0
1747650513318 0.0 0
1747650513325 0.0 0
1747650513337 0.0 0
1747650513347 inf 0
1747650513358 inf 0
1747650513373 0.0 0
1747650513385 0.0 0
1747650513409 inf 0
1747650513422 0.0 0
1747650513441 inf 0
1747650513453 inf 0
1747650513466 0.0 0
1747650513482 0.0 0
1747650513491 inf 0
1747650513504 inf 0
1747650513517 inf 0
1747650513529 0.0 0
1747650513558 inf 0
1747650513572 0.0 0
1747650513602 inf 0
1747650513615 inf 0
1747650513627 inf 0
1747650513640 inf 0
1747650513654 0.0 0
1747650513665 inf 0
1747650513677 inf 0
1747650513689 inf 0
1747650513700 0.0 0
1747650513715 inf 0
1747650513731 inf 0
1747650513743 inf 0
1747650513752 0.0 0
1747650513764 0.0 0
1747650513803 inf 0
1747650513814 inf 0
1747650513826 0.0 0
1747650513835 0.0 0
1747650513869 0.0 0
1747650513884 inf 0
1747650513906 inf 0
1747650513918 inf 0
1747650513937 0.0 0
1747650513948 inf 0
1747650513960 0.0 0
1747650513981 inf 0
1747650513998 inf 0
1747650514009 0.0 0
1747650514018 0.0 0
1747650514036 0.0 0
1747650514051 inf 0
1747650514068 inf 0
1747650514079 inf 0
1747650514088 inf 0
1747650514097 inf 0
1747650514108 0.0 0
1747650514119 0.0 0
1747650514135 inf 0
1747650514149 0.0 0
1747650514159 0.0 0
1747650514168 inf 0
1747650514176 inf 0
1747650514189 inf 0
1747650514201 0.0 0
1747650514222 0.0 0
1747650514235 0.0 0
1747650514249 0.0 0
1747650514261 inf 0
1747650514268 inf 0
1747650514289 0.0 0
1747650514301 inf 0
1747650514319 0.0 0
1747650514332 inf 0
1747650514345 0.0 0
1747650514354 inf 0
1747650514364 inf 0
1747650514375 0.0 0
1747650514391 0.0 0
1747650514403 inf 0
1747650514415 0.0 0
1747650514432 0.0 0
1747650514446 inf 0
1747650514469 0.0 0
1747650514480 inf 0
1747650514491 inf 0
1747650514502 inf 0
1747650514517 inf 0
1747650514528 inf 0
1747650514539 0.0 0
1747650514578 inf 0
1747650514592 0.0 0
1747650514604 0.0 0
1747650514616 0.0 0
1747650514632 inf 0
1747650514646 inf 0
1747650514660 inf 0
1747650514670 inf 0
1747650514679 0.0 0
1747650514689 inf 0
1747650514700 0.0 0
1747650514711 0.0 0
1747650514723 0.0 0
1747650514733 inf 0
1747650514744 inf 0
1747650514754 0.0 0
1747650514769 0.0 0
1747650514780 inf 0
1747650514790 inf 0
1747650514801 0.0 0
1747650514830 inf 0
1747650514841 0.0 0
1747650514852 0.0 0
1747650514864 inf 0
1747650514876 0.0 0
1747650514890 inf 0
1747650514897 0.0 0
1747650514914 inf 0
1747650514927 inf 0
1747650514936 inf 0
1747650514956 0.0 0
1747650514972 0.0 0
1747650514983 inf 0
1747650515003 inf 0
1747650515015 0.0 0
1747650515027 inf 0
1747650515038 inf 0
1747650515047 inf 0
1747650515055 inf 0
1747650515066 inf 0
1747650515073 0.0 0
1747650515083 0.0 0
1747650515091 0.0 0
1747650515102 0.0 0
1747650515114 0.0 0
1747650515123 inf 0
1747650515136 0.0 0
1747650515149 inf 0
1747650515161 inf 0
1747650515178 inf 0
1747650515192 inf 0
1747650515208 0.0 0
1747650515231 inf 0
1747650515242 0.0 0
1747650515250 inf 0
1747650515266 0.0 0
1747650515278 inf 0
1747650515288 0.0 0
1747650515301 inf 0
1747650515315 inf 0
1747650515331 inf 0
1747650515342 0.0 0
1747650515357 inf 0
1747650515376 0.0 0
1747650515396 inf 0
1747650515407 0.0 0
1747650515420 0.0 0
1747650515432 inf 0
1747650515448 inf 0
1747650515475 0.0 0
1747650515486 inf 0
1747650515496 inf 0
1747650515508 inf 0
1747650515519 0.0 0
1747650515531 inf 0
1747650515543 0.0 0
1747650515554 inf 0
1747650515572 inf 0
1747650515582 0.0 0
1747650515590 inf 0
1747650515601 0.0 0
1747650515612 inf 0
1747650515630 0.0 0
1747650515643 inf 0
1747650515654 0.0 0
1747650515663 inf 0
1747650515674 inf 0
1747650515684 inf 0
1747650515702 0.0 0
1747650515713 0.0 0
1747650515731 0.0 0
1747650515741 inf 0
1747650515751 inf 0
1747650515760 inf 0
1747650515768 0.0 0
1747650515779 inf 0
1747650515789 0.0 0
1747650515800 inf 0
1747650515810 inf 0
1747650515827 0.0 0
1747650515840 0.0 0
1747650515858 inf 0
1747650515870 inf 0
1747650515879 0.0 0
1747650515891 inf 0
1747650515904 inf 0
1747650515915 0.0 0
1747650515927 0.0 0
1747650515934 inf 0
1747650515943 0.0 0
1747650515955 0.0 0
1747650515963 inf 0
1747650515975 inf 0
1747650515983 0.0 0
1747650515991 0.0 0
1747650516004 0.0 0
1747650516017 inf 0
1747650516029 inf 0
1747650516046 0.0 0
1747650516056 inf 0
1747650516067 0.0 0
1747650516078 0.0 0
1747650516094 inf 0
1747650516105 inf 0
1747650516121 inf 0
1747650516131 inf 0
1747650516143 0.0 0
1747650516154 inf 0
1747650516163 0.0 0
1747650516170 0.0 0
1747650516181 inf 0
1747650516197 inf 0
1747650516207 inf 0
1747650516224 inf 0
1747650516236 0.0 0
1747650516248 0.0 0
1747650516260 0.0 0
1747650516271 0.0 0
1747650516285 0.0 0
1747650516312 inf 0
1747650516329 inf 0
1747650516344 inf 0
1747650516357 0.0 0
1747650516371 0.0 0
1747650516379 inf 0
1747650516394 0.0 0
1747650516405 0.0 0
1747650516416 0.0 0
1747650516428 0.0 0
1747650516440 inf 0
1747650516448 inf 0
1747650516469 0.0 0
1747650516486 0.0 0
1747650516498 0.0 0
1747650516515 inf 0
1747650516526 inf 0
1747650516533 inf 0
1747650516541 0.0 0
1747650516551 0.0 0
1747650516565 inf 0
1747650516573 0.0 0
1747650516584 inf 0
1747650516593 inf 0
1747650516605 0.0 0
1747650516614 inf 0
1747650516624 0.0 0
1747650516637 inf 0
1747650516647 inf 0
1747650516655 inf 0
1747650516665 0.0 0
1747650516673 inf 0
1747650516681 inf 0
1747650516691 inf 0
1747650516702 0.0 0
1747650516713 0.0 0
1747650516722 inf 0
1747650516735 inf 0
1747650516754 0.0 0
1747650516771 0.0 0
1747650516788 0.0 0
1747650516799 inf 0
1747650516809 inf 0
1747650516817 inf 0
1747650516827 0.0 0
1747650516850 inf 0
1747650516862 inf 0
1747650516904 0.0 0
1747650516927 0.0 0
1747650516939 0.0 0
1747650516950 0.0 0
1747650516965 inf 0
1747650516973 inf 0
1747650516984 inf 0
1747650516992 0.0 0
1747650517001 inf 0
1747650517014 inf 0
1747650517028 inf 0
1747650517045 0.0 0
1747650517055 0.0 0
1747650517085 0.0 0
1747650517096 inf 0
1747650517110 inf 0
1747650517124 inf 0
1747650517146 inf 0
1747650517162 0.0 0
1747650517173 inf 0
1747650517189 0.0 0
1747650517200 inf 0
1747650517222 0.0 0
1747650517233 inf 0
1747650517245 0.0 0
1747650517257 inf 0
1747650517275 0.0 0
1747650517283 0.0 0
1747650517293 inf 0
1747650517305 inf 0
1747650517317 inf 0
1747650517328 inf 0
1747650517339 0.0 0
1747650517348 0.0 0
1747650517357 0.0 0
1747650517368 inf 0
1747650517379 0.0 0
1747650517387 inf 0
1747650517399 inf 0
1747650517413 inf 0
1747650517434 inf 0
1747650517445 0.0 0
1747650517458 inf 0
1747650517470 inf 0
1747650517487 0.0 0
1747650517502 inf 0
1747650517514 inf 0
1747650517526 inf 0
1747650517538 0.0 0
1747650517549 0.0 0
1747650517560 inf 0
1747650517577 0.0 0
1747650517588 0.0 0
1747650517605 0.0 0
1747650517613 inf 0
1747650517624 inf 0
1747650517636 0.0 0
1747650517648 inf 0
1747650517656 0.0 0
1747650517665 0.0 0
1747650517683 0.0 0
1747650517695 0.0 0
1747650517707 0.0 0
1747650517717 inf 0
1747650517727 0.0 0
1747650517741 0.0 0
1747650517752 inf 0
1747650517765 inf 0
1747650517776 inf 0
1747650517787 inf 0
1747650517796 inf 0
1747650517808 0.0 0
1747650517819 0.0 0
1747650517826 0.0 0
1747650517838 0.0 0
1747650517849 0.0 0
1747650517858 0.0 0
1747650517875 0.0 0
1747650517884 inf 0
1747650517928 inf 0
1747650517954 0.0 0
1747650517967 0.0 0
1747650517983 0.0 0
1747650517996 0.0 0
1747650518010 inf 0
1747650518020 0.0 0
1747650518035 inf 0
1747650518047 0.0 0
1747650518058 inf 0
1747650518074 0.0 0
1747650518086 inf 0
1747650518109 inf 0
1747650518118 inf 0
1747650518129 inf 0
1747650518139 inf 0
1747650518155 inf 0
1747650518171 inf 0
1747650518182 inf 0
1747650518204 inf 0
1747650518220 inf 0
1747650518240 inf 0
1747650518251 inf 0
1747650518270 0.0 0
1747650518288 inf 0
1747650518300 inf 0
1747650518311 0.0 0
1747650518326 0.0 0
1747650518342 inf 0
1747650518353 inf 0
1747650518364 0.0 0
1747650518385 inf 0
1747650518396 inf 0
1747650518407 0.0 0
1747650518421 inf 0
1747650518432 inf 0
1747650518443 0.0 0
1747650518460 inf 0
1747650518476 0.0 0
1747650518487 0.0 0
1747650518498 0.0 0
1747650518508 inf 0
1747650518520 inf 0
1747650518531 inf 0
1747650518542 0.0 0
1747650518553 0.0 0
1747650518564 0.0 0
1747650518576 inf 0
1747650518588 0.0 0
1747650518599 inf 0
1747650518628 inf 0
1747650518639 0.0 0
1747650518650 inf 0
1747650518661 0.0 0
1747650518677 inf 0
1747650518688 0.0 0
1747650518708 0.0 0
1747650518721 inf 0
1747650518732 inf 0
1747650518743 0.0 0
1747650518754 0.0 0
1747650518765 0.0 0
1747650518781 0.0 0
1747650518797 inf 0
1747650518808 inf 0
1747650518825 inf 0
1747650518836 0.0 0
1747650518853 0.0 0
1747650518869 inf 0
1747650518880 0.0 0
1747650518891 0.0 0
1747650518903 0.0 0
1747650518915 inf 0
1747650518926 0.0 0
1747650518951 0.0 0
1747650518973 inf 0
1747650518983 inf 0
1747650518994 0.0 0
1747650519013 0.0 0
1747650519031 0.0 0
1747650519048 inf 0
1747650519058 0.0 0
1747650519075 inf 0
1747650519086 0.0 0
1747650519097 0.0 0
1747650519109 0.0 0
1747650519122 inf 0
1747650519149 0.0 0
1747650519173 0.0 0
1747650519189 inf 0
1747650519200 0.0 0
1747650519211 inf 0
1747650519222 0.0 0
1747650519230 0.0 0
1747650519238 inf 0
1747650519248 0.0 0
1747650519270 0.0 0
1747650519280 inf 0
1747650519290 0.0 0
1747650519307 inf 0
1747650519319 inf 0
1747650519331 0.0 0
1747650519348 0.0 0
1747650519368 0.0 0
1747650519380 0.0 0
1747650519396 inf 0
1747650519407 0.0 0
1747650519418 0.0 0
1747650519429 inf 0
1747650519440 inf 0
1747650519450 inf 0
1747650519472 inf 0
1747650519487 0.0 0
1747650519498 0.0 0
1747650519516 0.0 0
1747650519529 0.0 0
1747650519545 inf 0
1747650519556 0.0 0
1747650519565 inf 0
1747650519581 inf 0
1747650519598 0.0 0
1747650519609 inf 0
1747650519620 inf 0
1747650519637 inf 0
1747650519653 0.0 0
1747650519664 inf 0
1747650519675 inf 0
1747650519694 0.0 0
1747650519707 0.0 0
1747650519735 inf 0
1747650519749 inf 0
1747650519777 inf 0
1747650519791 inf 0
1747650519810 inf 0
1747650519824 inf 0
1747650519844 inf 0
1747650519857 0.0 0
1747650519867 0.0 0
1747650519880 0.0 0
1747650519893 inf 0
1747650519915 0.0 0
1747650519936 0.0 0
1747650519948 inf 0
1747650519960 inf 0
1747650519977 inf 0
1747650519988 inf 0
1747650519999 inf 0
1747650520010 0.0 0
1747650520022 0.0 0
1747650520034 0.0 0
1747650520047 inf 0
1747650520067 inf 0
1747650520078 inf 0
1747650520089 0.0 0
1747650520100 0.0 0
1747650520112 0.0 0
1747650520129 0.0 0
1747650520142 inf 0
1747650520153 0.0 0
1747650520164 0.0 0
1747650520179 inf 0
1747650520195 inf 0
1747650520204 0.0 0
1747650520213 0.0 0
1747650520224 0.0 0
1747650520235 0.0 0
1747650520246 inf 0
1747650520263 inf 0
1747650520274 inf 0
1747650520286 0.0 0
1747650520302 0.0 0
1747650520312 inf 0
1747650520323 0.0 0
1747650520336 0.0 0
1747650520361 0.0 0
1747650520377 inf 0
1747650520391 inf 0
1747650520402 0.0 0
1747650520420 0.0 0
1747650520439 inf 0
1747650520456 0.0 0
1747650520467 inf 0
1747650520479 inf 0
1747650520494 inf 0
1747650520505 0.0 0
1747650520516 inf 0
1747650520527 0.0 0
1747650520547 0.0 0
1747650520559 inf 0
1747650520577 0.0 0
1747650520592 0.0 0
1747650520605 inf 0
1747650520617 inf 0
1747650520640 0.0 0
1747650520652 0.0 0
1747650520661 0.0 0
1747650520672 0.0 0
1747650520698 inf 0
1747650520710 inf 0
1747650520722 inf 0
1747650520733 0.0 0
1747650520745 inf 0
1747650520759 inf 0
1747650520776 0.0 0
1747650520789 inf 0
1747650520800 inf 0
1747650520817 inf 0
1747650520830 inf 0
1747650520846 inf 0
1747650520857 inf 0
1747650520869 0.0 0
1747650520880 inf 0
1747650520897 inf 0
1747650520909 0.0 0
1747650520920 0.0 0
1747650520931 0.0 0
1747650520949 inf 0
1747650520968 inf 0
1747650520981 inf 0
1747650520992 0.0 0
1747650521009 0.0 0
1747650521022 inf 0
1747650521034 0.0 0
1747650521046 inf 0
1747650521058 0.0 0
1747650522645 0.0 0
1747650522660 inf 0
1747650522672 0.0 0
1747650522693 inf 0
1747650522705 0.0 0
1747650522724 inf 0
1747650522739 inf 0
1747650522763 0.0 0
1747650522781 inf 0
1747650522811 inf 0
1747650522831 0.0 0
1747650522851 0.0 0
1747650522865 0.0 0
1747650522875 inf 0
1747650522886 inf 0
1747650522907 0.0 0
1747650522923 0.0 0
1747650522934 0.0 0
1747650522947 inf 0
1747650522960 inf 0
1747650522972 0.0 0
1747650522985 0.0 0
1747650522998 inf 0
1747650523024 0.0 0
1747650523050 inf 0
1747650523064 0.0 0
1747650523076 0.0 0
1747650523090 inf 0
1747650523104 0.0 0
1747650523118 inf 0
1747650523131 inf 0
1747650523149 inf 0
1747650523179 0.0 0
1747650523190 inf 0
1747650523210 0.0 0
1747650523224 0.0 0
1747650523243 inf 0
1747650523269 0.0 0
1747650523281 inf 0
1747650523295 inf 0
1747650523308 inf 0
1747650523323 0.0 0
1747650523332 0.0 0
1747650523342 inf 0
1747650523362 0.0 0
1747650523375 0.0 0
1747650523385 inf 0
1747650523393 inf 0
1747650523405 0.0 0
1747650523423 inf 0
1747650523444 inf 0
1747650523459 inf 0
1747650523488 inf 0
1747650523501 0.0 0
1747650523519 0.0 0
1747650523532 inf 0
1747650523543 0.0 0
1747650523555 inf 0
1747650523571 0.0 0
1747650523582 0.0 0
1747650523604 0.0 0
1747650523616 inf 0
1747650523628 inf 0
1747650523640 0.0 0
1747650523651 0.0 0
1747650523666 0.0 0
1747650523678 0.0 0
1747650523690 0.0 0
1747650523703 inf 0
1747650523712 inf 0
1747650523721 0.0 0
1747650523743 inf 0
1747650523755 inf 0
1747650523763 inf 0
1747650523772 0.0 0
1747650523783 inf 0
1747650523797 inf 0
1747650523836 inf 0
1747650523876 inf 0
1747650523896 inf 0
1747650523924 inf 0
1747650523936 inf 0
1747650523948 0.0 0
1747650523958 0.0 0
1747650523969 0.0 0
1747650523981 inf 0
1747650523998 inf 0
1747650524010 0.0 0
1747650524017 0.0 0
1747650524026 inf 0
1747650524036 0.0 0
1747650524046 0.0 0
1747650524063 inf 0
1747650524075 0.0 0
1747650524087 inf 0
1747650524100 0.0 0
1747650524116 inf 0
1747650524142 inf 0
1747650524156 0.0 0
1747650524184 inf 0
1747650524195 0.0 0
1747650524207 inf 0
1747650524234 0.0 0
1747650524247 inf 0
1747650524256 0.0 0
1747650524267 0.0 0
1747650524279 0.0 0
1747650524291 0.0 0
1747650524303 0.0 0
1747650524319 inf 0
1747650524330 inf 0
1747650524340 inf 0
1747650524365 inf 0
1747650524377 inf 0
1747650524387 0.0 0
1747650524398 0.0 0
1747650524414 inf 0
1747650524423 0.0 0
1747650524431 0.0 0
1747650524458 inf 0
1747650524471 0.0 0
1747650524488 inf 0
1747650524500 inf 0
1747650524513 inf 0
1747650524525 0.0 0
1747650524540 inf 0
1747650524551 inf 0
1747650524562 0.0 0
1747650524584 0.0 0
1747650524596 0.0 0
1747650524607 inf 0
1747650524622 inf 0
1747650524633 inf 0
1747650524642 inf 0
1747650524654 inf 0
1747650524663 0.0 0
1747650524676 inf 0
1747650524688 0.0 0
1747650524700 inf 0
1747650524710 inf 0
1747650524719 inf 0
1747650524730 inf 0
1747650524742 inf 0
1747650524756 0.0 0
1747650524765 inf 0
1747650524800 inf 0
1747650524812 0.0 0
1747650524823 inf 0
1747650524834 0.0 0
1747650524843 inf 0
1747650524855 inf 0
1747650524868 inf 0
1747650524887 inf 0
1747650524899 inf 0
1747650524921 0.0 0
1747650524936 0.0 0
1747650524949 0.0 0
1747650524971 inf 0
1747650524990 inf 0
1747650525002 inf 0
1747650525022 inf 0
1747650525043 inf 0
1747650525057 inf 0
1747650525068 inf 0
1747650525079 0.0 0
1747650525091 inf 0
1747650525116 inf 0
1747650525128 inf 0
1747650525140 inf 0
1747650525151 inf 0
1747650525165 inf 0
1747650525190 inf 0
1747650525202 0.0 0
1747650525219 inf 0
1747650525226 0.0 0
1747650525240 inf 0
1747650525252 inf 0
1747650525264 0.0 0
1747650525275 inf 0
1747650525287 0.0 0
1747650525305 0.0 0
1747650525318 0.0 0
1747650525341 0.0 0
1747650525355 inf 0
1747650525373 inf 0
1747650525380 0.0 0
1747650525396 0.0 0
1747650525406 0.0 0
1747650525421 0.0 0
1747650525440 0.0 0
1747650525453 inf 0
1747650525465 0.0 0
1747650525478 0.0 0
1747650525500 0.0 0
1747650525513 0.0 0
1747650525526 0.0 0
1747650525552 0.0 0
1747650525564 0.0 0
1747650525581 inf 0
1747650525595 0.0 0
1747650525605 inf 0
1747650525626 0.0 0
1747650525637 0.0 0
1747650525646 0.0 0
1747650525659 inf 0
1747650525671 0.0 0
1747650525694 inf 0
1747650525707 0.0 0
1747650525720 inf 0
1747650525759 inf 0
1747650525769 inf 0
1747650525784 inf 0
1747650525805 0.0 0
1747650525816 inf 0
1747650525826 inf 0
1747650525835 0.0 0
1747650525844 0.0 0
1747650525860 0.0 0
1747650525871 inf 0
1747650525881 0.0 0
1747650525889 inf 0
1747650525901 inf 0
1747650525918 inf 0
1747650525936 inf 0
1747650525975 0.0 0
1747650525989 inf 0
1747650525999 inf 0
1747650526015 0.0 0
1747650526026 0.0 0
1747650526037 0.0 0
1747650526049 inf 0
1747650526060 0.0 0
1747650526071 inf 0
1747650526082 inf 0
1747650526098 0.0 0
1747650526130 inf 0
1747650526154 0.0 0
1747650526167 inf 0
1747650526174 0.0 0
1747650526186 inf 0
1747650526196 0.0 0
1747650526207 inf 0
1747650526217 inf 0
1747650526230 0.0 0
1747650526240 inf 0
1747650526264 0.0 0
1747650526286 0.0 0
1747650526309 inf 0
1747650526321 0.0 0
1747650526335 0.0 0
1747650526347 inf 0
1747650526365 inf 0
1747650526373 inf 0
1747650526384 0.0 0
1747650526396 inf 0
1747650526407 0.0 0
1747650526420 inf 0
1747650526431 0.0 0
1747650526440 inf 0
1747650526456 0.0 0
1747650526467 inf 0
1747650526483 inf 0
1747650526492 0.0 0
1747650526509 inf 0
1747650526526 inf 0
1747650526539 0.0 0
1747650526551 0.0 0
1747650526568 0.0 0
1747650526586 0.0 0
1747650526604 inf 0
1747650526643 inf 0
1747650526655 inf 0
1747650526667 0.0 0
1747650526676 inf 0
1747650526695 0.0 0
1747650526709 inf 0
1747650526720 inf 0
1747650526751 0.0 0
1747650526765 inf 0
1747650526777 0.0 0
1747650526785 inf 0
1747650526812 0.0 0
1747650526823 0.0 0
1747650526835 inf 0
1747650526843 0.0 0
1747650526853 0.0 0
1747650526870 0.0 0
1747650526880 0.0 0
1747650526891 0.0 0
1747650526900 0.0 0
1747650526912 0.0 0
1747650526919 0.0 0
1747650526929 inf 0
1747650526945 inf 0
1747650526967 0.0 0
1747650526979 0.0 0
1747650526991 inf 0
1747650527002 inf 0
1747650527011 0.0 0
1747650527019 inf 0
1747650527030 inf 0
1747650527054 inf 0
1747650527071 inf 0
1747650527081 0.0 0
1747650527091 0.0 0
1747650527101 inf 0
1747650527121 0.0 0
1747650527132 0.0 0
1747650527149 inf 0
1747650527162 inf 0
1747650527174 inf 0
1747650527186 inf 0
1747650527198 inf 0
1747650527209 inf 0
1747650527230 inf 0
1747650527241 0.0 0
1747650527255 0.0 0
1747650527267 inf 0
1747650527276 0.0 0
1747650527287 inf 0
1747650527306 inf 0
1747650527317 0.0 0
1747650527328 inf 0
1747650527339 0.0 0
1747650527352 inf 0
1747650527364 0.0 0
1747650527383 0.0 0
1747650527398 inf 0
1747650527414 0.0 0
1747650527426 0.0 0
1747650527437 0.0 0
1747650527448 inf 0
1747650527460 0.0 0
1747650527471 0.0 0
1747650527481 0.0 0
1747650527493 0.0 0
1747650527505 0.0 0
1747650527515 inf 0
1747650527526 0.0 0
1747650527538 0.0 0
1747650527547 0.0 0
1747650527557 0.0 0
1747650527569 0.0 0
1747650527581 inf 0
1747650527594 0.0 0
1747650527606 inf 0
1747650527617 inf 0
1747650527635 0.0 0
1747650527652 0.0 0
1747650527664 inf 0
1747650527681 0.0 0
1747650527696 0.0 0
1747650527704 0.0 0
1747650527717 inf 0
1747650527730 0.0 0
1747650527742 0.0 0
1747650527755 inf 0
1747650527797 0.0 0
1747650527834 0.0 0
1747650527852 inf 0
1747650527871 inf 0
1747650527896 0.0 0
1747650527908 inf 0
1747650527923 0.0 0
1747650527935 inf 0
1747650527951 0.0 0
1747650527961 0.0 0
1747650527991 0.0 0
1747650528001 0.0 0
1747650528017 inf 0
1747650528030 inf 0
1747650528055 0.0 0
1747650528067 0.0 0
1747650528082 inf 0
1747650528099 inf 0
1747650528114 inf 0
1747650528124 inf 0
1747650528136 0.0 0
1747650528150 inf 0
1747650528165 inf 0
1747650528179 inf 0
1747650528191 inf 0
1747650528200 inf 0
1747650528212 0.0 0
1747650528224 inf 0
1747650528233 0.0 0
1747650528245 inf 0
1747650528253 inf 0
1747650528271 0.0 0
1747650528283 0.0 0
1747650528299 inf 0
1747650528306 0.0 0
1747650528314 0.0 0
1747650528325 0.0 0
1747650528335 inf 0
1747650528350 0.0 0
1747650528365 0.0 0
1747650528383 0.0 0
1747650528395 0.0 0
1747650528408 inf 0
1747650528440 inf 0
1747650528458 inf 0
1747650528469 0.0 0
1747650528480 inf 0
1747650528492 0.0 0
1747650528502 0.0 0
1747650528514 0.0 0
1747650528525 inf 0
1747650528537 0.0 0
1747650528547 0.0 0
1747650528556 inf 0
1747650528568 0.0 0
1747650528580 0.0 0
1747650528598 0.0 0
1747650528608 0.0 0
1747650528637 inf 0
1747650528646 inf 0
1747650528667 inf 0
1747650528679 inf 0
1747650528690 inf 0
1747650528702 inf 0
1747650528723 0.0 0
1747650528743 0.0 0
1747650528754 0.0 0
1747650528769 0.0 0
1747650528787 0.0 0
1747650528800 inf 0
1747650528817 0.0 0
1747650528832 inf 0
1747650528852 inf 0
1747650528864 0.0 0
1747650528876 inf 0
1747650528895 inf 0
1747650528909 0.0 0
1747650528922 inf 0
1747650528935 inf 0
1747650528950 inf 0
1747650528963 0.0 0
1747650528982 inf 0
1747650529010 inf 0
1747650529024 inf 0
1747650529039 inf 0
1747650529054 0.0 0
1747650529076 0.0 0
1747650529090 inf 0
1747650529104 inf 0
1747650529125 0.0 0
1747650529136 0.0 0
1747650529161 inf 0
1747650529177 0.0 0
1747650529217 inf 0
1747650529250 0.0 0
1747650529265 inf 0
1747650529278 0.0 0
1747650529298 0.0 0
1747650529317 0.0 0
1747650529334 inf 0
1747650529356 inf 0
1747650529379 0.0 0
1747650529406 0.0 0
1747650529429 0.0 0
1747650529444 0.0 0
1747650529464 0.0 0
1747650529487 0.0 0
1747650529503 0.0 0
1747650529517 inf 0
1747650529531 0.0 0
1747650529552 0.0 0
1747650529577 0.0 0
1747650529595 0.0 0
1747650529616 0.0 0
1747650529639 0.0 0
1747650529682 0.0 0
1747650529695 0.0 0
1747650529709 0.0 0
1747650529721 inf 0
1747650529738 0.0 0
1747650529768 0.0 0
1747650529790 inf 0
1747650529803 0.0 0
1747650529825 0.0 0
1747650529839 inf 0
1747650529848 inf 0
1747650529861 0.0 0
1747650529874 0.0 0
1747650529888 inf 0
1747650529899 inf 0
1747650529911 0.0 0
1747650529932 inf 0
1747650529955 0.0 0
1747650529966 inf 0
1747650529978 0.0 0
1747650529992 0.0 0
1747650530002 0.0 0
1747650530015 inf 0
1747650530032 0.0 0
1747650530057 inf 0
1747650530068 0.0 0
1747650530080 inf 0
1747650530091 inf 0
1747650530102 0.0 0
1747650530113 inf 0
1747650530124 0.0 0
1747650530135 inf 0
1747650530147 inf 0
1747650530166 inf 0
1747650530186 0.0 0
1747650530197 0.0 0
1747650530208 0.0 0
1747650530241 0.0 0
1747650530255 0.0 0
1747650530268 inf 0
1747650530280 inf 0
1747650530289 inf 0
1747650530299 inf 0
1747650530315 inf 0
1747650530324 inf 0
1747650530357 inf 0
1747650530369 inf 0
1747650530377 0.0 0
1747650530388 0.0 0
1747650530399 inf 0
1747650530416 0.0 0
1747650530434 inf 0
1747650530445 inf 0
1747650530458 0.0 0
1747650530470 inf 0
1747650530484 inf 0
1747650530493 0.0 0
1747650530503 0.0 0
1747650530514 inf 0
1747650530524 inf 0
1747650530535 0.0 0
1747650530549 0.0 0
1747650530560 0.0 0
1747650530572 0.0 0
1747650530584 0.0 0
1747650530592 0.0 0
1747650530604 inf 0
1747650530616 0.0 0
1747650530633 inf 0
1747650530666 inf 0
1747650530675 0.0 0
1747650530685 0.0 0
1747650530699 0.0 0
1747650530717 inf 0
1747650530728 inf 0
1747650530740 0.0 0
1747650530748 inf 0
1747650530755 inf 0
1747650530773 0.0 0
1747650530782 0.0 0
1747650530792 0.0 0
1747650530805 inf 0
1747650530817 0.0 0
1747650530826 0.0 0
1747650530844 inf 0
1747650530856 0.0 0
1747650530869 0.0 0
1747650530884 0.0 0
1747650530893 0.0 0
1747650530905 0.0 0
1747650530916 0.0 0
1747650530931 inf 0
1747650530946 0.0 0
1747650530956 inf 0
1747650530978 0.0 0
1747650531000 0.0 0
1747650531015 inf 0
1747650531027 inf 0
1747650531041 inf 0
1747650531057 inf 0
1747650531075 inf 0
1747650531112 0.0 0
1747650531124 0.0 0
1747650531148 0.0 0
1747650531167 inf 0
1747650531185 0.0 0
1747650531201 0.0 0
1747650531215 inf 0
1747650531231 0.0 0
1747650531249 inf 0
1747650531265 0.0 0
1747650531287 inf 0
1747650531307 0.0 0
1747650531327 inf 0
1747650531342 inf 0
1747650531356 inf 0
1747650531369 inf 0
1747650531383 0.0 0
1747650531396 0.0 0
1747650531410 inf 0
1747650531423 inf 0
1747650531441 inf 0
1747650531456 inf 0
1747650531495 inf 0
1747650531506 0.0 0
1747650531536 0.0 0
1747650531559 inf 0
1747650531572 inf 0
1747650531585 inf 0
1747650531597 0.0 0
1747650531615 0.0 0
1747650531643 0.0 0
1747650531652 0.0 0
1747650531667 inf 0
1747650531684 0.0 0
1747650531697 0.0 0
1747650531715 0.0 0
1747650531727 inf 0
1747650531739 0.0 0
1747650531751 inf 0
1747650531763 0.0 0
1747650531782 inf 0
1747650531794 0.0 0
1747650531806 0.0 0
1747650531823 inf 0
1747650531857 0.0 0
1747650531869 inf 0
1747650531891 0.0 0
1747650531904 inf 0
1747650531916 inf 0
1747650531928 0.0 0
1747650531939 0.0 0
1747650531951 inf 0
1747650531962 inf 0
1747650531978 inf 0
1747650531998 inf 0
1747650532009 0.0 0
1747650532024 0.0 0
1747650532034 0.0 0
1747650532041 0.0 0
1747650532072 0.0 0
1747650532084 inf 0
1747650532107 inf 0
1747650532119 0.0 0
1747650532147 inf 0
1747650532166 0.0 0
1747650532178 inf 0
1747650532192 0.0 0
1747650532201 inf 0
1747650532222 0.0 0
1747650532238 inf 0
1747650532250 inf 0
1747650532261 0.0 0
1747650532276 inf 0
1747650532287 inf 0
1747650532341 0.0 0
1747650532350 0.0 0
1747650532360 0.0 0
1747650532370 inf 0
1747650532388 0.0 0
1747650532398 inf 0
1747650532410 inf 0
1747650532422 0.0 0
1747650532444 0.0 0
1747650532454 inf 0
1747650532473 inf 0
1747650532501 inf 0
1747650532514 0.0 0
1747650532531 inf 0
1747650532550 inf 0
1747650532561 inf 0
1747650532578 inf 0
1747650532589 inf 0
1747650532603 inf 0
1747650532613 0.0 0
1747650532621 0.0 0
1747650532630 inf 0
1747650532638 0.0 0
1747650532649 0.0 0
1747650532660 0.0 0
1747650532668 0.0 0
1747650532676 inf 0
1747650532688 0.0 0
1747650532700 inf 0
1747650532712 0.0 0
1747650532724 inf 0
1747650532732 inf 0
1747650532740 inf 0
1747650532751 0.0 0
1747650532763 inf 0
1747650532781 inf 0
1747650532794 inf 0
1747650532813 0.0 0
1747650532823 0.0 0
1747650532830 inf 0
1747650532840 0.0 0
1747650532855 0.0 0
1747650532866 0.0 0
1747650532874 0.0 0
1747650532882 0.0 0
1747650532911 0.0 0
1747650532924 inf 0
1747650532939 0.0 0
1747650532955 inf 0
1747650532967 inf 0
1747650532989 inf 0
1747650533001 0.0 0
1747650533013 0.0 0
1747650533023 inf 0
1747650533033 inf 0
1747650533043 inf 0
1747650533060 inf 0
1747650533071 0.0 0
1747650533082 inf 0
1747650533094 inf 0
1747650533109 0.0 0
1747650533136 0.0 0
1747650533145 0.0 0
1747650533155 0.0 0
1747650533173 0.0 0
1747650533185 inf 0
1747650533218 inf 0
1747650533238 inf 0
1747650533251 inf 0
1747650533262 0.0 0
1747650533289 0.0 0
1747650533301 0.0 0
1747650533320 inf 0
1747650533342 0.0 0
1747650533353 0.0 0
1747650533362 0.0 0
1747650533372 0.0 0
1747650533387 0.0 0
1747650533401 0.0 0
1747650533418 inf 0
1747650533429 0.0 0
1747650533440 0.0 0
1747650533462 inf 0
1747650533477 0.0 0
1747650533488 inf 0
1747650533505 0.0 0
1747650533543 0.0 0
1747650533558 0.0 0
1747650533575 0.0 0
1747650533599 inf 0
1747650533613 inf 0
1747650533627 0.0 0
1747650533637 inf 0
1747650533651 inf 0
1747650533668 0.0 0
1747650533682 0.0 0
1747650533695 0.0 0
1747650533716 inf 0
1747650533734 0.0 0
1747650533753 inf 0
1747650533766 0.0 0
1747650533778 inf 0
1747650533786 0.0 0
1747650533804 inf 0
1747650533823 inf 0
1747650533837 inf 0
1747650533852 inf 0
1747650533872 0.0 0
1747650533881 inf 0
1747650533891 inf 0
1747650533902 inf 0
1747650533915 0.0 0
1747650533938 inf 0
1747650533951 0.0 0
1747650533968 inf 0
1747650533985 inf 0
1747650534010 inf 0
1747650534022 inf 0
1747650534031 inf 0
1747650534039 inf 0
1747650534058 0.0 0
1747650534069 0.0 0
1747650534084 0.0 0
1747650534095 0.0 0
1747650534106 0.0 0
1747650534125 0.0 0
1747650534136 inf 0
1747650534149 inf 0
1747650534158 inf 0
1747650534170 0.0 0
1747650534186 inf 0
1747650534197 inf 0
1747650534212 0.0 0
1747650534223 0.0 0
1747650534232 0.0 0
1747650534248 inf 0
1747650534258 inf 0
1747650534270 0.0 0
1747650534285 inf 0
1747650534297 0.0 0
1747650534317 inf 0
1747650534332 0.0 0
1747650534375 0.0 0
1747650534387 inf 0
1747650534402 0.0 0
1747650534419 inf 0
1747650534435 inf 0
1747650534444 inf 0
1747650534455 0.0 0
1747650534473 0.0 0
1747650534503 0.0 0
1747650534520 0.0 0
1747650534551 inf 0
1747650534570 0.0 0
1747650534579 inf 0
1747650534602 inf 0
1747650534613 inf 0
1747650534624 inf 0
1747650534640 inf 0
1747650534656 inf 0
1747650534672 inf 0
1747650534684 0.0 0
1747650534703 inf 0
1747650534725 0.0 0
1747650534736 inf 0
1747650534753 inf 0
1747650534783 0.0 0
1747650534794 inf 0
1747650534806 inf 0
1747650534817 inf 0
1747650534829 0.0 0
1747650534844 0.0 0
1747650534854 0.0 0
1747650534865 0.0 0
1747650534882 inf 0
1747650534904 0.0 0
1747650534915 inf 0
1747650534926 0.0 0
1747650534939 0.0 0
1747650534957 inf 0
1747650534966 0.0 0
1747650534983 inf 0
1747650534995 0.0 0
1747650535007 0.0 0
1747650535015 0.0 0
1747650535025 0.0 0
1747650535034 inf 0
1747650535046 0.0 0
1747650535057 inf 0
1747650535070 inf 0
1747650535079 0.0 0
1747650535098 0.0 0
1747650535110 0.0 0
1747650535121 inf 0
1747650535135 inf 0
1747650535145 0.0 0
1747650535157 inf 0
1747650535184 0.0 0
1747650535197 inf 0
1747650535210 0.0 0
1747650535224 0.0 0
1747650535236 0.0 0
1747650535266 inf 0
1747650535277 inf 0
1747650535289 0.0 0
1747650535301 0.0 0
1747650535315 inf 0
1747650535326 inf 0
1747650535340 0.0 0
1747650535353 inf 0
1747650535364 inf 0
1747650535383 inf 0
1747650535392 inf 0
1747650535405 0.0 0
1747650535413 0.0 0
1747650535425 inf 0
1747650535438 inf 0
1747650535448 inf 0
1747650535456 0.0 0
1747650535472 inf 0
1747650535483 inf 0
1747650535501 inf 0
1747650535515 0.0 0
1747650535523 0.0 0
1747650535537 0.0 0
1747650535577 0.0 0
1747650535597 0.0 0
1747650535609 0.0 0
1747650535618 0.0 0
1747650535636 inf 0
1747650535653 inf 0
1747650535676 inf 0
1747650535691 0.0 0
1747650535702 inf 0
1747650535710 0.0 0
1747650535723 inf 0
1747650535734 inf 0
1747650535751 0.0 0
1747650535763 0.0 0
1747650535782 inf 0
1747650535795 inf 0
1747650535807 0.0 0
1747650535816 inf 0
1747650535825 0.0 0
1747650535839 0.0 0
1747650535851 inf 0
1747650535867 inf 0
1747650535879 0.0 0
1747650535890 0.0 0
1747650535903 0.0 0
1747650535914 inf 0
1747650535926 0.0 0
1747650535938 0.0 0
1747650535955 0.0 0
1747650535978 inf 0
1747650536007 0.0 0
1747650536017 0.0 0
1747650536025 inf 0
1747650536037 inf 0
1747650536046 inf 0
1747650536056 0.0 0
1747650536065 inf 0
1747650536072 0.0 0
1747650536094 inf 0
1747650536110 inf 0
1747650536125 inf 0
1747650536141 inf 0
1747650536148 0.0 0
1747650536164 0.0 0
1747650536177 0.0 0
1747650536208 0.0 0
1747650536219 inf 0
1747650536231 inf 0
1747650536250 0.0 0
1747650536261 0.0 0
1747650536299 inf 0
1747650536351 0.0 0
1747650536364 inf 0
1747650536373 inf 0
1747650536392 inf 0
1747650536425 0.0 0
1747650536438 inf 0
1747650536448 0.0 0
1747650536462 inf 0
1747650536480 0.0 0
1747650536491 0.0 0
1747650536499 0.0 0
1747650536510 inf 0
1747650536518 0.0 0
1747650536527 0.0 0
1747650536538 0.0 0
1747650536548 0.0 0
1747650536559 0.0 0
1747650536571 0.0 0
1747650536588 0.0 0
1747650536600 inf 0
1747650536612 inf 0
1747650536640 inf 0
1747650536648 inf 0
1747650536665 inf 0
1747650536677 0.0 0
1747650536687 0.0 0
1747650536702 0.0 0
1747650536715 0.0 0
1747650536734 0.0 0
1747650536747 0.0 0
1747650536761 0.0 0
1747650536784 0.0 0
1747650536803 0.0 0
1747650536824 inf 0
1747650536837 inf 0
1747650536846 0.0 0
1747650536859 inf 0
1747650536875 inf 0
1747650536882 inf 0
1747650536894 0.0 0
1747650536901 0.0 0
1747650536913 inf 0
1747650536921 inf 0
1747650536938 inf 0
1747650536986 0.0 0
1747650537005 0.0 0
1747650537033 inf 0
1747650537044 0.0 0
1747650537066 inf 0
1747650537078 0.0 0
1747650537088 inf 0
1747650537099 0.0 0
1747650537109 inf 0
1747650537122 inf 0
1747650537131 0.0 0
1747650537147 0.0 0
1747650537159 0.0 0
1747650537172 inf 0
1747650537187 inf 0
1747650537199 inf 0
1747650537212 inf 0
1747650537229 0.0 0
1747650537242 0.0 0
1747650537254 0.0 0
1747650537267 inf 0
1747650537278 0.0 0
1747650537289 inf 0
1747650537302 inf 0
1747650537313 inf 0
1747650537321 inf 0
1747650537330 inf 0
1747650537338 inf 0
1747650537364 0.0 0
1747650537387 inf 0
1747650537403 inf 0
1747650537415 0.0 0
1747650537428 0.0 0
1747650537448 0.0 0
1747650537463 inf 0
1747650537475 0.0 0
1747650537487 inf 0
1747650537499 0.0 0
1747650537514 0.0 0
1747650537526 0.0 0
1747650537541 inf 0
1747650537557 0.0 0
1747650537568 0.0 0
1747650537580 inf 0
1747650537591 inf 0
1747650537602 inf 0
1747650537620 0.0 0
1747650537638 0.0 0
1747650537651 0.0 0
1747650537663 inf 0
1747650537681 inf 0
1747650537693 inf 0
1747650537709 inf 0
1747650537730 inf 0
1747650537741 0.0 0
1747650537752 inf 0
1747650537764 0.0 0
1747650537775 0.0 0
1747650537787 inf 0
1747650537808 0.0 0
1747650537821 inf 0
1747650537839 inf 0
1747650537868 inf 0
1747650537881 inf 0
1747650537892 inf 0
1747650537912 inf 0
1747650537921 inf 0
1747650537928 inf 0
1747650537939 0.0 0
1747650537956 inf 0
1747650537967 0.0 0
1747650537978 inf 0
1747650537991 0.0 0
1747650538006 inf 0
1747650538015 inf 0
1747650538026 0.0 0
1747650538044 inf 0
1747650538070 0.0 0
1747650538081 inf 0
1747650538088 inf 0
1747650538109 inf 0
1747650538123 inf 0
1747650538132 0.0 0
1747650538149 inf 0
1747650538160 0.0 0
1747650538168 inf 0
1747650538179 0.0 0
1747650538192 inf 0
1747650538204 0.0 0
1747650538216 0.0 0
1747650538230 inf 0
1747650538252 0.0 0
1747650538280 inf 0
1747650538303 0.0 0
1747650538320 inf 0
1747650538331 inf 0
1747650538356 inf 0
1747650538382 inf 0
1747650538392 inf 0
1747650538404 0.0 0
1747650538419 inf 0
1747650538430 inf 0
1747650538440 inf 0
1747650538453 inf 0
1747650538487 0.0 0
1747650538506 0.0 0
1747650538522 inf 0
1747650538549 0.0 0
1747650538562 inf 0
1747650538583 inf 0
1747650538594 inf 0
1747650538619 inf 0
1747650538632 inf 0
1747650538646 0.0 0
1747650538685 inf 0
1747650538699 inf 0
1747650538717 inf 0
1747650538734 inf 0
1747650538745 0.0 0
1747650538765 0.0 0
1747650538782 inf 0
1747650538794 inf 0
1747650538806 0.0 0
1747650538819 inf 0
1747650538832 inf 0
1747650538850 0.0 0
1747650538868 0.0 0
1747650538884 inf 0
1747650538905 0.0 0
1747650538914 inf 0
1747650538932 0.0 0
1747650538951 inf 0
1747650538962 inf 0
1747650538980 inf 0
1747650538991 0.0 0
1747650539002 0.0 0
1747650539013 0.0 0
1747650539028 0.0 0
1747650539041 inf 0
1747650539055 0.0 0
1747650539067 0.0 0
1747650539080 0.0 0
1747650539092 0.0 0
1747650539108 0.0 0
1747650539134 0.0 0
1747650539150 inf 0
1747650539160 0.0 0
1747650539176 0.0 0
1747650539196 0.0 0
1747650539208 inf 0
1747650539224 inf 0
1747650539238 0.0 0
1747650539256 0.0 0
1747650539289 0.0 0
1747650539300 inf 0
1747650539309 0.0 0
1747650539323 0.0 0
1747650539333 inf 0
1747650539341 inf 0
1747650539366 inf 0
1747650539384 0.0 0
1747650539396 0.0 0
1747650539411 0.0 0
1747650539422 0.0 0
1747650539430 0.0 0
1747650539456 0.0 0
1747650539479 inf 0
1747650539494 inf 0
1747650539508 0.0 0
1747650539523 0.0 0
1747650539536 0.0 0
1747650539553 0.0 0
1747650539567 0.0 0
1747650539588 0.0 0
1747650539610 0.0 0
1747650539627 inf 0
1747650539646 0.0 0
1747650539665 0.0 0
1747650539682 inf 0
1747650539694 inf 0
1747650539703 inf 0
1747650539715 0.0 0
1747650539733 inf 0
1747650539741 0.0 0
1747650539754 inf 0
1747650539770 inf 0
1747650539779 0.0 0
1747650539793 inf 0
1747650539816 0.0 0
1747650539843 inf 0
1747650539869 0.0 0
1747650539882 inf 0
1747650539901 0.0 0
1747650539920 0.0 0
1747650539932 inf 0
1747650539943 inf 0
1747650539951 0.0 0
1747650539962 inf 0
1747650539972 inf 0
1747650539983 inf 0
1747650539992 0.0 0
1747650540001 inf 0
1747650540016 0.0 0
1747650540044 0.0 0
1747650540056 inf 0
1747650540098 0.0 0
1747650540110 0.0 0
1747650540120 0.0 0
1747650540137 inf 0
1747650540152 inf 0
1747650540163 inf 0
1747650540175 0.0 0
1747650540187 inf 0
1747650540201 0.0 0
1747650540212 0.0 0
1747650540222 0.0 0
1747650540239 inf 0
1747650540251 inf 0
1747650540270 0.0 0
1747650540285 0.0 0
1747650540298 0.0 0
1747650540310 inf 0
1747650540323 0.0 0
1747650540356 0.0 0
1747650540373 0.0 0
1747650540382 0.0 0
1747650540393 0.0 0
1747650540408 inf 0
1747650540415 0.0 0
1747650540426 inf 0
1747650540440 inf 0
1747650540451 0.0 0
1747650540459 0.0 0
1747650540471 inf 0
1747650540483 inf 0
1747650540495 inf 0
1747650540518 inf 0
1747650540531 inf 0
1747650540543 inf 0
1747650540552 0.0 0
1747650540560 0.0 0
1747650540568 inf 0
1747650541553 0.0 0
1747650541564 0.0 0
1747650541618 0.0 0
1747650541639 0.0 0
1747650541656 inf 0
1747650541680 inf 0
1747650541696 0.0 0
1747650541713 0.0 0
1747650541724 0.0 0
1747650541768 inf 0
1747650541797 inf 0
1747650541809 0.0 0
1747650541843 0.0 0
1747650541861 0.0 0
1747650541877 0.0 0
1747650541889 0.0 0
1747650541908 0.0 0
1747650541938 0.0 0
1747650541957 0.0 0
1747650541968 0.0 0
1747650542054 0.0 0
1747650542088 inf 0
1747650542102 0.0 0
1747650542117 inf 0
1747650542127 0.0 0
1747650542195 0.0 0
1747650542216 0.0 0
1747650542242 0.0 0
1747650542261 inf 0
1747650542274 0.0 0
1747650542289 inf 0
1747650542319 inf 0
1747650542345 inf 0
1747650542364 0.0 0
1747650542377 0.0 0
1747650542406 0.0 0
1747650542419 0.0 0
1747650542438 inf 0
1747650542469 0.0 0
1747650542488 inf 0
1747650542511 inf 0
1747650542523 0.0 0
1747650542534 inf 0
1747650542544 0.0 0
1747650542558 inf 0
1747650542587 0.0 0
1747650542618 0.0 0
1747650542636 inf 0
1747650542646 0.0 0
1747650542659 0.0 0
1747650542678 0.0 0
1747650542698 0.0 0
1747650542710 inf 0
1747650542718 0.0 0
1747650542746 0.0 0
1747650542769 0.0 0
1747650542782 inf 0
1747650542806 0.0 0
1747650542825 inf 0
1747650542844 inf 0
1747650542863 inf 0
1747650542878 inf 0
1747650542893 0.0 0
1747650542907 inf 0
1747650542935 0.0 0
1747650542953 0.0 0
1747650542965 0.0 0
1747650542982 0.0 0
1747650542995 0.0 0
1747650543007 inf 0
1747650543019 0.0 0
1747650543047 inf 0
1747650543071 0.0 0
1747650543083 0.0 0
1747650543108 inf 0
1747650543135 0.0 0
1747650543153 inf 0
1747650543161 inf 0
1747650543172 0.0 0
1747650543183 inf 0
1747650543194 0.0 0
1747650543247 inf 0
1747650543282 inf 0
1747650543295 inf 0
1747650543307 inf 0
1747650543317 inf 0
1747650543326 inf 0
1747650543337 0.0 0
1747650543347 inf 0
1747650543359 inf 0
1747650543384 inf 0
1747650543401 inf 0
1747650543447 0.0 0
1747650543471 0.0 0
1747650543483 inf 0
1747650543502 inf 0
1747650543514 inf 0
1747650543529 0.0 0
1747650543546 inf 0
1747650543566 inf 0
1747650543578 inf 0
1747650543589 0.0 0
1747650543617 inf 0
1747650543631 0.0 0
1747650543649 inf 0
1747650543664 0.0 0
1747650543673 inf 0
1747650543681 0.0 0
1747650543693 0.0 0
1747650543728 0.0 0
1747650543751 inf 0
1747650543790 0.0 0
1747650543809 0.0 0
1747650543822 0.0 0
1747650543853 inf 0
1747650543866 inf 0
1747650543880 0.0 0
1747650543902 0.0 0
1747650543920 inf 0
1747650543931 inf 0
1747650543951 inf 0
1747650543959 0.0 0
1747650543967 inf 0
1747650543983 0.0 0
1747650544007 0.0 0
1747650544018 inf 0
1747650544031 0.0 0
1747650544064 inf 0
1747650544098 inf 0
1747650544116 inf 0
1747650544129 0.0 0
1747650544145 inf 0
1747650544160 0.0 0
1747650544187 inf 0
1747650544200 inf 0
1747650544209 0.0 0
1747650544268 inf 0
1747650544280 0.0 0
1747650544303 inf 0
1747650544332 0.0 0
1747650544352 inf 0
1747650544366 inf 0
1747650544381 0.0 0
1747650544412 inf 0
1747650544429 0.0 0
1747650544449 inf 0
1747650544462 inf 0
1747650544474 0.0 0
1747650544513 0.0 0
1747650544564 inf 0
1747650544585 inf 0
1747650544593 0.0 0
1747650544604 0.0 0
1747650544621 inf 0
1747650544641 inf 0
1747650544656 0.0 0
1747650544668 inf 0
1747650544684 inf 0
1747650544705 0.0 0
1747650544723 0.0 0
1747650544739 0.0 0
1747650544750 0.0 0
1747650544768 inf 0
1747650544788 0.0 0
1747650544801 0.0 0
1747650544813 0.0 0
1747650544825 0.0 0
1747650544834 0.0 0
1747650544862 0.0 0
1747650544889 inf 0
1747650544899 inf 0
1747650544927 0.0 0
1747650544942 0.0 0
1747650544950 inf 0
1747650544961 0.0 0
1747650544972 inf 0
1747650544987 0.0 0
1747650545016 inf 0
1747650545028 inf 0
1747650545039 inf 0
1747650545052 inf 0
1747650545071 0.0 0
1747650545084 inf 0
1747650545115 inf 0
1747650545132 inf 0
1747650545149 inf 0
1747650545160 0.0 0
1747650545179 0.0 0
1747650545197 0.0 0
1747650545210 inf 0
1747650545227 0.0 0
1747650545241 inf 0
1747650545263 inf 0
1747650545288 0.0 0
1747650545302 inf 0
1747650545339 0.0 0
1747650545348 inf 0
1747650545365 0.0 0
1747650545377 inf 0
1747650545392 inf 0
1747650545403 0.0 0
1747650545426 inf 0
1747650545437 0.0 0
1747650545455 inf 0
1747650545467 inf 0
1747650545478 0.0 0
1747650545503 inf 0
1747650545515 inf 0
1747650545535 0.0 0
1747650545555 inf 0
1747650545578 inf 0
1747650545592 0.0 0
1747650545601 0.0 0
1747650545628 inf 0
1747650545640 inf 0
1747650545651 0.0 0
1747650545665 inf 0
1747650545678 inf 0
1747650545702 inf 0
1747650545711 inf 0
1747650545743 inf 0
1747650545755 inf 0
1747650545767 0.0 0
1747650545798 0.0 0
1747650545815 inf 0
1747650545832 inf 0
1747650545842 inf 0
1747650545873 inf 0
1747650545902 0.0 0
1747650545915 0.0 0
1747650545925 0.0 0
1747650545937 inf 0
1747650545954 inf 0
1747650545963 0.0 0
1747650545985 0.0 0
1747650546007 0.0 0
1747650546029 0.0 0
1747650546053 inf 0
1747650546068 inf 0
1747650546108 inf 0
1747650546136 0.0 0
1747650546153 0.0 0
1747650546180 inf 0
1747650546207 inf 0
1747650546223 0.0 0
1747650546234 inf 0
1747650546248 0.0 0
1747650546265 inf 0
1747650546273 0.0 0
1747650546285 inf 0
1747650546298 inf 0
1747650546314 0.0 0
1747650546354 0.0 0
1747650546364 0.0 0
1747650546375 inf 0
1747650546409 inf 0
1747650546421 inf 0
1747650546441 0.0 0
1747650546455 0.0 0
1747650546475 inf 0
1747650546501 0.0 0
1747650546516 inf 0
1747650546538 0.0 0
1747650546564 0.0 0
1747650546576 0.0 0
