1747650505377 -0.15259907087541488 0
1747650505413 nan 0
1747650505427 nan 0
1747650505434 nan 0
1747650505444 nan 0
1747650505456 nan 0
1747650505468 nan 0
1747650505479 nan 0
1747650505501 nan 0
1747650505512 nan 0
1747650505528 nan 0
1747650505538 nan 0
1747650505550 nan 0
1747650505562 nan 0
1747650505572 nan 0
1747650505588 nan 0
1747650505599 nan 0
1747650505612 nan 0
1747650505642 nan 0
1747650505658 nan 0
1747650505670 nan 0
1747650505681 nan 0
1747650505697 nan 0
1747650505708 nan 0
1747650505715 nan 0
1747650505726 nan 0
1747650505740 nan 0
1747650505751 nan 0
1747650505767 nan 0
1747650505778 nan 0
1747650505788 nan 0
1747650505798 nan 0
1747650505810 nan 0
1747650505821 nan 0
1747650505835 nan 0
1747650505843 nan 0
1747650505854 nan 0
1747650505864 nan 0
1747650505875 nan 0
1747650505889 nan 0
1747650505903 nan 0
1747650505914 nan 0
1747650505926 nan 0
1747650505947 nan 0
1747650505965 nan 0
1747650505981 nan 0
1747650505993 nan 0
1747650506004 nan 0
1747650506022 nan 0
1747650506033 nan 0
1747650506044 nan 0
1747650506062 nan 0
1747650506072 nan 0
1747650506083 nan 0
1747650506090 nan 0
1747650506101 nan 0
1747650506113 nan 0
1747650506124 nan 0
1747650506135 nan 0
1747650506147 nan 0
1747650506161 nan 0
1747650506178 nan 0
1747650506190 nan 0
1747650506215 nan 0
1747650506225 nan 0
1747650506237 nan 0
1747650506248 nan 0
1747650506256 nan 0
1747650506265 nan 0
1747650506277 nan 0
1747650506286 nan 0
1747650506297 nan 0
1747650506307 nan 0
1747650506318 nan 0
1747650506332 nan 0
1747650506340 nan 0
1747650506349 nan 0
1747650506360 nan 0
1747650506385 nan 0
1747650506400 nan 0
1747650506419 nan 0
1747650506430 nan 0
1747650506442 nan 0
1747650506453 nan 0
1747650506476 nan 0
1747650506490 nan 0
1747650506508 nan 0
1747650506523 nan 0
1747650506534 nan 0
1747650506547 nan 0
1747650506561 nan 0
1747650506572 nan 0
1747650506583 nan 0
1747650506593 nan 0
1747650506607 nan 0
1747650506618 nan 0
1747650506636 nan 0
1747650506646 nan 0
1747650506653 nan 0
1747650506666 nan 0
1747650506683 nan 0
1747650506695 nan 0
1747650506711 nan 0
1747650506728 nan 0
1747650506744 nan 0
1747650506752 nan 0
1747650506763 nan 0
1747650506775 nan 0
1747650506782 nan 0
1747650506807 nan 0
1747650506819 nan 0
1747650506841 nan 0
1747650506850 nan 0
1747650506858 nan 0
1747650506869 nan 0
1747650506883 nan 0
1747650506897 nan 0
1747650506915 nan 0
1747650506926 nan 0
1747650506937 nan 0
1747650506944 nan 0
1747650506956 nan 0
1747650506967 nan 0
1747650506977 nan 0
1747650506985 nan 0
1747650507001 nan 0
1747650507009 nan 0
1747650507020 nan 0
1747650507032 nan 0
1747650507043 nan 0
1747650507054 nan 0
1747650507066 nan 0
1747650507090 nan 0
1747650507109 nan 0
1747650507123 nan 0
1747650507135 nan 0
1747650507142 nan 0
1747650507153 nan 0
1747650507164 nan 0
1747650507191 nan 0
1747650507202 nan 0
1747650507214 nan 0
1747650507225 nan 0
1747650507238 nan 0
1747650507250 nan 0
1747650507259 nan 0
1747650507273 nan 0
1747650507285 nan 0
1747650507296 nan 0
1747650507303 nan 0
1747650507315 nan 0
1747650507326 nan 0
1747650507334 nan 0
1747650507345 nan 0
1747650507358 nan 0
1747650507368 nan 0
1747650507377 nan 0
1747650507386 nan 0
1747650507399 nan 0
1747650507416 nan 0
1747650507427 nan 0
1747650507439 nan 0
1747650507456 nan 0
1747650507465 nan 0
1747650507474 nan 0
1747650507483 nan 0
1747650507499 nan 0
1747650507510 nan 0
1747650507519 nan 0
1747650507533 nan 0
1747650507544 nan 0
1747650507555 nan 0
1747650507568 nan 0
1747650507580 nan 0
1747650507591 nan 0
1747650507598 nan 0
1747650507607 nan 0
1747650507618 nan 0
1747650507641 nan 0
1747650507653 nan 0
1747650507664 nan 0
1747650507684 nan 0
1747650507696 nan 0
1747650507708 nan 0
1747650507719 nan 0
1747650507727 nan 0
1747650507736 nan 0
1747650507747 nan 0
1747650507756 nan 0
1747650507766 nan 0
1747650507777 nan 0
1747650507788 nan 0
1747650507804 nan 0
1747650507812 nan 0
1747650507821 nan 0
1747650507837 nan 0
1747650507848 nan 0
1747650507858 nan 0
1747650507870 nan 0
1747650507882 nan 0
1747650507891 nan 0
1747650507902 nan 0
1747650507917 nan 0
1747650507933 nan 0
1747650507944 nan 0
1747650507968 nan 0
1747650507978 nan 0
1747650507989 nan 0
1747650507998 nan 0
1747650508010 nan 0
1747650508021 nan 0
1747650508031 nan 0
1747650508044 nan 0
1747650508056 nan 0
1747650508067 nan 0
1747650508078 nan 0
1747650508086 nan 0
1747650508093 nan 0
1747650508107 nan 0
1747650508120 nan 0
1747650508131 nan 0
1747650508143 nan 0
1747650508154 nan 0
1747650508165 nan 0
1747650508174 nan 0
1747650508190 nan 0
1747650508206 nan 0
1747650508217 nan 0
1747650508224 nan 0
1747650508236 nan 0
1747650508247 nan 0
1747650508260 nan 0
1747650508273 nan 0
1747650508286 nan 0
1747650508298 nan 0
1747650508309 nan 0
1747650508319 nan 0
1747650508331 nan 0
1747650508342 nan 0
1747650508358 nan 0
1747650508372 nan 0
1747650508385 nan 0
1747650508396 nan 0
1747650508407 nan 0
1747650508418 nan 0
1747650508430 nan 0
1747650508444 nan 0
1747650508456 nan 0
1747650508481 nan 0
1747650508493 nan 0
1747650508504 nan 0
1747650508532 nan 0
1747650508544 nan 0
1747650508563 nan 0
1747650508575 nan 0
1747650508582 nan 0
1747650508591 nan 0
1747650508600 nan 0
1747650508612 nan 0
1747650508623 nan 0
1747650508632 nan 0
1747650508640 nan 0
1747650508649 nan 0
1747650508663 nan 0
1747650508675 nan 0
1747650508691 nan 0
1747650508699 nan 0
1747650508710 nan 0
1747650508732 nan 0
1747650508743 nan 0
1747650508760 nan 0
1747650508775 nan 0
1747650508783 nan 0
1747650508793 nan 0
1747650508809 nan 0
1747650508816 nan 0
1747650508828 nan 0
1747650508839 nan 0
1747650508850 nan 0
1747650508861 nan 0
1747650508880 nan 0
1747650508899 nan 0
1747650508915 nan 0
1747650508926 nan 0
1747650508935 nan 0
1747650508944 nan 0
1747650508956 nan 0
1747650508968 nan 0
1747650508986 nan 0
1747650508998 nan 0
1747650509009 nan 0
1747650509017 nan 0
1747650509033 nan 0
1747650509050 nan 0
1747650509062 nan 0
1747650509073 nan 0
1747650509087 nan 0
1747650509107 nan 0
1747650509118 nan 0
1747650509138 nan 0
1747650509146 nan 0
1747650509163 nan 0
1747650509174 nan 0
1747650509185 nan 0
1747650509200 nan 0
1747650509211 nan 0
1747650509230 nan 0
1747650509244 nan 0
1747650509260 nan 0
1747650509286 nan 0
1747650509296 nan 0
1747650509308 nan 0
1747650509320 nan 0
1747650509336 nan 0
1747650509347 nan 0
1747650509363 nan 0
1747650509375 nan 0
1747650509386 nan 0
1747650509409 nan 0
1747650509420 nan 0
1747650509428 nan 0
1747650509442 nan 0
1747650509457 nan 0
1747650509474 nan 0
1747650509489 nan 0
1747650509498 nan 0
1747650509511 nan 0
1747650509526 nan 0
1747650509533 nan 0
1747650509551 nan 0
1747650509571 nan 0
1747650509587 nan 0
1747650509599 nan 0
1747650509608 nan 0
1747650509624 nan 0
1747650509636 nan 0
1747650509651 nan 0
1747650509668 nan 0
1747650509679 nan 0
1747650509691 nan 0
1747650509702 nan 0
1747650509722 nan 0
1747650509733 nan 0
1747650509745 nan 0
1747650509756 nan 0
1747650509765 nan 0
1747650509785 nan 0
1747650509798 nan 0
1747650509807 nan 0
1747650509823 nan 0
1747650509834 nan 0
1747650509841 nan 0
1747650509852 nan 0
1747650509863 nan 0
1747650509873 nan 0
1747650509881 nan 0
1747650509899 nan 0
1747650509912 nan 0
1747650509926 nan 0
1747650509946 nan 0
1747650509969 nan 0
1747650509982 nan 0
1747650509994 nan 0
1747650510005 nan 0
1747650510015 nan 0
1747650510027 nan 0
1747650510036 nan 0
1747650510068 nan 0
1747650510077 nan 0
1747650510094 nan 0
1747650510106 nan 0
1747650510124 nan 0
1747650510135 nan 0
1747650510147 nan 0
1747650510167 nan 0
1747650510178 nan 0
1747650510190 nan 0
1747650510204 nan 0
1747650510215 nan 0
1747650510224 nan 0
1747650510251 nan 0
1747650510267 nan 0
1747650510298 nan 0
1747650510310 nan 0
1747650510322 nan 0
1747650510333 nan 0
1747650510350 nan 0
1747650510365 nan 0
1747650510379 nan 0
1747650510387 nan 0
1747650510397 nan 0
1747650510408 nan 0
1747650510431 nan 0
1747650510445 nan 0
1747650510456 nan 0
1747650510468 nan 0
1747650510476 nan 0
1747650510487 nan 0
1747650510497 nan 0
1747650510507 nan 0
1747650510519 nan 0
1747650510539 nan 0
1747650510550 nan 0
1747650510561 nan 0
1747650510572 nan 0
1747650510584 nan 0
1747650510608 nan 0
1747650510618 nan 0
1747650510629 nan 0
1747650510640 nan 0
1747650510649 nan 0
1747650510672 nan 0
1747650510682 nan 0
1747650510693 nan 0
1747650510701 nan 0
1747650510720 nan 0
1747650510732 nan 0
1747650510751 nan 0
1747650510762 nan 0
1747650510773 nan 0
1747650510789 nan 0
1747650510804 nan 0
1747650510823 nan 0
1747650510832 nan 0
1747650510843 nan 0
1747650510854 nan 0
1747650510864 nan 0
1747650510874 nan 0
1747650510885 nan 0
1747650510895 nan 0
1747650510906 nan 0
1747650510916 nan 0
1747650510940 nan 0
1747650510951 nan 0
1747650510961 nan 0
1747650510973 nan 0
1747650510995 nan 0
1747650511012 nan 0
1747650511019 nan 0
1747650511028 nan 0
1747650511039 nan 0
1747650511055 nan 0
1747650511077 nan 0
1747650511089 nan 0
1747650511107 nan 0
1747650511141 nan 0
1747650511153 nan 0
1747650511162 nan 0
1747650511169 nan 0
1747650511181 nan 0
1747650511210 nan 0
1747650511221 nan 0
1747650511233 nan 0
1747650511244 nan 0
1747650511254 nan 0
1747650511265 nan 0
1747650511276 nan 0
1747650511287 nan 0
1747650511299 nan 0
1747650511308 nan 0
1747650511318 nan 0
1747650511330 nan 0
1747650511342 nan 0
1747650511351 nan 0
1747650511362 nan 0
1747650511373 nan 0
1747650511383 nan 0
1747650511391 nan 0
1747650511402 nan 0
1747650511414 nan 0
1747650511433 nan 0
1747650511446 nan 0
1747650511460 nan 0
1747650511474 nan 0
1747650511488 nan 0
1747650511511 nan 0
1747650511522 nan 0
1747650511534 nan 0
1747650511546 nan 0
1747650511557 nan 0
1747650511567 nan 0
1747650511575 nan 0
1747650511589 nan 0
1747650511600 nan 0
1747650511616 nan 0
1747650511624 nan 0
1747650511636 nan 0
1747650511648 nan 0
1747650511659 nan 0
1747650511669 nan 0
1747650511681 nan 0
1747650511691 nan 0
1747650511703 nan 0
1747650511714 nan 0
1747650511730 nan 0
1747650511740 nan 0
1747650511752 nan 0
1747650511763 nan 0
1747650511780 nan 0
1747650511790 nan 0
1747650511800 nan 0
1747650511818 nan 0
1747650511830 nan 0
1747650511841 nan 0
1747650511856 nan 0
1747650511867 nan 0
1747650511878 nan 0
1747650511889 nan 0
1747650511898 nan 0
1747650511908 nan 0
1747650511924 nan 0
1747650511934 nan 0
1747650511973 nan 0
1747650511985 nan 0
1747650511999 nan 0
1747650512010 nan 0
1747650512021 nan 0
1747650512051 nan 0
1747650512068 nan 0
1747650512079 nan 0
1747650512090 nan 0
1747650512100 nan 0
1747650512111 nan 0
1747650512122 nan 0
1747650512133 nan 0
1747650512155 nan 0
1747650512167 nan 0
1747650512178 nan 0
1747650512196 nan 0
1747650512207 nan 0
1747650512217 nan 0
1747650512224 nan 0
1747650512235 nan 0
1747650512243 nan 0
1747650512257 nan 0
1747650512266 nan 0
1747650512281 nan 0
1747650512295 nan 0
1747650512306 nan 0
1747650512316 nan 0
1747650512335 nan 0
1747650512347 nan 0
1747650512386 nan 0
1747650512402 nan 0
1747650512434 nan 0
1747650512457 nan 0
1747650512477 nan 0
1747650512488 nan 0
1747650512501 nan 0
1747650512514 nan 0
1747650512528 nan 0
1747650512539 nan 0
1747650512561 nan 0
1747650512588 nan 0
1747650512601 nan 0
1747650512614 nan 0
1747650512635 nan 0
1747650512644 nan 0
1747650512667 nan 0
1747650512680 nan 0
1747650512688 nan 0
1747650512698 nan 0
1747650512716 nan 0
1747650512726 nan 0
1747650512733 nan 0
1747650512748 nan 0
1747650512760 nan 0
1747650512774 nan 0
1747650512787 nan 0
1747650512800 nan 0
1747650512812 nan 0
1747650512829 nan 0
1747650512842 nan 0
1747650512855 nan 0
1747650512863 nan 0
1747650512876 nan 0
1747650512892 nan 0
1747650512902 nan 0
1747650512924 nan 0
1747650512936 nan 0
1747650512948 nan 0
1747650512963 nan 0
1747650512977 nan 0
1747650512992 nan 0
1747650513003 nan 0
1747650513014 nan 0
1747650513023 nan 0
1747650513035 nan 0
1747650513047 nan 0
1747650513067 nan 0
1747650513080 nan 0
1747650513090 nan 0
1747650513101 nan 0
1747650513112 nan 0
1747650513121 nan 0
1747650513132 nan 0
1747650513142 nan 0
1747650513152 nan 0
1747650513161 nan 0
1747650513171 nan 0
1747650513188 nan 0
1747650513202 nan 0
1747650513213 nan 0
1747650513221 nan 0
1747650513231 nan 0
1747650513240 nan 0
1747650513251 nan 0
1747650513262 nan 0
1747650513273 nan 0
1747650513287 nan 0
1747650513298 nan 0
1747650513310 nan 0
1747650513320 nan 0
1747650513328 nan 0
1747650513339 nan 0
1747650513349 nan 0
1747650513360 nan 0
1747650513376 nan 0
1747650513387 nan 0
1747650513411 nan 0
1747650513425 nan 0
1747650513443 nan 0
1747650513456 nan 0
1747650513468 nan 0
1747650513485 nan 0
1747650513493 nan 0
1747650513507 nan 0
1747650513519 nan 0
1747650513532 nan 0
1747650513561 nan 0
1747650513575 nan 0
1747650513604 nan 0
1747650513617 nan 0
1747650513629 nan 0
1747650513642 nan 0
1747650513656 nan 0
1747650513668 nan 0
1747650513679 nan 0
1747650513691 nan 0
1747650513702 nan 0
1747650513717 nan 0
1747650513733 nan 0
1747650513745 nan 0
1747650513754 nan 0
1747650513766 nan 0
1747650513805 nan 0
1747650513817 nan 0
1747650513828 nan 0
1747650513837 nan 0
1747650513872 nan 0
1747650513886 nan 0
1747650513908 nan 0
1747650513920 nan 0
1747650513939 nan 0
1747650513951 nan 0
1747650513962 nan 0
1747650513985 nan 0
1747650514001 nan 0
1747650514012 nan 0
1747650514020 nan 0
1747650514038 nan 0
1747650514053 nan 0
1747650514070 nan 0
1747650514082 nan 0
1747650514090 nan 0
1747650514099 nan 0
1747650514110 nan 0
1747650514122 nan 0
1747650514137 nan 0
1747650514151 nan 0
1747650514161 nan 0
1747650514170 nan 0
1747650514179 nan 0
1747650514191 nan 0
1747650514203 nan 0
1747650514225 nan 0
1747650514237 nan 0
1747650514251 nan 0
1747650514263 nan 0
1747650514270 nan 0
1747650514291 nan 0
1747650514303 nan 0
1747650514322 nan 0
1747650514334 nan 0
1747650514347 nan 0
1747650514356 nan 0
1747650514366 nan 0
1747650514377 nan 0
1747650514393 nan 0
1747650514406 nan 0
1747650514417 nan 0
1747650514434 nan 0
1747650514448 nan 0
1747650514472 nan 0
1747650514483 nan 0
1747650514493 nan 0
1747650514505 nan 0
1747650514519 nan 0
1747650514530 nan 0
1747650514542 nan 0
1747650514581 nan 0
1747650514594 nan 0
1747650514606 nan 0
1747650514618 nan 0
1747650514634 nan 0
1747650514648 nan 0
1747650514662 nan 0
1747650514672 nan 0
1747650514681 nan 0
1747650514691 nan 0
1747650514702 nan 0
1747650514713 nan 0
1747650514725 nan 0
1747650514735 nan 0
1747650514746 nan 0
1747650514756 nan 0
1747650514771 nan 0
1747650514782 nan 0
1747650514792 nan 0
1747650514803 nan 0
1747650514832 nan 0
1747650514844 nan 0
1747650514855 nan 0
1747650514867 nan 0
1747650514878 nan 0
1747650514892 nan 0
1747650514899 nan 0
1747650514917 nan 0
1747650514929 nan 0
1747650514938 nan 0
1747650514958 nan 0
1747650514974 nan 0
1747650514985 nan 0
1747650515005 nan 0
1747650515017 nan 0
1747650515029 nan 0
1747650515040 nan 0
1747650515049 nan 0
1747650515057 nan 0
1747650515068 nan 0
1747650515075 nan 0
1747650515085 nan 0
1747650515093 nan 0
1747650515104 nan 0
1747650515116 nan 0
1747650515125 nan 0
1747650515138 nan 0
1747650515151 nan 0
1747650515163 nan 0
1747650515180 nan 0
1747650515194 nan 0
1747650515211 nan 0
1747650515233 nan 0
1747650515245 nan 0
1747650515252 nan 0
1747650515268 nan 0
1747650515280 nan 0
1747650515290 nan 0
1747650515303 nan 0
1747650515317 nan 0
1747650515333 nan 0
1747650515344 nan 0
1747650515359 nan 0
1747650515379 nan 0
1747650515399 nan 0
1747650515410 nan 0
1747650515422 nan 0
1747650515434 nan 0
1747650515450 nan 0
1747650515478 nan 0
1747650515489 nan 0
1747650515498 nan 0
1747650515510 nan 0
1747650515522 nan 0
1747650515533 nan 0
1747650515545 nan 0
1747650515557 nan 0
1747650515575 nan 0
1747650515584 nan 0
1747650515592 nan 0
1747650515603 nan 0
1747650515614 nan 0
1747650515633 nan 0
1747650515645 nan 0
1747650515657 nan 0
1747650515665 nan 0
1747650515676 nan 0
1747650515686 nan 0
1747650515704 nan 0
1747650515716 nan 0
1747650515733 nan 0
1747650515743 nan 0
1747650515753 nan 0
1747650515762 nan 0
1747650515770 nan 0
1747650515781 nan 0
1747650515791 nan 0
1747650515802 nan 0
1747650515812 nan 0
1747650515830 nan 0
1747650515846 nan 0
1747650515860 nan 0
1747650515872 nan 0
1747650515881 nan 0
1747650515893 nan 0
1747650515907 nan 0
1747650515918 nan 0
1747650515929 nan 0
1747650515936 nan 0
1747650515945 nan 0
1747650515957 nan 0
1747650515965 nan 0
1747650515977 nan 0
1747650515985 nan 0
1747650515994 nan 0
1747650516006 nan 0
1747650516020 nan 0
1747650516032 nan 0
1747650516048 nan 0
1747650516058 nan 0
1747650516069 nan 0
1747650516080 nan 0
1747650516096 nan 0
1747650516107 nan 0
1747650516123 nan 0
1747650516134 nan 0
1747650516145 nan 0
1747650516156 nan 0
1747650516165 nan 0
1747650516172 nan 0
1747650516183 nan 0
1747650516199 nan 0
1747650516210 nan 0
1747650516226 nan 0
1747650516238 nan 0
1747650516250 nan 0
1747650516262 nan 0
1747650516273 nan 0
1747650516287 nan 0
1747650516315 nan 0
1747650516331 nan 0
1747650516346 nan 0
1747650516359 nan 0
1747650516373 nan 0
1747650516381 nan 0
1747650516396 nan 0
1747650516407 nan 0
1747650516419 nan 0
1747650516430 nan 0
1747650516442 nan 0
1747650516450 nan 0
1747650516471 nan 0
1747650516489 nan 0
1747650516501 nan 0
1747650516517 nan 0
1747650516528 nan 0
1747650516535 nan 0
1747650516543 nan 0
1747650516553 nan 0
1747650516567 nan 0
1747650516575 nan 0
1747650516586 nan 0
1747650516595 nan 0
1747650516607 nan 0
1747650516616 nan 0
1747650516626 nan 0
1747650516640 nan 0
1747650516649 nan 0
1747650516657 nan 0
1747650516667 nan 0
1747650516674 nan 0
1747650516683 nan 0
1747650516693 nan 0
1747650516704 nan 0
1747650516716 nan 0
1747650516724 nan 0
1747650516737 nan 0
1747650516757 nan 0
1747650516773 nan 0
1747650516790 nan 0
1747650516801 nan 0
1747650516812 nan 0
1747650516819 nan 0
1747650516829 nan 0
1747650516852 nan 0
1747650516864 nan 0
1747650516912 nan 0
1747650516929 nan 0
1747650516941 nan 0
1747650516953 nan 0
1747650516967 nan 0
1747650516975 nan 0
1747650516986 nan 0
1747650516994 nan 0
1747650517004 nan 0
1747650517016 nan 0
1747650517030 nan 0
1747650517048 nan 0
1747650517058 nan 0
1747650517087 nan 0
1747650517098 nan 0
1747650517112 nan 0
1747650517126 nan 0
1747650517148 nan 0
1747650517164 nan 0
1747650517175 nan 0
1747650517191 nan 0
1747650517203 nan 0
1747650517224 nan 0
1747650517235 nan 0
1747650517247 nan 0
1747650517259 nan 0
1747650517277 nan 0
1747650517284 nan 0
1747650517295 nan 0
1747650517307 nan 0
1747650517319 nan 0
1747650517331 nan 0
1747650517342 nan 0
1747650517350 nan 0
1747650517359 nan 0
1747650517370 nan 0
1747650517381 nan 0
1747650517389 nan 0
1747650517401 nan 0
1747650517416 nan 0
1747650517436 nan 0
1747650517447 nan 0
1747650517460 nan 0
1747650517472 nan 0
1747650517489 nan 0
1747650517504 nan 0
1747650517516 nan 0
1747650517528 nan 0
1747650517540 nan 0
1747650517551 nan 0
1747650517562 nan 0
1747650517579 nan 0
1747650517590 nan 0
1747650517607 nan 0
1747650517615 nan 0
1747650517626 nan 0
1747650517638 nan 0
1747650517650 nan 0
1747650517658 nan 0
1747650517667 nan 0
1747650517686 nan 0
1747650517697 nan 0
1747650517709 nan 0
1747650517719 nan 0
1747650517729 nan 0
1747650517743 nan 0
1747650517754 nan 0
1747650517767 nan 0
1747650517778 nan 0
1747650517790 nan 0
1747650517798 nan 0
1747650517809 nan 0
1747650517821 nan 0
1747650517828 nan 0
1747650517840 nan 0
1747650517851 nan 0
1747650517860 nan 0
1747650517877 nan 0
1747650517886 nan 0
1747650517930 nan 0
1747650517956 nan 0
1747650517969 nan 0
1747650517985 nan 0
1747650517999 nan 0
1747650518012 nan 0
1747650518023 nan 0
1747650518037 nan 0
1747650518049 nan 0
1747650518061 nan 0
1747650518076 nan 0
1747650518088 nan 0
1747650518111 nan 0
1747650518120 nan 0
1747650518131 nan 0
1747650518141 nan 0
1747650518157 nan 0
1747650518173 nan 0
1747650518184 nan 0
1747650518206 nan 0
1747650518222 nan 0
1747650518243 nan 0
1747650518253 nan 0
1747650518272 nan 0
1747650518290 nan 0
1747650518302 nan 0
1747650518313 nan 0
1747650518328 nan 0
1747650518344 nan 0
1747650518355 nan 0
1747650518366 nan 0
1747650518388 nan 0
1747650518398 nan 0
1747650518409 nan 0
1747650518423 nan 0
1747650518434 nan 0
1747650518445 nan 0
1747650518462 nan 0
1747650518478 nan 0
1747650518489 nan 0
1747650518501 nan 0
1747650518510 nan 0
1747650518522 nan 0
1747650518533 nan 0
1747650518544 nan 0
1747650518555 nan 0
1747650518567 nan 0
1747650518578 nan 0
1747650518590 nan 0
1747650518601 nan 0
1747650518631 nan 0
1747650518641 nan 0
1747650518652 nan 0
1747650518663 nan 0
1747650518679 nan 0
1747650518690 nan 0
1747650518711 nan 0
1747650518723 nan 0
1747650518735 nan 0
1747650518745 nan 0
1747650518756 nan 0
1747650518767 nan 0
1747650518783 nan 0
1747650518799 nan 0
1747650518811 nan 0
1747650518827 nan 0
1747650518839 nan 0
1747650518855 nan 0
1747650518871 nan 0
1747650518882 nan 0
1747650518893 nan 0
1747650518905 nan 0
1747650518917 nan 0
1747650518928 nan 0
1747650518954 nan 0
1747650518975 nan 0
1747650518986 nan 0
1747650518996 nan 0
1747650519015 nan 0
1747650519034 nan 0
1747650519050 nan 0
1747650519061 nan 0
1747650519077 nan 0
1747650519088 nan 0
1747650519100 nan 0
1747650519112 nan 0
1747650519124 nan 0
1747650519151 nan 0
1747650519176 nan 0
1747650519191 nan 0
1747650519202 nan 0
1747650519213 nan 0
1747650519224 nan 0
1747650519232 nan 0
1747650519240 nan 0
1747650519250 nan 0
1747650519272 nan 0
1747650519283 nan 0
1747650519292 nan 0
1747650519309 nan 0
1747650519321 nan 0
1747650519333 nan 0
1747650519350 nan 0
1747650519371 nan 0
1747650519382 nan 0
1747650519398 nan 0
1747650519409 nan 0
1747650519420 nan 0
1747650519431 nan 0
1747650519442 nan 0
1747650519452 nan 0
1747650519475 nan 0
1747650519489 nan 0
1747650519501 nan 0
1747650519518 nan 0
1747650519531 nan 0
1747650519547 nan 0
1747650519558 nan 0
1747650519567 nan 0
1747650519584 nan 0
1747650519600 nan 0
1747650519612 nan 0
1747650519623 nan 0
1747650519639 nan 0
1747650519655 nan 0
1747650519666 nan 0
1747650519678 nan 0
1747650519696 nan 0
1747650519709 nan 0
1747650519740 nan 0
1747650519751 nan 0
1747650519780 nan 0
1747650519793 nan 0
1747650519812 nan 0
1747650519826 nan 0
1747650519846 nan 0
1747650519859 nan 0
1747650519870 nan 0
1747650519883 nan 0
1747650519895 nan 0
1747650519918 nan 0
1747650519939 nan 0
1747650519951 nan 0
1747650519962 nan 0
1747650519979 nan 0
1747650519990 nan 0
1747650520001 nan 0
1747650520012 nan 0
1747650520024 nan 0
1747650520036 nan 0
1747650520049 nan 0
1747650520069 nan 0
1747650520080 nan 0
1747650520091 nan 0
1747650520102 nan 0
1747650520114 nan 0
1747650520132 nan 0
1747650520144 nan 0
1747650520155 nan 0
1747650520166 nan 0
1747650520181 nan 0
1747650520197 nan 0
1747650520206 nan 0
1747650520215 nan 0
1747650520226 nan 0
1747650520238 nan 0
1747650520249 nan 0
1747650520265 nan 0
1747650520276 nan 0
1747650520288 nan 0
1747650520304 nan 0
1747650520314 nan 0
1747650520326 nan 0
1747650520338 nan 0
1747650520364 nan 0
1747650520379 nan 0
1747650520393 nan 0
1747650520404 nan 0
1747650520423 nan 0
1747650520441 nan 0
1747650520458 nan 0
1747650520469 nan 0
1747650520481 nan 0
1747650520496 nan 0
1747650520507 nan 0
1747650520518 nan 0
1747650520530 nan 0
1747650520550 nan 0
1747650520562 nan 0
1747650520579 nan 0
1747650520595 nan 0
1747650520607 nan 0
1747650520619 nan 0
1747650520643 nan 0
1747650520654 nan 0
1747650520663 nan 0
1747650520674 nan 0
1747650520700 nan 0
1747650520712 nan 0
1747650520724 nan 0
1747650520735 nan 0
1747650520748 nan 0
1747650520765 nan 0
1747650520779 nan 0
1747650520791 nan 0
1747650520802 nan 0
1747650520820 nan 0
1747650520832 nan 0
1747650520848 nan 0
1747650520860 nan 0
1747650520871 nan 0
1747650520883 nan 0
1747650520900 nan 0
1747650520911 nan 0
1747650520922 nan 0
1747650520933 nan 0
1747650520952 nan 0
1747650520971 nan 0
1747650520983 nan 0
1747650520994 nan 0
1747650521011 nan 0
1747650521024 nan 0
1747650521037 nan 0
1747650521048 nan 0
1747650521060 nan 0
1747650522649 nan 0
1747650522662 nan 0
1747650522675 nan 0
1747650522695 nan 0
1747650522708 nan 0
1747650522727 nan 0
1747650522741 nan 0
1747650522765 nan 0
1747650522784 nan 0
1747650522813 nan 0
1747650522833 nan 0
1747650522854 nan 0
1747650522867 nan 0
1747650522877 nan 0
1747650522889 nan 0
1747650522910 nan 0
1747650522926 nan 0
1747650522937 nan 0
1747650522950 nan 0
1747650522962 nan 0
1747650522974 nan 0
1747650522987 nan 0
1747650523000 nan 0
1747650523026 nan 0
1747650523053 nan 0
1747650523067 nan 0
1747650523079 nan 0
1747650523092 nan 0
1747650523107 nan 0
1747650523120 nan 0
1747650523133 nan 0
1747650523152 nan 0
1747650523182 nan 0
1747650523192 nan 0
1747650523213 nan 0
1747650523226 nan 0
1747650523246 nan 0
1747650523272 nan 0
1747650523284 nan 0
1747650523297 nan 0
1747650523310 nan 0
1747650523326 nan 0
1747650523335 nan 0
1747650523344 nan 0
1747650523364 nan 0
1747650523377 nan 0
1747650523387 nan 0
1747650523396 nan 0
1747650523408 nan 0
1747650523426 nan 0
1747650523447 nan 0
1747650523462 nan 0
1747650523491 nan 0
1747650523503 nan 0
1747650523521 nan 0
1747650523534 nan 0
1747650523545 nan 0
1747650523557 nan 0
1747650523573 nan 0
1747650523584 nan 0
1747650523607 nan 0
1747650523618 nan 0
1747650523630 nan 0
1747650523642 nan 0
1747650523653 nan 0
1747650523668 nan 0
1747650523680 nan 0
1747650523693 nan 0
1747650523705 nan 0
1747650523714 nan 0
1747650523723 nan 0
1747650523746 nan 0
1747650523757 nan 0
1747650523765 nan 0
1747650523774 nan 0
1747650523785 nan 0
1747650523799 nan 0
1747650523841 nan 0
1747650523880 nan 0
1747650523898 nan 0
1747650523927 nan 0
1747650523938 nan 0
1747650523950 nan 0
1747650523960 nan 0
1747650523972 nan 0
1747650523983 nan 0
1747650524000 nan 0
1747650524012 nan 0
1747650524019 nan 0
1747650524028 nan 0
1747650524038 nan 0
1747650524048 nan 0
1747650524065 nan 0
1747650524077 nan 0
1747650524089 nan 0
1747650524103 nan 0
1747650524118 nan 0
1747650524144 nan 0
1747650524158 nan 0
1747650524186 nan 0
1747650524197 nan 0
1747650524209 nan 0
1747650524237 nan 0
1747650524249 nan 0
1747650524258 nan 0
1747650524269 nan 0
1747650524281 nan 0
1747650524294 nan 0
1747650524306 nan 0
1747650524321 nan 0
1747650524332 nan 0
1747650524343 nan 0
1747650524367 nan 0
1747650524379 nan 0
1747650524389 nan 0
1747650524400 nan 0
1747650524416 nan 0
1747650524425 nan 0
1747650524433 nan 0
1747650524460 nan 0
1747650524473 nan 0
1747650524490 nan 0
1747650524502 nan 0
1747650524515 nan 0
1747650524527 nan 0
1747650524542 nan 0
1747650524553 nan 0
1747650524565 nan 0
1747650524587 nan 0
1747650524598 nan 0
1747650524609 nan 0
1747650524624 nan 0
1747650524635 nan 0
1747650524644 nan 0
1747650524657 nan 0
1747650524665 nan 0
1747650524678 nan 0
1747650524691 nan 0
1747650524702 nan 0
1747650524713 nan 0
1747650524721 nan 0
1747650524732 nan 0
1747650524744 nan 0
1747650524759 nan 0
1747650524767 nan 0
1747650524803 nan 0
1747650524814 nan 0
1747650524825 nan 0
1747650524836 nan 0
1747650524845 nan 0
1747650524857 nan 0
1747650524870 nan 0
1747650524890 nan 0
1747650524901 nan 0
1747650524924 nan 0
1747650524939 nan 0
1747650524951 nan 0
1747650524973 nan 0
1747650524993 nan 0
1747650525004 nan 0
1747650525025 nan 0
1747650525045 nan 0
1747650525059 nan 0
1747650525070 nan 0
1747650525082 nan 0
1747650525094 nan 0
1747650525119 nan 0
1747650525130 nan 0
1747650525142 nan 0
1747650525153 nan 0
1747650525167 nan 0
1747650525193 nan 0
1747650525205 nan 0
1747650525221 nan 0
1747650525229 nan 0
1747650525242 nan 0
1747650525255 nan 0
1747650525266 nan 0
1747650525277 nan 0
1747650525289 nan 0
1747650525308 nan 0
1747650525320 nan 0
1747650525343 nan 0
1747650525357 nan 0
1747650525375 nan 0
1747650525382 nan 0
1747650525398 nan 0
1747650525408 nan 0
1747650525423 nan 0
1747650525442 nan 0
1747650525456 nan 0
1747650525467 nan 0
1747650525480 nan 0
1747650525503 nan 0
1747650525515 nan 0
1747650525528 nan 0
1747650525554 nan 0
1747650525566 nan 0
1747650525583 nan 0
1747650525597 nan 0
1747650525608 nan 0
1747650525629 nan 0
1747650525640 nan 0
1747650525648 nan 0
1747650525662 nan 0
1747650525673 nan 0
1747650525696 nan 0
1747650525709 nan 0
1747650525722 nan 0
1747650525761 nan 0
1747650525771 nan 0
1747650525786 nan 0
1747650525807 nan 0
1747650525819 nan 0
1747650525828 nan 0
1747650525837 nan 0
1747650525846 nan 0
1747650525862 nan 0
1747650525873 nan 0
1747650525883 nan 0
1747650525891 nan 0
1747650525903 nan 0
1747650525921 nan 0
1747650525938 nan 0
1747650525977 nan 0
1747650525991 nan 0
1747650526002 nan 0
1747650526017 nan 0
1747650526028 nan 0
1747650526040 nan 0
1747650526051 nan 0
1747650526062 nan 0
1747650526074 nan 0
1747650526085 nan 0
1747650526100 nan 0
1747650526133 nan 0
1747650526157 nan 0
1747650526169 nan 0
1747650526176 nan 0
1747650526188 nan 0
1747650526198 nan 0
1747650526209 nan 0
1747650526219 nan 0
1747650526232 nan 0
1747650526243 nan 0
1747650526267 nan 0
1747650526289 nan 0
1747650526311 nan 0
1747650526324 nan 0
1747650526338 nan 0
1747650526349 nan 0
1747650526367 nan 0
1747650526375 nan 0
1747650526387 nan 0
1747650526398 nan 0
1747650526409 nan 0
1747650526422 nan 0
1747650526433 nan 0
1747650526442 nan 0
1747650526458 nan 0
1747650526469 nan 0
1747650526485 nan 0
1747650526494 nan 0
1747650526512 nan 0
1747650526529 nan 0
1747650526541 nan 0
1747650526553 nan 0
1747650526570 nan 0
1747650526589 nan 0
1747650526607 nan 0
1747650526646 nan 0
1747650526657 nan 0
1747650526669 nan 0
1747650526678 nan 0
1747650526697 nan 0
1747650526711 nan 0
1747650526723 nan 0
1747650526753 nan 0
1747650526768 nan 0
1747650526780 nan 0
1747650526787 nan 0
1747650526815 nan 0
1747650526825 nan 0
1747650526837 nan 0
1747650526845 nan 0
1747650526855 nan 0
1747650526872 nan 0
1747650526883 nan 0
1747650526894 nan 0
1747650526902 nan 0
1747650526914 nan 0
1747650526921 nan 0
1747650526931 nan 0
1747650526947 nan 0
1747650526969 nan 0
1747650526981 nan 0
1747650526993 nan 0
1747650527005 nan 0
1747650527013 nan 0
1747650527021 nan 0
1747650527032 nan 0
1747650527056 nan 0
1747650527074 nan 0
1747650527084 nan 0
1747650527093 nan 0
1747650527103 nan 0
1747650527123 nan 0
1747650527134 nan 0
1747650527152 nan 0
1747650527164 nan 0
1747650527176 nan 0
1747650527189 nan 0
1747650527200 nan 0
1747650527211 nan 0
1747650527232 nan 0
1747650527243 nan 0
1747650527257 nan 0
1747650527269 nan 0
1747650527278 nan 0
1747650527289 nan 0
1747650527308 nan 0
1747650527319 nan 0
1747650527330 nan 0
1747650527342 nan 0
1747650527354 nan 0
1747650527366 nan 0
1747650527385 nan 0
1747650527400 nan 0
1747650527416 nan 0
1747650527428 nan 0
1747650527440 nan 0
1747650527451 nan 0
1747650527462 nan 0
1747650527474 nan 0
1747650527483 nan 0
1747650527495 nan 0
1747650527507 nan 0
1747650527517 nan 0
1747650527528 nan 0
1747650527540 nan 0
1747650527550 nan 0
1747650527559 nan 0
1747650527571 nan 0
1747650527583 nan 0
1747650527596 nan 0
1747650527608 nan 0
1747650527620 nan 0
1747650527637 nan 0
1747650527654 nan 0
1747650527666 nan 0
1747650527684 nan 0
1747650527698 nan 0
1747650527706 nan 0
1747650527719 nan 0
1747650527732 nan 0
1747650527744 nan 0
1747650527757 nan 0
1747650527809 nan 0
1747650527836 nan 0
1747650527855 nan 0
1747650527874 nan 0
1747650527899 nan 0
1747650527910 nan 0
1747650527925 nan 0
1747650527938 nan 0
1747650527953 nan 0
1747650527963 nan 0
1747650527994 nan 0
1747650528003 nan 0
1747650528020 nan 0
1747650528032 nan 0
1747650528058 nan 0
1747650528070 nan 0
1747650528084 nan 0
1747650528101 nan 0
1747650528116 nan 0
1747650528127 nan 0
1747650528138 nan 0
1747650528152 nan 0
1747650528167 nan 0
1747650528181 nan 0
1747650528193 nan 0
1747650528203 nan 0
1747650528215 nan 0
1747650528226 nan 0
1747650528235 nan 0
1747650528247 nan 0
1747650528255 nan 0
1747650528274 nan 0
1747650528285 nan 0
1747650528301 nan 0
1747650528308 nan 0
1747650528316 nan 0
1747650528327 nan 0
1747650528338 nan 0
1747650528352 nan 0
1747650528367 nan 0
1747650528386 nan 0
1747650528397 nan 0
1747650528410 nan 0
1747650528443 nan 0
1747650528460 nan 0
1747650528471 nan 0
1747650528483 nan 0
1747650528494 nan 0
1747650528504 nan 0
1747650528516 nan 0
1747650528528 nan 0
1747650528539 nan 0
1747650528549 nan 0
1747650528558 nan 0
1747650528570 nan 0
1747650528582 nan 0
1747650528600 nan 0
1747650528611 nan 0
1747650528639 nan 0
1747650528648 nan 0
1747650528670 nan 0
1747650528681 nan 0
1747650528693 nan 0
1747650528704 nan 0
1747650528725 nan 0
1747650528745 nan 0
1747650528757 nan 0
1747650528771 nan 0
1747650528790 nan 0
1747650528802 nan 0
1747650528820 nan 0
1747650528834 nan 0
1747650528854 nan 0
1747650528866 nan 0
1747650528878 nan 0
1747650528898 nan 0
1747650528911 nan 0
1747650528925 nan 0
1747650528937 nan 0
1747650528952 nan 0
1747650528965 nan 0
1747650528985 nan 0
1747650529012 nan 0
1747650529026 nan 0
1747650529042 nan 0
1747650529057 nan 0
1747650529079 nan 0
1747650529092 nan 0
1747650529107 nan 0
1747650529127 nan 0
1747650529139 nan 0
1747650529164 nan 0
1747650529179 nan 0
1747650529220 nan 0
1747650529252 nan 0
1747650529267 nan 0
1747650529280 nan 0
1747650529301 nan 0
1747650529320 nan 0
1747650529337 nan 0
1747650529359 nan 0
1747650529382 nan 0
1747650529409 nan 0
1747650529432 nan 0
1747650529446 nan 0
1747650529467 nan 0
1747650529490 nan 0
1747650529505 nan 0
1747650529519 nan 0
1747650529534 nan 0
1747650529554 nan 0
1747650529580 nan 0
1747650529599 nan 0
1747650529618 nan 0
1747650529642 nan 0
1747650529685 nan 0
1747650529698 nan 0
1747650529711 nan 0
1747650529724 nan 0
1747650529741 nan 0
1747650529771 nan 0
1747650529793 nan 0
1747650529805 nan 0
1747650529828 nan 0
1747650529841 nan 0
1747650529850 nan 0
1747650529863 nan 0
1747650529876 nan 0
1747650529890 nan 0
1747650529901 nan 0
1747650529913 nan 0
1747650529935 nan 0
1747650529957 nan 0
1747650529968 nan 0
1747650529980 nan 0
1747650529994 nan 0
1747650530005 nan 0
1747650530017 nan 0
1747650530034 nan 0
1747650530059 nan 0
1747650530070 nan 0
1747650530082 nan 0
1747650530093 nan 0
1747650530105 nan 0
1747650530115 nan 0
1747650530126 nan 0
1747650530137 nan 0
1747650530149 nan 0
1747650530169 nan 0
1747650530188 nan 0
1747650530199 nan 0
1747650530211 nan 0
1747650530244 nan 0
1747650530257 nan 0
1747650530270 nan 0
1747650530282 nan 0
1747650530291 nan 0
1747650530301 nan 0
1747650530317 nan 0
1747650530326 nan 0
1747650530359 nan 0
1747650530371 nan 0
1747650530379 nan 0
1747650530390 nan 0
1747650530401 nan 0
1747650530419 nan 0
1747650530436 nan 0
1747650530449 nan 0
1747650530460 nan 0
1747650530473 nan 0
1747650530486 nan 0
1747650530495 nan 0
1747650530505 nan 0
1747650530516 nan 0
1747650530525 nan 0
1747650530537 nan 0
1747650530551 nan 0
1747650530562 nan 0
1747650530574 nan 0
1747650530586 nan 0
1747650530594 nan 0
1747650530606 nan 0
1747650530618 nan 0
1747650530635 nan 0
1747650530669 nan 0
1747650530677 nan 0
1747650530687 nan 0
1747650530701 nan 0
1747650530719 nan 0
1747650530730 nan 0
1747650530742 nan 0
1747650530750 nan 0
1747650530758 nan 0
1747650530775 nan 0
1747650530784 nan 0
1747650530794 nan 0
1747650530807 nan 0
1747650530819 nan 0
1747650530828 nan 0
1747650530846 nan 0
1747650530858 nan 0
1747650530871 nan 0
1747650530886 nan 0
1747650530895 nan 0
1747650530907 nan 0
1747650530918 nan 0
1747650530933 nan 0
1747650530948 nan 0
1747650530959 nan 0
1747650530980 nan 0
1747650531002 nan 0
1747650531017 nan 0
1747650531029 nan 0
1747650531043 nan 0
1747650531060 nan 0
1747650531077 nan 0
1747650531116 nan 0
1747650531126 nan 0
1747650531150 nan 0
1747650531169 nan 0
1747650531188 nan 0
1747650531203 nan 0
1747650531218 nan 0
1747650531234 nan 0
1747650531251 nan 0
1747650531269 nan 0
1747650531290 nan 0
1747650531310 nan 0
1747650531331 nan 0
1747650531344 nan 0
1747650531358 nan 0
1747650531372 nan 0
1747650531385 nan 0
1747650531399 nan 0
1747650531412 nan 0
1747650531426 nan 0
1747650531444 nan 0
1747650531459 nan 0
1747650531497 nan 0
1747650531509 nan 0
1747650531539 nan 0
1747650531561 nan 0
1747650531574 nan 0
1747650531587 nan 0
1747650531600 nan 0
1747650531617 nan 0
1747650531646 nan 0
1747650531654 nan 0
1747650531669 nan 0
1747650531686 nan 0
1747650531699 nan 0
1747650531717 nan 0
1747650531729 nan 0
1747650531741 nan 0
1747650531753 nan 0
1747650531765 nan 0
1747650531784 nan 0
1747650531796 nan 0
1747650531808 nan 0
1747650531826 nan 0
1747650531859 nan 0
1747650531871 nan 0
1747650531894 nan 0
1747650531906 nan 0
1747650531918 nan 0
1747650531930 nan 0
1747650531941 nan 0
1747650531953 nan 0
1747650531964 nan 0
1747650531980 nan 0
1747650532000 nan 0
1747650532011 nan 0
1747650532026 nan 0
1747650532036 nan 0
1747650532043 nan 0
1747650532074 nan 0
1747650532086 nan 0
1747650532109 nan 0
1747650532121 nan 0
1747650532149 nan 0
1747650532168 nan 0
1747650532181 nan 0
1747650532194 nan 0
1747650532203 nan 0
1747650532225 nan 0
1747650532240 nan 0
1747650532252 nan 0
1747650532263 nan 0
1747650532278 nan 0
1747650532290 nan 0
1747650532344 nan 0
1747650532352 nan 0
1747650532362 nan 0
1747650532372 nan 0
1747650532390 nan 0
1747650532400 nan 0
1747650532412 nan 0
1747650532424 nan 0
1747650532447 nan 0
1747650532457 nan 0
1747650532476 nan 0
1747650532504 nan 0
1747650532516 nan 0
1747650532533 nan 0
1747650532552 nan 0
1747650532563 nan 0
1747650532580 nan 0
1747650532591 nan 0
1747650532605 nan 0
1747650532615 nan 0
1747650532623 nan 0
1747650532632 nan 0
1747650532640 nan 0
1747650532651 nan 0
1747650532663 nan 0
1747650532670 nan 0
1747650532678 nan 0
1747650532690 nan 0
1747650532702 nan 0
1747650532714 nan 0
1747650532726 nan 0
1747650532735 nan 0
1747650532742 nan 0
1747650532753 nan 0
1747650532765 nan 0
1747650532783 nan 0
1747650532796 nan 0
1747650532815 nan 0
1747650532825 nan 0
1747650532832 nan 0
1747650532842 nan 0
1747650532857 nan 0
1747650532869 nan 0
1747650532876 nan 0
1747650532884 nan 0
1747650532914 nan 0
1747650532926 nan 0
1747650532941 nan 0
1747650532957 nan 0
1747650532969 nan 0
1747650532992 nan 0
1747650533004 nan 0
1747650533015 nan 0
1747650533025 nan 0
1747650533035 nan 0
1747650533045 nan 0
1747650533062 nan 0
1747650533073 nan 0
1747650533084 nan 0
1747650533096 nan 0
1747650533118 nan 0
1747650533138 nan 0
1747650533148 nan 0
1747650533157 nan 0
1747650533176 nan 0
1747650533187 nan 0
1747650533221 nan 0
1747650533241 nan 0
1747650533253 nan 0
1747650533264 nan 0
1747650533292 nan 0
1747650533304 nan 0
1747650533323 nan 0
1747650533344 nan 0
1747650533355 nan 0
1747650533364 nan 0
1747650533374 nan 0
1747650533389 nan 0
1747650533403 nan 0
1747650533420 nan 0
1747650533432 nan 0
1747650533442 nan 0
1747650533464 nan 0
1747650533479 nan 0
1747650533491 nan 0
1747650533507 nan 0
1747650533546 nan 0
1747650533560 nan 0
1747650533578 nan 0
1747650533602 nan 0
1747650533616 nan 0
1747650533629 nan 0
1747650533640 nan 0
1747650533653 nan 0
1747650533670 nan 0
1747650533685 nan 0
1747650533697 nan 0
1747650533719 nan 0
1747650533736 nan 0
1747650533756 nan 0
1747650533768 nan 0
1747650533781 nan 0
1747650533788 nan 0
1747650533806 nan 0
1747650533825 nan 0
1747650533840 nan 0
1747650533854 nan 0
1747650533875 nan 0
1747650533883 nan 0
1747650533893 nan 0
1747650533904 nan 0
1747650533917 nan 0
1747650533941 nan 0
1747650533953 nan 0
1747650533971 nan 0
1747650533987 nan 0
1747650534013 nan 0
1747650534024 nan 0
1747650534033 nan 0
1747650534041 nan 0
1747650534060 nan 0
1747650534071 nan 0
1747650534086 nan 0
1747650534097 nan 0
1747650534109 nan 0
1747650534127 nan 0
1747650534138 nan 0
1747650534151 nan 0
1747650534160 nan 0
1747650534172 nan 0
1747650534188 nan 0
1747650534200 nan 0
1747650534214 nan 0
1747650534226 nan 0
1747650534234 nan 0
1747650534250 nan 0
1747650534261 nan 0
1747650534272 nan 0
1747650534287 nan 0
1747650534299 nan 0
1747650534320 nan 0
1747650534334 nan 0
1747650534378 nan 0
1747650534389 nan 0
1747650534404 nan 0
1747650534421 nan 0
1747650534437 nan 0
1747650534446 nan 0
1747650534457 nan 0
1747650534475 nan 0
1747650534505 nan 0
1747650534523 nan 0
1747650534553 nan 0
1747650534572 nan 0
1747650534581 nan 0
1747650534604 nan 0
1747650534615 nan 0
1747650534626 nan 0
1747650534642 nan 0
1747650534658 nan 0
1747650534674 nan 0
1747650534686 nan 0
1747650534705 nan 0
1747650534728 nan 0
1747650534738 nan 0
1747650534755 nan 0
1747650534785 nan 0
1747650534796 nan 0
1747650534808 nan 0
1747650534819 nan 0
1747650534831 nan 0
1747650534846 nan 0
1747650534857 nan 0
1747650534867 nan 0
1747650534884 nan 0
1747650534906 nan 0
1747650534917 nan 0
1747650534929 nan 0
1747650534941 nan 0
1747650534960 nan 0
1747650534968 nan 0
1747650534986 nan 0
1747650534997 nan 0
1747650535009 nan 0
1747650535017 nan 0
1747650535027 nan 0
1747650535036 nan 0
1747650535048 nan 0
1747650535059 nan 0
1747650535072 nan 0
1747650535081 nan 0
1747650535100 nan 0
1747650535112 nan 0
1747650535123 nan 0
1747650535137 nan 0
1747650535147 nan 0
1747650535159 nan 0
1747650535187 nan 0
1747650535199 nan 0
1747650535213 nan 0
1747650535226 nan 0
1747650535238 nan 0
1747650535268 nan 0
1747650535279 nan 0
1747650535291 nan 0
1747650535303 nan 0
1747650535317 nan 0
1747650535328 nan 0
1747650535343 nan 0
1747650535355 nan 0
1747650535367 nan 0
1747650535385 nan 0
1747650535394 nan 0
1747650535407 nan 0
1747650535415 nan 0
1747650535427 nan 0
1747650535440 nan 0
1747650535450 nan 0
1747650535458 nan 0
1747650535475 nan 0
1747650535486 nan 0
1747650535502 nan 0
1747650535517 nan 0
1747650535525 nan 0
1747650535548 nan 0
1747650535580 nan 0
1747650535599 nan 0
1747650535611 nan 0
1747650535620 nan 0
1747650535639 nan 0
1747650535655 nan 0
1747650535678 nan 0
1747650535693 nan 0
1747650535705 nan 0
1747650535712 nan 0
1747650535725 nan 0
1747650535737 nan 0
1747650535753 nan 0
1747650535765 nan 0
1747650535784 nan 0
1747650535797 nan 0
1747650535809 nan 0
1747650535819 nan 0
1747650535827 nan 0
1747650535842 nan 0
1747650535853 nan 0
1747650535869 nan 0
1747650535881 nan 0
1747650535893 nan 0
1747650535905 nan 0
1747650535916 nan 0
1747650535928 nan 0
1747650535941 nan 0
1747650535958 nan 0
1747650535981 nan 0
1747650536010 nan 0
1747650536019 nan 0
1747650536027 nan 0
1747650536039 nan 0
1747650536049 nan 0
1747650536058 nan 0
1747650536067 nan 0
1747650536074 nan 0
1747650536096 nan 0
1747650536112 nan 0
1747650536127 nan 0
1747650536143 nan 0
1747650536150 nan 0
1747650536166 nan 0
1747650536179 nan 0
1747650536210 nan 0
1747650536222 nan 0
1747650536233 nan 0
1747650536252 nan 0
1747650536264 nan 0
1747650536301 nan 0
1747650536354 nan 0
1747650536366 nan 0
1747650536376 nan 0
1747650536394 nan 0
1747650536428 nan 0
1747650536440 nan 0
1747650536451 nan 0
1747650536464 nan 0
1747650536482 nan 0
1747650536493 nan 0
1747650536501 nan 0
1747650536512 nan 0
1747650536520 nan 0
1747650536529 nan 0
1747650536540 nan 0
1747650536550 nan 0
1747650536561 nan 0
1747650536573 nan 0
1747650536590 nan 0
1747650536602 nan 0
1747650536614 nan 0
1747650536642 nan 0
1747650536650 nan 0
1747650536668 nan 0
1747650536679 nan 0
1747650536689 nan 0
1747650536704 nan 0
1747650536717 nan 0
1747650536736 nan 0
1747650536749 nan 0
1747650536763 nan 0
1747650536787 nan 0
1747650536812 nan 0
1747650536826 nan 0
1747650536839 nan 0
1747650536849 nan 0
1747650536861 nan 0
1747650536877 nan 0
1747650536884 nan 0
1747650536896 nan 0
1747650536903 nan 0
1747650536915 nan 0
1747650536923 nan 0
1747650536941 nan 0
1747650536989 nan 0
1747650537007 nan 0
1747650537035 nan 0
1747650537047 nan 0
1747650537069 nan 0
1747650537080 nan 0
1747650537090 nan 0
1747650537101 nan 0
1747650537111 nan 0
1747650537124 nan 0
1747650537133 nan 0
1747650537149 nan 0
1747650537161 nan 0
1747650537174 nan 0
1747650537189 nan 0
1747650537201 nan 0
1747650537214 nan 0
1747650537231 nan 0
1747650537244 nan 0
1747650537257 nan 0
1747650537269 nan 0
1747650537280 nan 0
1747650537291 nan 0
1747650537304 nan 0
1747650537315 nan 0
1747650537323 nan 0
1747650537332 nan 0
1747650537340 nan 0
1747650537366 nan 0
1747650537389 nan 0
1747650537405 nan 0
1747650537418 nan 0
1747650537430 nan 0
1747650537452 nan 0
1747650537465 nan 0
1747650537477 nan 0
1747650537489 nan 0
1747650537501 nan 0
1747650537516 nan 0
1747650537528 nan 0
1747650537543 nan 0
1747650537559 nan 0
1747650537570 nan 0
1747650537582 nan 0
1747650537593 nan 0
1747650537604 nan 0
1747650537622 nan 0
1747650537641 nan 0
1747650537653 nan 0
1747650537665 nan 0
1747650537683 nan 0
1747650537695 nan 0
1747650537711 nan 0
1747650537732 nan 0
1747650537743 nan 0
1747650537754 nan 0
1747650537766 nan 0
1747650537777 nan 0
1747650537790 nan 0
1747650537810 nan 0
1747650537823 nan 0
1747650537841 nan 0
1747650537871 nan 0
1747650537883 nan 0
1747650537894 nan 0
1747650537915 nan 0
1747650537923 nan 0
1747650537930 nan 0
1747650537941 nan 0
1747650537958 nan 0
1747650537969 nan 0
1747650537980 nan 0
1747650537993 nan 0
1747650538008 nan 0
1747650538017 nan 0
1747650538028 nan 0
1747650538046 nan 0
1747650538073 nan 0
1747650538083 nan 0
1747650538090 nan 0
1747650538111 nan 0
1747650538125 nan 0
1747650538134 nan 0
1747650538151 nan 0
1747650538162 nan 0
1747650538170 nan 0
1747650538181 nan 0
1747650538194 nan 0
1747650538207 nan 0
1747650538218 nan 0
1747650538232 nan 0
1747650538256 nan 0
1747650538283 nan 0
1747650538306 nan 0
1747650538322 nan 0
1747650538333 nan 0
1747650538358 nan 0
1747650538384 nan 0
1747650538395 nan 0
1747650538406 nan 0
1747650538421 nan 0
1747650538432 nan 0
1747650538442 nan 0
1747650538456 nan 0
1747650538493 nan 0
1747650538509 nan 0
1747650538525 nan 0
1747650538552 nan 0
1747650538564 nan 0
1747650538585 nan 0
1747650538596 nan 0
1747650538621 nan 0
1747650538634 nan 0
1747650538649 nan 0
1747650538687 nan 0
1747650538701 nan 0
1747650538719 nan 0
1747650538736 nan 0
1747650538747 nan 0
1747650538767 nan 0
1747650538785 nan 0
1747650538797 nan 0
1747650538808 nan 0
1747650538821 nan 0
1747650538834 nan 0
1747650538853 nan 0
1747650538871 nan 0
1747650538886 nan 0
1747650538908 nan 0
1747650538916 nan 0
1747650538935 nan 0
1747650538954 nan 0
1747650538965 nan 0
1747650538982 nan 0
1747650538993 nan 0
1747650539005 nan 0
1747650539015 nan 0
1747650539030 nan 0
1747650539043 nan 0
1747650539057 nan 0
1747650539069 nan 0
1747650539082 nan 0
1747650539094 nan 0
1747650539110 nan 0
1747650539136 nan 0
1747650539152 nan 0
1747650539162 nan 0
1747650539178 nan 0
1747650539198 nan 0
1747650539210 nan 0
1747650539226 nan 0
1747650539240 nan 0
1747650539259 nan 0
1747650539292 nan 0
1747650539303 nan 0
1747650539311 nan 0
1747650539326 nan 0
1747650539335 nan 0
1747650539343 nan 0
1747650539369 nan 0
1747650539387 nan 0
1747650539398 nan 0
1747650539413 nan 0
1747650539424 nan 0
1747650539432 nan 0
1747650539459 nan 0
1747650539482 nan 0
1747650539496 nan 0
1747650539511 nan 0
1747650539525 nan 0
1747650539539 nan 0
1747650539556 nan 0
1747650539569 nan 0
1747650539591 nan 0
1747650539613 nan 0
1747650539629 nan 0
1747650539649 nan 0
1747650539668 nan 0
1747650539685 nan 0
1747650539696 nan 0
1747650539706 nan 0
1747650539718 nan 0
1747650539735 nan 0
1747650539743 nan 0
1747650539756 nan 0
1747650539772 nan 0
1747650539781 nan 0
1747650539795 nan 0
1747650539818 nan 0
1747650539845 nan 0
1747650539872 nan 0
1747650539884 nan 0
1747650539906 nan 0
1747650539922 nan 0
1747650539935 nan 0
1747650539945 nan 0
1747650539953 nan 0
1747650539964 nan 0
1747650539974 nan 0
1747650539985 nan 0
1747650539994 nan 0
1747650540003 nan 0
1747650540018 nan 0
1747650540046 nan 0
1747650540058 nan 0
1747650540101 nan 0
1747650540112 nan 0
1747650540123 nan 0
1747650540139 nan 0
1747650540154 nan 0
1747650540166 nan 0
1747650540177 nan 0
1747650540189 nan 0
1747650540203 nan 0
1747650540214 nan 0
1747650540224 nan 0
1747650540242 nan 0
1747650540254 nan 0
1747650540272 nan 0
1747650540287 nan 0
1747650540300 nan 0
1747650540312 nan 0
1747650540325 nan 0
1747650540358 nan 0
1747650540376 nan 0
1747650540384 nan 0
1747650540395 nan 0
1747650540410 nan 0
1747650540417 nan 0
1747650540428 nan 0
1747650540442 nan 0
1747650540453 nan 0
1747650540461 nan 0
1747650540473 nan 0
1747650540485 nan 0
1747650540497 nan 0
1747650540521 nan 0
1747650540533 nan 0
1747650540545 nan 0
1747650540554 nan 0
1747650540562 nan 0
1747650540570 nan 0
1747650541556 nan 0
1747650541567 nan 0
1747650541620 nan 0
1747650541641 nan 0
1747650541658 nan 0
1747650541682 nan 0
1747650541698 nan 0
1747650541715 nan 0
1747650541727 nan 0
1747650541771 nan 0
1747650541799 nan 0
1747650541811 nan 0
1747650541846 nan 0
1747650541863 nan 0
1747650541879 nan 0
1747650541891 nan 0
1747650541910 nan 0
1747650541941 nan 0
1747650541961 nan 0
1747650541971 nan 0
1747650542058 nan 0
1747650542091 nan 0
1747650542104 nan 0
1747650542119 nan 0
1747650542130 nan 0
1747650542198 nan 0
1747650542219 nan 0
1747650542245 nan 0
1747650542264 nan 0
1747650542277 nan 0
1747650542292 nan 0
1747650542322 nan 0
1747650542348 nan 0
1747650542367 nan 0
1747650542379 nan 0
1747650542409 nan 0
1747650542421 nan 0
1747650542441 nan 0
1747650542472 nan 0
1747650542491 nan 0
1747650542514 nan 0
1747650542526 nan 0
1747650542537 nan 0
1747650542546 nan 0
1747650542560 nan 0
1747650542590 nan 0
1747650542621 nan 0
1747650542638 nan 0
1747650542648 nan 0
1747650542661 nan 0
1747650542681 nan 0
1747650542701 nan 0
1747650542712 nan 0
1747650542720 nan 0
1747650542749 nan 0
1747650542772 nan 0
1747650542784 nan 0
1747650542808 nan 0
1747650542828 nan 0
1747650542847 nan 0
1747650542866 nan 0
1747650542880 nan 0
1747650542896 nan 0
1747650542909 nan 0
1747650542938 nan 0
1747650542956 nan 0
1747650542967 nan 0
1747650542984 nan 0
1747650542997 nan 0
1747650543009 nan 0
1747650543022 nan 0
1747650543050 nan 0
1747650543074 nan 0
1747650543086 nan 0
1747650543110 nan 0
1747650543138 nan 0
1747650543154 nan 0
1747650543163 nan 0
1747650543174 nan 0
1747650543185 nan 0
1747650543197 nan 0
1747650543250 nan 0
1747650543285 nan 0
1747650543298 nan 0
1747650543309 nan 0
1747650543319 nan 0
1747650543328 nan 0
1747650543339 nan 0
1747650543349 nan 0
1747650543361 nan 0
1747650543386 nan 0
1747650543403 nan 0
1747650543450 nan 0
1747650543473 nan 0
1747650543485 nan 0
1747650543505 nan 0
1747650543516 nan 0
1747650543531 nan 0
1747650543548 nan 0
1747650543568 nan 0
1747650543580 nan 0
1747650543591 nan 0
1747650543620 nan 0
1747650543633 nan 0
1747650543651 nan 0
1747650543666 nan 0
1747650543675 nan 0
1747650543683 nan 0
1747650543695 nan 0
1747650543730 nan 0
1747650543753 nan 0
1747650543792 nan 0
1747650543812 nan 0
1747650543824 nan 0
1747650543855 nan 0
1747650543868 nan 0
1747650543882 nan 0
1747650543905 nan 0
1747650543922 nan 0
1747650543934 nan 0
1747650543954 nan 0
1747650543961 nan 0
1747650543969 nan 0
1747650543985 nan 0
1747650544009 nan 0
1747650544021 nan 0
1747650544033 nan 0
1747650544067 nan 0
1747650544100 nan 0
1747650544119 nan 0
1747650544131 nan 0
1747650544147 nan 0
1747650544162 nan 0
1747650544190 nan 0
1747650544202 nan 0
1747650544211 nan 0
1747650544270 nan 0
1747650544283 nan 0
1747650544308 nan 0
1747650544335 nan 0
1747650544355 nan 0
1747650544369 nan 0
1747650544383 nan 0
1747650544415 nan 0
1747650544431 nan 0
1747650544452 nan 0
1747650544464 nan 0
1747650544476 nan 0
1747650544515 nan 0
1747650544571 nan 0
1747650544588 nan 0
1747650544596 nan 0
1747650544607 nan 0
1747650544623 nan 0
1747650544644 nan 0
1747650544658 nan 0
1747650544671 nan 0
1747650544686 nan 0
1747650544708 nan 0
1747650544726 nan 0
1747650544741 nan 0
1747650544752 nan 0
1747650544770 nan 0
1747650544791 nan 0
1747650544803 nan 0
1747650544816 nan 0
1747650544827 nan 0
1747650544837 nan 0
1747650544866 nan 0
1747650544892 nan 0
1747650544901 nan 0
1747650544930 nan 0
1747650544944 nan 0
1747650544952 nan 0
1747650544963 nan 0
1747650544974 nan 0
1747650544989 nan 0
1747650545019 nan 0
1747650545030 nan 0
1747650545042 nan 0
1747650545054 nan 0
1747650545074 nan 0
1747650545086 nan 0
1747650545118 nan 0
1747650545135 nan 0
1747650545151 nan 0
1747650545162 nan 0
1747650545182 nan 0
1747650545199 nan 0
1747650545212 nan 0
1747650545230 nan 0
1747650545243 nan 0
1747650545265 nan 0
1747650545292 nan 0
1747650545304 nan 0
1747650545342 nan 0
1747650545350 nan 0
1747650545367 nan 0
1747650545379 nan 0
1747650545394 nan 0
1747650545405 nan 0
1747650545428 nan 0
1747650545439 nan 0
1747650545457 nan 0
1747650545469 nan 0
1747650545488 nan 0
1747650545505 nan 0
1747650545517 nan 0
1747650545538 nan 0
1747650545558 nan 0
1747650545581 nan 0
1747650545594 nan 0
1747650545603 nan 0
1747650545631 nan 0
1747650545642 nan 0
1747650545653 nan 0
1747650545667 nan 0
1747650545680 nan 0
1747650545704 nan 0
1747650545713 nan 0
1747650545746 nan 0
1747650545758 nan 0
1747650545769 nan 0
1747650545800 nan 0
1747650545818 nan 0
1747650545834 nan 0
1747650545844 nan 0
1747650545876 nan 0
1747650545905 nan 0
1747650545917 nan 0
1747650545928 nan 0
1747650545939 nan 0
1747650545956 nan 0
1747650545965 nan 0
1747650545988 nan 0
1747650546010 nan 0
1747650546031 nan 0
1747650546056 nan 0
1747650546070 nan 0
1747650546110 nan 0
1747650546138 nan 0
1747650546155 nan 0
1747650546183 nan 0
1747650546209 nan 0
1747650546225 nan 0
1747650546237 nan 0
1747650546250 nan 0
1747650546267 nan 0
1747650546275 nan 0
1747650546287 nan 0
1747650546301 nan 0
1747650546316 nan 0
1747650546357 nan 0
1747650546366 nan 0
1747650546378 nan 0
1747650546412 nan 0
1747650546423 nan 0
1747650546443 nan 0
1747650546457 nan 0
1747650546477 nan 0
1747650546504 nan 0
1747650546518 nan 0
1747650546541 nan 0
1747650546567 nan 0
