1747650505372 0.0 0
1747650505409 100.0 0
1747650505423 100.0 0
1747650505431 0.0 0
1747650505441 100.0 0
1747650505453 100.0 0
1747650505464 0.0 0
1747650505476 0.0 0
1747650505497 100.0 0
1747650505509 0.0 0
1747650505525 0.0 0
1747650505535 100.0 0
1747650505547 100.0 0
1747650505558 100.0 0
1747650505569 0.0 0
1747650505584 0.0 0
1747650505596 100.0 0
1747650505609 100.0 0
1747650505637 0.0 0
1747650505655 100.0 0
1747650505666 100.0 0
1747650505677 0.0 0
1747650505694 100.0 0
1747650505705 0.0 0
1747650505712 100.0 0
1747650505723 100.0 0
1747650505737 100.0 0
1747650505748 100.0 0
1747650505764 100.0 0
1747650505774 100.0 0
1747650505784 100.0 0
1747650505795 100.0 0
1747650505807 0.0 0
1747650505818 0.0 0
1747650505831 100.0 0
1747650505840 100.0 0
1747650505851 100.0 0
1747650505861 0.0 0
1747650505872 0.0 0
1747650505886 100.0 0
1747650505900 100.0 0
1747650505911 0.0 0
1747650505922 0.0 0
1747650505942 0.0 0
1747650505961 100.0 0
1747650505978 0.0 0
1747650505989 100.0 0
1747650506001 100.0 0
1747650506018 0.0 0
1747650506030 0.0 0
1747650506041 0.0 0
1747650506058 0.0 0
1747650506069 100.0 0
1747650506079 100.0 0
1747650506087 100.0 0
1747650506098 0.0 0
1747650506109 0.0 0
1747650506121 0.0 0
1747650506132 100.0 0
1747650506143 0.0 0
1747650506158 100.0 0
1747650506174 0.0 0
1747650506187 100.0 0
1747650506211 100.0 0
1747650506222 0.0 0
1747650506233 0.0 0
1747650506245 0.0 0
1747650506253 100.0 0
1747650506262 100.0 0
1747650506274 0.0 0
1747650506283 100.0 0
1747650506294 100.0 0
1747650506304 100.0 0
1747650506315 100.0 0
1747650506328 100.0 0
1747650506337 0.0 0
1747650506346 0.0 0
1747650506357 0.0 0
1747650506381 0.0 0
1747650506397 100.0 0
1747650506415 100.0 0
1747650506427 0.0 0
1747650506438 100.0 0
1747650506450 0.0 0
1747650506472 0.0 0
1747650506487 100.0 0
1747650506504 100.0 0
1747650506520 100.0 0
1747650506530 0.0 0
1747650506544 0.0 0
1747650506557 0.0 0
1747650506569 0.0 0
1747650506580 100.0 0
1747650506589 100.0 0
1747650506603 0.0 0
1747650506615 100.0 0
1747650506632 0.0 0
1747650506642 100.0 0
1747650506650 0.0 0
1747650506663 0.0 0
1747650506680 100.0 0
1747650506691 0.0 0
1747650506708 100.0 0
1747650506725 100.0 0
1747650506740 100.0 0
1747650506749 0.0 0
1747650506760 100.0 0
1747650506772 0.0 0
1747650506779 100.0 0
1747650506803 0.0 0
1747650506815 0.0 0
1747650506838 0.0 0
1747650506847 0.0 0
1747650506855 0.0 0
1747650506866 100.0 0
1747650506880 0.0 0
1747650506894 100.0 0
1747650506911 0.0 0
1747650506923 0.0 0
1747650506933 100.0 0
1747650506941 100.0 0
1747650506953 100.0 0
1747650506964 0.0 0
1747650506974 100.0 0
1747650506982 100.0 0
1747650506998 0.0 0
1747650507006 100.0 0
1747650507017 0.0 0
1747650507029 0.0 0
1747650507040 100.0 0
1747650507051 100.0 0
1747650507063 0.0 0
1747650507086 0.0 0
1747650507105 100.0 0
1747650507120 100.0 0
1747650507131 100.0 0
1747650507139 100.0 0
1747650507150 0.0 0
1747650507161 100.0 0
1747650507187 0.0 0
1747650507199 0.0 0
1747650507210 0.0 0
1747650507222 0.0 0
1747650507234 0.0 0
1747650507246 100.0 0
1747650507256 100.0 0
1747650507270 100.0 0
1747650507281 0.0 0
1747650507293 0.0 0
1747650507300 100.0 0
1747650507312 0.0 0
1747650507323 100.0 0
1747650507331 0.0 0
1747650507342 100.0 0
1747650507354 0.0 0
1747650507365 100.0 0
1747650507374 0.0 0
1747650507383 0.0 0
1747650507396 100.0 0
1747650507413 100.0 0
1747650507423 100.0 0
1747650507436 0.0 0
1747650507453 100.0 0
1747650507462 100.0 0
1747650507471 0.0 0
1747650507479 0.0 0
1747650507495 100.0 0
1747650507506 0.0 0
1747650507516 0.0 0
1747650507530 100.0 0
1747650507541 0.0 0
1747650507552 0.0 0
1747650507565 100.0 0
1747650507576 0.0 0
1747650507587 0.0 0
1747650507595 100.0 0
1747650507604 0.0 0
1747650507615 100.0 0
1747650507637 100.0 0
1747650507649 0.0 0
1747650507661 100.0 0
1747650507680 100.0 0
1747650507693 0.0 0
1747650507705 100.0 0
1747650507715 100.0 0
1747650507724 100.0 0
1747650507733 0.0 0
1747650507744 0.0 0
1747650507753 100.0 0
1747650507763 0.0 0
1747650507774 100.0 0
1747650507785 100.0 0
1747650507800 0.0 0
1747650507809 100.0 0
1747650507818 100.0 0
1747650507834 100.0 0
1747650507845 0.0 0
1747650507854 100.0 0
1747650507867 100.0 0
1747650507879 100.0 0
1747650507888 0.0 0
1747650507899 0.0 0
1747650507913 100.0 0
1747650507930 100.0 0
1747650507941 0.0 0
1747650507964 0.0 0
1747650507975 100.0 0
1747650507986 100.0 0
1747650507995 0.0 0
1747650508007 100.0 0
1747650508018 0.0 0
1747650508028 0.0 0
1747650508041 100.0 0
1747650508052 0.0 0
1747650508063 100.0 0
1747650508074 0.0 0
1747650508083 0.0 0
1747650508090 100.0 0
1747650508104 100.0 0
1747650508116 0.0 0
1747650508128 100.0 0
1747650508139 100.0 0
1747650508151 100.0 0
1747650508162 100.0 0
1747650508171 0.0 0
1747650508187 0.0 0
1747650508203 0.0 0
1747650508213 0.0 0
1747650508221 0.0 0
1747650508233 0.0 0
1747650508244 0.0 0
1747650508256 100.0 0
1747650508269 100.0 0
1747650508282 0.0 0
1747650508294 0.0 0
1747650508306 0.0 0
1747650508316 0.0 0
1747650508328 0.0 0
1747650508339 0.0 0
1747650508355 100.0 0
1747650508369 100.0 0
1747650508382 0.0 0
1747650508392 0.0 0
1747650508404 0.0 0
1747650508415 0.0 0
1747650508426 0.0 0
1747650508441 100.0 0
1747650508452 0.0 0
1747650508477 0.0 0
1747650508489 0.0 0
1747650508501 0.0 0
1747650508528 0.0 0
1747650508540 0.0 0
1747650508559 100.0 0
1747650508571 0.0 0
1747650508579 100.0 0
1747650508588 100.0 0
1747650508596 100.0 0
1747650508609 0.0 0
1747650508620 100.0 0
1747650508629 0.0 0
1747650508637 100.0 0
1747650508646 0.0 0
1747650508660 0.0 0
1747650508671 100.0 0
1747650508687 100.0 0
1747650508696 100.0 0
1747650508707 0.0 0
1747650508728 0.0 0
1747650508740 100.0 0
1747650508757 100.0 0
1747650508772 0.0 0
1747650508780 0.0 0
1747650508790 0.0 0
1747650508806 100.0 0
1747650508813 0.0 0
1747650508825 0.0 0
1747650508836 100.0 0
1747650508847 0.0 0
1747650508858 0.0 0
1747650508877 100.0 0
1747650508894 100.0 0
1747650508912 100.0 0
1747650508923 0.0 0
1747650508932 100.0 0
1747650508941 0.0 0
1747650508952 0.0 0
1747650508964 0.0 0
1747650508983 0.0 0
1747650508995 0.0 0
1747650509006 0.0 0
1747650509014 0.0 0
1747650509030 0.0 0
1747650509047 0.0 0
1747650509059 0.0 0
1747650509070 0.0 0
1747650509084 100.0 0
1747650509103 0.0 0
1747650509115 0.0 0
1747650509134 0.0 0
1747650509143 100.0 0
1747650509160 100.0 0
1747650509170 0.0 0
1747650509181 0.0 0
1747650509196 100.0 0
1747650509207 0.0 0
1747650509226 100.0 0
1747650509240 0.0 0
1747650509257 0.0 0
1747650509282 0.0 0
1747650509293 100.0 0
1747650509305 100.0 0
1747650509316 100.0 0
1747650509333 100.0 0
1747650509344 0.0 0
1747650509360 100.0 0
1747650509372 0.0 0
1747650509383 0.0 0
1747650509405 0.0 0
1747650509417 100.0 0
1747650509425 100.0 0
1747650509439 0.0 0
1747650509453 0.0 0
1747650509471 0.0 0
1747650509485 0.0 0
1747650509495 100.0 0
1747650509507 100.0 0
1747650509522 0.0 0
1747650509530 100.0 0
1747650509547 0.0 0
1747650509567 0.0 0
1747650509584 0.0 0
1747650509595 100.0 0
1747650509605 0.0 0
1747650509621 0.0 0
1747650509632 0.0 0
1747650509647 100.0 0
1747650509665 0.0 0
1747650509675 0.0 0
1747650509687 0.0 0
1747650509699 100.0 0
1747650509713 100.0 0
1747650509730 100.0 0
1747650509742 100.0 0
1747650509753 0.0 0
1747650509762 100.0 0
1747650509781 0.0 0
1747650509794 0.0 0
1747650509804 0.0 0
1747650509820 0.0 0
1747650509830 100.0 0
1747650509838 0.0 0
1747650509849 100.0 0
1747650509860 100.0 0
1747650509870 0.0 0
1747650509878 100.0 0
1747650509895 0.0 0
1747650509908 100.0 0
1747650509922 0.0 0
1747650509942 100.0 0
1747650509965 0.0 0
1747650509979 0.0 0
1747650509991 100.0 0
1747650510002 0.0 0
1747650510012 0.0 0
1747650510023 100.0 0
1747650510032 0.0 0
1747650510064 0.0 0
1747650510074 100.0 0
1747650510091 100.0 0
1747650510103 0.0 0
1747650510120 0.0 0
1747650510132 100.0 0
1747650510144 0.0 0
1747650510163 0.0 0
1747650510175 0.0 0
1747650510186 0.0 0
1747650510200 0.0 0
1747650510211 100.0 0
1747650510221 100.0 0
1747650510247 0.0 0
1747650510263 100.0 0
1747650510295 0.0 0
1747650510306 100.0 0
1747650510318 100.0 0
1747650510330 100.0 0
1747650510347 0.0 0
1747650510362 0.0 0
1747650510376 100.0 0
1747650510384 100.0 0
1747650510394 100.0 0
1747650510405 100.0 0
1747650510427 100.0 0
1747650510441 0.0 0
1747650510452 0.0 0
1747650510465 100.0 0
1747650510473 0.0 0
1747650510484 0.0 0
1747650510494 100.0 0
1747650510503 100.0 0
1747650510515 100.0 0
1747650510535 0.0 0
1747650510547 0.0 0
1747650510558 100.0 0
1747650510569 0.0 0
1747650510580 0.0 0
1747650510604 0.0 0
1747650510614 100.0 0
1747650510626 100.0 0
1747650510637 0.0 0
1747650510646 100.0 0
1747650510667 0.0 0
1747650510678 0.0 0
1747650510689 100.0 0
1747650510698 100.0 0
1747650510717 100.0 0
1747650510729 0.0 0
1747650510746 100.0 0
1747650510758 0.0 0
1747650510770 100.0 0
1747650510786 100.0 0
1747650510801 100.0 0
1747650510820 0.0 0
1747650510829 100.0 0
1747650510840 100.0 0
1747650510851 100.0 0
1747650510861 0.0 0
1747650510871 100.0 0
1747650510882 0.0 0
1747650510892 0.0 0
1747650510903 100.0 0
1747650510913 0.0 0
1747650510936 100.0 0
1747650510948 100.0 0
1747650510958 100.0 0
1747650510970 100.0 0
1747650510991 100.0 0
1747650511009 100.0 0
1747650511016 100.0 0
1747650511025 0.0 0
1747650511036 100.0 0
1747650511052 100.0 0
1747650511073 100.0 0
1747650511085 100.0 0
1747650511104 100.0 0
1747650511137 0.0 0
1747650511149 0.0 0
1747650511158 0.0 0
1747650511166 0.0 0
1747650511177 100.0 0
1747650511206 100.0 0
1747650511217 100.0 0
1747650511229 100.0 0
1747650511240 0.0 0
1747650511250 100.0 0
1747650511262 0.0 0
1747650511273 0.0 0
1747650511284 0.0 0
1747650511295 0.0 0
1747650511305 0.0 0
1747650511315 100.0 0
1747650511327 100.0 0
1747650511339 0.0 0
1747650511348 100.0 0
1747650511358 0.0 0
1747650511370 100.0 0
1747650511380 0.0 0
1747650511388 0.0 0
1747650511399 100.0 0
1747650511411 0.0 0
1747650511428 100.0 0
1747650511443 100.0 0
1747650511457 0.0 0
1747650511470 0.0 0
1747650511484 100.0 0
1747650511506 100.0 0
1747650511518 100.0 0
1747650511530 0.0 0
1747650511542 0.0 0
1747650511554 0.0 0
1747650511564 0.0 0
1747650511572 100.0 0
1747650511586 100.0 0
1747650511597 100.0 0
1747650511613 0.0 0
1747650511621 100.0 0
1747650511633 100.0 0
1747650511644 100.0 0
1747650511656 0.0 0
1747650511666 0.0 0
1747650511678 100.0 0
1747650511688 100.0 0
1747650511699 0.0 0
1747650511711 100.0 0
1747650511726 100.0 0
1747650511736 100.0 0
1747650511748 0.0 0
1747650511760 100.0 0
1747650511777 0.0 0
1747650511787 0.0 0
1747650511797 0.0 0
1747650511814 0.0 0
1747650511826 0.0 0
1747650511837 0.0 0
1747650511853 0.0 0
1747650511864 0.0 0
1747650511875 100.0 0
1747650511886 100.0 0
1747650511895 0.0 0
1747650511905 100.0 0
1747650511921 100.0 0
1747650511930 100.0 0
1747650511968 0.0 0
1747650511982 100.0 0
1747650511995 100.0 0
1747650512007 0.0 0
1747650512017 0.0 0
1747650512047 100.0 0
1747650512065 0.0 0
1747650512075 0.0 0
1747650512086 0.0 0
1747650512097 0.0 0
1747650512108 0.0 0
1747650512119 100.0 0
1747650512130 100.0 0
1747650512151 0.0 0
1747650512164 100.0 0
1747650512175 0.0 0
1747650512192 100.0 0
1747650512204 0.0 0
1747650512214 100.0 0
1747650512221 100.0 0
1747650512232 0.0 0
1747650512240 100.0 0
1747650512254 100.0 0
1747650512263 100.0 0
1747650512278 0.0 0
1747650512292 0.0 0
1747650512303 0.0 0
1747650512313 100.0 0
1747650512331 0.0 0
1747650512344 0.0 0
1747650512382 0.0 0
1747650512399 0.0 0
1747650512429 0.0 0
1747650512452 0.0 0
1747650512473 0.0 0
1747650512484 0.0 0
1747650512497 0.0 0
1747650512510 0.0 0
1747650512524 0.0 0
1747650512535 100.0 0
1747650512557 0.0 0
1747650512584 100.0 0
1747650512597 0.0 0
1747650512610 0.0 0
1747650512630 100.0 0
1747650512640 0.0 0
1747650512663 100.0 0
1747650512676 0.0 0
1747650512685 100.0 0
1747650512695 100.0 0
1747650512712 0.0 0
1747650512722 100.0 0
1747650512730 100.0 0
1747650512744 100.0 0
1747650512756 100.0 0
1747650512770 0.0 0
1747650512783 0.0 0
1747650512796 100.0 0
1747650512809 100.0 0
1747650512826 100.0 0
1747650512839 100.0 0
1747650512851 100.0 0
1747650512860 100.0 0
1747650512872 0.0 0
1747650512887 100.0 0
1747650512898 0.0 0
1747650512920 0.0 0
1747650512933 0.0 0
1747650512945 100.0 0
1747650512959 100.0 0
1747650512974 100.0 0
1747650512988 100.0 0
1747650512999 0.0 0
1747650513011 0.0 0
1747650513020 100.0 0
1747650513032 0.0 0
1747650513043 0.0 0
1747650513062 100.0 0
1747650513077 0.0 0
1747650513086 0.0 0
1747650513098 100.0 0
1747650513109 0.0 0
1747650513118 100.0 0
1747650513129 0.0 0
1747650513139 0.0 0
1747650513149 100.0 0
1747650513157 100.0 0
1747650513167 100.0 0
1747650513184 0.0 0
1747650513199 0.0 0
1747650513210 100.0 0
1747650513218 100.0 0
1747650513228 0.0 0
1747650513236 0.0 0
1747650513248 0.0 0
1747650513259 0.0 0
1747650513270 100.0 0
1747650513284 0.0 0
1747650513295 100.0 0
1747650513306 100.0 0
1747650513317 0.0 0
1747650513324 0.0 0
1747650513336 0.0 0
1747650513346 100.0 0
1747650513357 100.0 0
1747650513372 0.0 0
1747650513384 0.0 0
1747650513407 100.0 0
1747650513420 0.0 0
1747650513440 100.0 0
1747650513452 100.0 0
1747650513464 0.0 0
1747650513481 0.0 0
1747650513490 100.0 0
1747650513503 100.0 0
1747650513515 100.0 0
1747650513528 0.0 0
1747650513557 100.0 0
1747650513571 0.0 0
1747650513601 100.0 0
1747650513613 100.0 0
1747650513625 100.0 0
1747650513638 100.0 0
1747650513652 0.0 0
1747650513664 100.0 0
1747650513675 100.0 0
1747650513688 100.0 0
1747650513698 0.0 0
1747650513713 100.0 0
1747650513729 100.0 0
1747650513741 100.0 0
1747650513751 0.0 0
1747650513762 0.0 0
1747650513801 100.0 0
1747650513813 100.0 0
1747650513825 0.0 0
1747650513834 0.0 0
1747650513868 0.0 0
1747650513882 100.0 0
1747650513904 100.0 0
1747650513916 100.0 0
1747650513935 0.0 0
1747650513947 100.0 0
1747650513958 0.0 0
1747650513979 100.0 0
1747650513996 100.0 0
1747650514008 0.0 0
1747650514017 0.0 0
1747650514034 0.0 0
1747650514050 100.0 0
1747650514066 100.0 0
1747650514078 0.0 0
1747650514087 100.0 0
1747650514096 100.0 0
1747650514107 0.0 0
1747650514118 0.0 0
1747650514133 100.0 0
1747650514147 0.0 0
1747650514158 0.0 0
1747650514167 100.0 0
1747650514175 100.0 0
1747650514188 100.0 0
1747650514200 0.0 0
1747650514221 0.0 0
1747650514233 0.0 0
1747650514247 0.0 0
1747650514260 100.0 0
1747650514267 100.0 0
1747650514287 0.0 0
1747650514299 100.0 0
1747650514318 0.0 0
1747650514330 100.0 0
1747650514344 0.0 0
1747650514353 100.0 0
1747650514363 100.0 0
1747650514374 0.0 0
1747650514390 0.0 0
1747650514402 100.0 0
1747650514414 0.0 0
1747650514431 0.0 0
1747650514445 100.0 0
1747650514468 0.0 0
1747650514479 100.0 0
1747650514490 100.0 0
1747650514501 100.0 0
1747650514516 100.0 0
1747650514527 100.0 0
1747650514538 0.0 0
1747650514577 100.0 0
1747650514591 0.0 0
1747650514603 0.0 0
1747650514614 0.0 0
1747650514631 100.0 0
1747650514645 100.0 0
1747650514659 100.0 0
1747650514669 100.0 0
1747650514678 0.0 0
1747650514687 100.0 0
1747650514699 0.0 0
1747650514710 0.0 0
1747650514722 0.0 0
1747650514732 100.0 0
1747650514743 100.0 0
1747650514753 0.0 0
1747650514767 0.0 0
1747650514779 100.0 0
1747650514789 100.0 0
1747650514800 0.0 0
1747650514828 100.0 0
1747650514840 0.0 0
1747650514851 0.0 0
1747650514863 100.0 0
1747650514875 0.0 0
1747650514888 100.0 0
1747650514896 0.0 0
1747650514913 100.0 0
1747650514925 100.0 0
1747650514934 100.0 0
1747650514954 0.0 0
1747650514971 0.0 0
1747650514982 100.0 0
1747650515001 100.0 0
1747650515014 0.0 0
1747650515026 100.0 0
1747650515037 100.0 0
1747650515046 100.0 0
1747650515054 100.0 0
1747650515065 100.0 0
1747650515072 0.0 0
1747650515082 0.0 0
1747650515090 0.0 0
1747650515101 0.0 0
1747650515112 0.0 0
1747650515122 100.0 0
1747650515135 0.0 0
1747650515148 100.0 0
1747650515159 100.0 0
1747650515177 100.0 0
1747650515190 100.0 0
1747650515207 0.0 0
1747650515229 100.0 0
1747650515241 0.0 0
1747650515249 100.0 0
1747650515265 0.0 0
1747650515277 100.0 0
1747650515287 0.0 0
1747650515300 100.0 0
1747650515314 100.0 0
1747650515330 100.0 0
1747650515341 0.0 0
1747650515356 100.0 0
1747650515374 0.0 0
1747650515395 100.0 0
1747650515406 0.0 0
1747650515418 0.0 0
1747650515430 100.0 0
1747650515447 100.0 0
1747650515474 0.0 0
1747650515485 100.0 0
1747650515495 100.0 0
1747650515507 100.0 0
1747650515518 0.0 0
1747650515530 100.0 0
1747650515542 0.0 0
1747650515553 100.0 0
1747650515571 100.0 0
1747650515581 0.0 0
1747650515589 100.0 0
1747650515600 0.0 0
1747650515611 100.0 0
1747650515629 0.0 0
1747650515642 100.0 0
1747650515653 0.0 0
1747650515662 0.0 0
1747650515673 100.0 0
1747650515683 100.0 0
1747650515700 0.0 0
1747650515712 0.0 0
1747650515730 0.0 0
1747650515740 100.0 0
1747650515750 100.0 0
1747650515759 100.0 0
1747650515767 0.0 0
1747650515778 100.0 0
1747650515788 0.0 0
1747650515799 100.0 0
1747650515809 100.0 0
1747650515826 0.0 0
1747650515838 0.0 0
1747650515857 100.0 0
1747650515868 100.0 0
1747650515878 0.0 0
1747650515890 100.0 0
1747650515903 100.0 0
1747650515914 0.0 0
1747650515926 0.0 0
1747650515933 100.0 0
1747650515942 0.0 0
1747650515954 0.0 0
1747650515962 100.0 0
1747650515974 100.0 0
1747650515982 0.0 0
1747650515990 0.0 0
1747650516002 0.0 0
1747650516016 100.0 0
1747650516028 100.0 0
1747650516044 0.0 0
1747650516055 0.0 0
1747650516065 0.0 0
1747650516077 0.0 0
1747650516093 100.0 0
1747650516103 100.0 0
1747650516120 100.0 0
1747650516130 100.0 0
1747650516142 0.0 0
1747650516153 100.0 0
1747650516162 0.0 0
1747650516169 0.0 0
1747650516180 100.0 0
1747650516195 100.0 0
1747650516206 100.0 0
1747650516223 100.0 0
1747650516235 0.0 0
1747650516247 0.0 0
1747650516259 0.0 0
1747650516270 0.0 0
1747650516284 0.0 0
1747650516310 100.0 0
1747650516328 100.0 0
1747650516343 100.0 0
1747650516356 0.0 0
1747650516370 0.0 0
1747650516378 100.0 0
1747650516393 0.0 0
1747650516404 0.0 0
1747650516415 0.0 0
1747650516427 0.0 0
1747650516438 100.0 0
1747650516447 100.0 0
1747650516467 0.0 0
1747650516485 0.0 0
1747650516497 0.0 0
1747650516514 100.0 0
1747650516525 100.0 0
1747650516532 100.0 0
1747650516540 0.0 0
1747650516549 0.0 0
1747650516563 100.0 0
1747650516572 0.0 0
1747650516583 100.0 0
1747650516592 100.0 0
1747650516604 0.0 0
1747650516613 100.0 0
1747650516623 0.0 0
1747650516636 100.0 0
1747650516646 100.0 0
1747650516654 100.0 0
1747650516664 0.0 0
1747650516672 100.0 0
1747650516680 100.0 0
1747650516690 100.0 0
1747650516701 0.0 0
1747650516712 0.0 0
1747650516721 100.0 0
1747650516734 100.0 0
1747650516753 0.0 0
1747650516770 0.0 0
1747650516787 0.0 0
1747650516798 100.0 0
1747650516808 100.0 0
1747650516816 100.0 0
1747650516826 0.0 0
1747650516848 0.0 0
1747650516861 100.0 0
1747650516902 0.0 0
1747650516926 0.0 0
1747650516937 0.0 0
1747650516949 0.0 0
1747650516964 100.0 0
1747650516972 100.0 0
1747650516983 100.0 0
1747650516991 0.0 0
1747650517000 100.0 0
1747650517012 100.0 0
1747650517027 100.0 0
1747650517044 0.0 0
1747650517054 0.0 0
1747650517083 0.0 0
1747650517094 100.0 0
1747650517109 100.0 0
1747650517122 100.0 0
1747650517144 100.0 0
1747650517161 0.0 0
1747650517172 100.0 0
1747650517188 0.0 0
1747650517199 100.0 0
1747650517220 0.0 0
1747650517232 100.0 0
1747650517243 0.0 0
1747650517255 100.0 0
1747650517274 0.0 0
1747650517281 0.0 0
1747650517292 100.0 0
1747650517304 100.0 0
1747650517316 100.0 0
1747650517327 100.0 0
1747650517338 0.0 0
1747650517347 0.0 0
1747650517356 0.0 0
1747650517367 100.0 0
1747650517378 0.0 0
1747650517386 100.0 0
1747650517398 100.0 0
1747650517412 100.0 0
1747650517432 100.0 0
1747650517443 0.0 0
1747650517457 100.0 0
1747650517469 100.0 0
1747650517486 0.0 0
1747650517501 100.0 0
1747650517512 0.0 0
1747650517524 100.0 0
1747650517537 0.0 0
1747650517548 0.0 0
1747650517559 100.0 0
1747650517576 0.0 0
1747650517587 0.0 0
1747650517604 0.0 0
1747650517612 100.0 0
1747650517623 100.0 0
1747650517635 0.0 0
1747650517647 100.0 0
1747650517655 0.0 0
1747650517664 0.0 0
1747650517682 0.0 0
1747650517694 0.0 0
1747650517705 0.0 0
1747650517716 100.0 0
1747650517726 0.0 0
1747650517740 0.0 0
1747650517751 100.0 0
1747650517764 100.0 0
1747650517775 100.0 0
1747650517786 0.0 0
1747650517795 100.0 0
1747650517806 0.0 0
1747650517818 0.0 0
1747650517825 0.0 0
1747650517837 0.0 0
1747650517848 0.0 0
1747650517857 0.0 0
1747650517874 0.0 0
1747650517883 100.0 0
1747650517926 100.0 0
1747650517952 0.0 0
1747650517966 0.0 0
1747650517982 0.0 0
1747650517994 0.0 0
1747650518008 100.0 0
1747650518019 0.0 0
1747650518033 100.0 0
1747650518045 0.0 0
1747650518057 100.0 0
1747650518072 0.0 0
1747650518084 100.0 0
1747650518107 100.0 0
1747650518117 100.0 0
1747650518128 100.0 0
1747650518138 0.0 0
1747650518154 100.0 0
1747650518170 100.0 0
1747650518181 100.0 0
1747650518202 100.0 0
1747650518219 100.0 0
1747650518239 100.0 0
1747650518250 100.0 0
1747650518268 0.0 0
1747650518286 100.0 0
1747650518298 100.0 0
1747650518310 0.0 0
1747650518324 0.0 0
1747650518341 100.0 0
1747650518352 100.0 0
1747650518363 0.0 0
1747650518384 100.0 0
1747650518395 100.0 0
1747650518406 0.0 0
1747650518420 100.0 0
1747650518431 0.0 0
1747650518442 0.0 0
1747650518458 100.0 0
1747650518475 0.0 0
1747650518486 0.0 0
1747650518497 0.0 0
1747650518507 100.0 0
1747650518519 100.0 0
1747650518530 100.0 0
1747650518541 0.0 0
1747650518552 0.0 0
1747650518563 0.0 0
1747650518575 100.0 0
1747650518587 0.0 0
1747650518598 100.0 0
1747650518627 0.0 0
1747650518638 0.0 0
1747650518649 100.0 0
1747650518660 0.0 0
1747650518676 100.0 0
1747650518687 0.0 0
1747650518702 0.0 0
1747650518720 100.0 0
1747650518731 100.0 0
1747650518742 0.0 0
1747650518753 0.0 0
1747650518764 0.0 0
1747650518780 0.0 0
1747650518796 100.0 0
1747650518807 100.0 0
1747650518824 100.0 0
1747650518835 0.0 0
1747650518852 0.0 0
1747650518868 100.0 0
1747650518879 0.0 0
1747650518890 0.0 0
1747650518902 0.0 0
1747650518913 100.0 0
1747650518925 0.0 0
1747650518949 0.0 0
1747650518971 100.0 0
1747650518982 100.0 0
1747650518993 0.0 0
1747650519012 0.0 0
1747650519029 0.0 0
1747650519047 100.0 0
1747650519057 0.0 0
1747650519074 100.0 0
1747650519085 0.0 0
1747650519096 0.0 0
1747650519108 0.0 0
1747650519120 100.0 0
1747650519147 0.0 0
1747650519172 0.0 0
1747650519188 100.0 0
1747650519199 0.0 0
1747650519210 100.0 0
1747650519221 0.0 0
1747650519229 0.0 0
1747650519237 100.0 0
1747650519247 0.0 0
1747650519268 0.0 0
1747650519279 100.0 0
1747650519289 0.0 0
1747650519305 100.0 0
1747650519317 100.0 0
1747650519330 0.0 0
1747650519347 0.0 0
1747650519367 0.0 0
1747650519379 0.0 0
1747650519395 100.0 0
1747650519406 0.0 0
1747650519417 0.0 0
1747650519428 100.0 0
1747650519439 100.0 0
1747650519449 100.0 0
1747650519471 100.0 0
1747650519486 0.0 0
1747650519497 0.0 0
1747650519515 0.0 0
1747650519527 0.0 0
1747650519544 0.0 0
1747650519555 0.0 0
1747650519564 100.0 0
1747650519580 100.0 0
1747650519597 0.0 0
1747650519608 100.0 0
1747650519619 100.0 0
1747650519636 100.0 0
1747650519652 0.0 0
1747650519663 100.0 0
1747650519674 100.0 0
1747650519692 0.0 0
1747650519705 0.0 0
1747650519726 100.0 0
1747650519747 100.0 0
1747650519776 100.0 0
1747650519788 100.0 0
1747650519808 100.0 0
1747650519822 100.0 0
1747650519842 100.0 0
1747650519855 0.0 0
1747650519866 0.0 0
1747650519878 0.0 0
1747650519892 100.0 0
1747650519912 0.0 0
1747650519934 0.0 0
1747650519947 100.0 0
1747650519959 100.0 0
1747650519976 100.0 0
1747650519987 0.0 0
1747650519998 100.0 0
1747650520009 0.0 0
1747650520021 0.0 0
1747650520033 0.0 0
1747650520046 100.0 0
1747650520065 100.0 0
1747650520077 100.0 0
1747650520088 0.0 0
1747650520099 0.0 0
1747650520110 0.0 0
1747650520128 0.0 0
1747650520140 100.0 0
1747650520152 0.0 0
1747650520163 0.0 0
1747650520178 100.0 0
1747650520194 100.0 0
1747650520203 0.0 0
1747650520212 0.0 0
1747650520223 0.0 0
1747650520234 0.0 0
1747650520245 100.0 0
1747650520262 0.0 0
1747650520273 100.0 0
1747650520285 0.0 0
1747650520300 0.0 0
1747650520311 100.0 0
1747650520322 0.0 0
1747650520334 0.0 0
1747650520359 0.0 0
1747650520375 100.0 0
1747650520389 100.0 0
1747650520401 0.0 0
1747650520419 0.0 0
1747650520437 100.0 0
1747650520455 0.0 0
1747650520466 100.0 0
1747650520477 100.0 0
1747650520493 100.0 0
1747650520504 0.0 0
1747650520515 0.0 0
1747650520526 0.0 0
1747650520545 0.0 0
1747650520558 100.0 0
1747650520575 0.0 0
1747650520591 0.0 0
1747650520604 100.0 0
1747650520616 100.0 0
1747650520639 0.0 0
1747650520650 0.0 0
1747650520660 0.0 0
1747650520671 0.0 0
1747650520697 100.0 0
1747650520709 100.0 0
1747650520720 100.0 0
1747650520732 0.0 0
1747650520744 100.0 0
1747650520758 100.0 0
1747650520775 0.0 0
1747650520787 100.0 0
1747650520799 100.0 0
1747650520816 100.0 0
1747650520828 100.0 0
1747650520845 100.0 0
1747650520856 100.0 0
1747650520868 0.0 0
1747650520879 100.0 0
1747650520896 100.0 0
1747650520908 0.0 0
1747650520919 0.0 0
1747650520930 0.0 0
1747650520948 100.0 0
1747650520967 100.0 0
1747650520980 100.0 0
1747650520990 0.0 0
1747650521008 0.0 0
1747650521021 100.0 0
1747650521033 0.0 0
1747650521045 100.0 0
1747650521057 0.0 0
1747650522643 0.0 0
1747650522658 100.0 0
1747650522670 0.0 0
1747650522691 100.0 0
1747650522704 0.0 0
1747650522723 100.0 0
1747650522737 100.0 0
1747650522761 0.0 0
1747650522780 100.0 0
1747650522809 100.0 0
1747650522829 0.0 0
1747650522850 0.0 0
1747650522863 0.0 0
1747650522873 100.0 0
1747650522884 100.0 0
1747650522905 0.0 0
1747650522921 0.0 0
1747650522933 0.0 0
1747650522945 100.0 0
1747650522958 100.0 0
1747650522970 0.0 0
1747650522983 0.0 0
1747650522995 100.0 0
1747650523021 0.0 0
1747650523048 100.0 0
1747650523063 0.0 0
1747650523075 0.0 0
1747650523088 100.0 0
1747650523103 0.0 0
1747650523116 100.0 0
1747650523129 100.0 0
1747650523148 100.0 0
1747650523177 0.0 0
1747650523188 100.0 0
1747650523209 0.0 0
1747650523223 0.0 0
1747650523242 100.0 0
1747650523267 0.0 0
1747650523279 100.0 0
1747650523293 100.0 0
1747650523306 100.0 0
1747650523322 0.0 0
1747650523331 0.0 0
1747650523341 100.0 0
1747650523360 0.0 0
1747650523373 0.0 0
1747650523383 100.0 0
1747650523392 100.0 0
1747650523404 0.0 0
1747650523422 100.0 0
1747650523443 100.0 0
1747650523457 0.0 0
1747650523487 100.0 0
1747650523499 0.0 0
1747650523518 0.0 0
1747650523530 100.0 0
1747650523542 0.0 0
1747650523554 100.0 0
1747650523570 0.0 0
1747650523581 0.0 0
1747650523603 0.0 0
1747650523615 100.0 0
1747650523627 100.0 0
1747650523638 0.0 0
1747650523650 0.0 0
1747650523664 0.0 0
1747650523677 0.0 0
1747650523689 0.0 0
1747650523701 100.0 0
1747650523711 100.0 0
1747650523720 0.0 0
1747650523742 100.0 0
1747650523754 100.0 0
1747650523762 100.0 0
1747650523771 0.0 0
1747650523782 100.0 0
1747650523796 100.0 0
1747650523829 100.0 0
1747650523867 100.0 0
1747650523894 100.0 0
1747650523923 100.0 0
1747650523935 100.0 0
1747650523946 0.0 0
1747650523957 0.0 0
1747650523968 0.0 0
1747650523980 100.0 0
1747650523997 100.0 0
1747650524008 0.0 0
1747650524016 0.0 0
1747650524025 100.0 0
1747650524035 0.0 0
1747650524045 0.0 0
1747650524062 100.0 0
1747650524073 0.0 0
1747650524085 100.0 0
1747650524098 0.0 0
1747650524115 100.0 0
1747650524140 100.0 0
1747650524155 0.0 0
1747650524182 100.0 0
1747650524194 0.0 0
1747650524206 0.0 0
1747650524233 0.0 0
1747650524245 100.0 0
1747650524254 0.0 0
1747650524266 0.0 0
1747650524278 0.0 0
1747650524290 0.0 0
1747650524302 0.0 0
1747650524318 0.0 0
1747650524329 100.0 0
1747650524339 100.0 0
1747650524364 100.0 0
1747650524375 100.0 0
1747650524386 0.0 0
1747650524397 0.0 0
1747650524413 100.0 0
1747650524422 0.0 0
1747650524430 0.0 0
1747650524456 100.0 0
1747650524469 0.0 0
1747650524486 100.0 0
1747650524499 100.0 0
1747650524511 100.0 0
1747650524523 0.0 0
1747650524539 0.0 0
1747650524550 100.0 0
1747650524561 0.0 0
1747650524583 0.0 0
1747650524595 0.0 0
1747650524606 100.0 0
1747650524621 100.0 0
1747650524632 100.0 0
1747650524641 100.0 0
1747650524653 100.0 0
1747650524662 0.0 0
1747650524674 100.0 0
1747650524687 0.0 0
1747650524699 100.0 0
1747650524709 100.0 0
1747650524718 100.0 0
1747650524729 100.0 0
1747650524741 100.0 0
1747650524755 0.0 0
1747650524764 100.0 0
1747650524799 100.0 0
1747650524811 0.0 0
1747650524822 100.0 0
1747650524833 0.0 0
1747650524842 100.0 0
1747650524853 100.0 0
1747650524867 100.0 0
1747650524885 100.0 0
1747650524898 100.0 0
1747650524919 0.0 0
1747650524935 0.0 0
1747650524947 0.0 0
1747650524969 100.0 0
1747650524989 100.0 0
1747650525001 100.0 0
1747650525021 100.0 0
1747650525042 100.0 0
1747650525056 100.0 0
1747650525067 0.0 0
1747650525078 0.0 0
1747650525090 100.0 0
1747650525114 100.0 0
1747650525127 100.0 0
1747650525138 100.0 0
1747650525150 100.0 0
1747650525164 100.0 0
1747650525189 100.0 0
1747650525201 0.0 0
1747650525218 100.0 0
1747650525225 0.0 0
1747650525239 100.0 0
1747650525251 100.0 0
1747650525263 0.0 0
1747650525274 100.0 0
1747650525285 0.0 0
1747650525304 0.0 0
1747650525316 0.0 0
1747650525339 0.0 0
1747650525353 100.0 0
1747650525372 100.0 0
1747650525379 0.0 0
1747650525394 0.0 0
1747650525404 0.0 0
1747650525420 0.0 0
1747650525439 0.0 0
1747650525452 100.0 0
1747650525463 0.0 0
1747650525476 0.0 0
1747650525498 0.0 0
1747650525511 0.0 0
1747650525524 0.0 0
1747650525550 0.0 0
1747650525562 0.0 0
1747650525580 100.0 0
1747650525594 0.0 0
1747650525604 0.0 0
1747650525625 0.0 0
1747650525636 0.0 0
1747650525645 0.0 0
1747650525658 100.0 0
1747650525670 0.0 0
1747650525692 100.0 0
1747650525706 0.0 0
1747650525718 100.0 0
1747650525757 100.0 0
1747650525768 0.0 0
1747650525783 100.0 0
1747650525803 0.0 0
1747650525815 100.0 0
1747650525824 100.0 0
1747650525834 0.0 0
1747650525843 0.0 0
1747650525859 0.0 0
1747650525870 100.0 0
1747650525880 0.0 0
1747650525888 100.0 0
1747650525900 100.0 0
1747650525917 100.0 0
1747650525935 100.0 0
1747650525973 0.0 0
1747650525988 100.0 0
1747650525998 100.0 0
1747650526013 0.0 0
1747650526025 0.0 0
1747650526036 0.0 0
1747650526048 100.0 0
1747650526059 0.0 0
1747650526070 100.0 0
1747650526081 100.0 0
1747650526097 0.0 0
1747650526128 100.0 0
1747650526152 0.0 0
1747650526165 100.0 0
1747650526173 0.0 0
1747650526185 100.0 0
1747650526195 0.0 0
1747650526206 100.0 0
1747650526216 100.0 0
1747650526228 0.0 0
1747650526239 100.0 0
1747650526263 0.0 0
1747650526285 0.0 0
1747650526307 100.0 0
1747650526320 0.0 0
1747650526333 0.0 0
1747650526345 100.0 0
1747650526363 100.0 0
1747650526371 100.0 0
1747650526383 0.0 0
1747650526395 100.0 0
1747650526406 0.0 0
1747650526419 100.0 0
1747650526430 0.0 0
1747650526439 100.0 0
1747650526455 0.0 0
1747650526466 100.0 0
1747650526482 0.0 0
1747650526490 0.0 0
1747650526507 100.0 0
1747650526525 100.0 0
1747650526537 0.0 0
1747650526549 0.0 0
1747650526567 0.0 0
1747650526585 0.0 0
1747650526603 100.0 0
1747650526641 100.0 0
1747650526653 100.0 0
1747650526665 0.0 0
1747650526675 100.0 0
1747650526693 0.0 0
1747650526707 100.0 0
1747650526719 100.0 0
1747650526749 0.0 0
1747650526764 100.0 0
1747650526776 0.0 0
1747650526784 100.0 0
1747650526811 0.0 0
1747650526822 0.0 0
1747650526834 100.0 0
1747650526842 0.0 0
1747650526852 0.0 0
1747650526868 0.0 0
1747650526879 0.0 0
1747650526890 0.0 0
1747650526899 0.0 0
1747650526911 0.0 0
1747650526918 0.0 0
1747650526928 100.0 0
1747650526944 100.0 0
1747650526965 0.0 0
1747650526978 0.0 0
1747650526990 100.0 0
1747650527001 100.0 0
1747650527010 0.0 0
1747650527018 100.0 0
1747650527029 100.0 0
1747650527053 100.0 0
1747650527070 100.0 0
1747650527080 0.0 0
1747650527090 0.0 0
1747650527100 100.0 0
1747650527119 0.0 0
1747650527131 0.0 0
1747650527148 100.0 0
1747650527160 100.0 0
1747650527173 100.0 0
1747650527185 0.0 0
1747650527197 100.0 0
1747650527208 100.0 0
1747650527228 100.0 0
1747650527240 0.0 0
1747650527253 0.0 0
1747650527266 100.0 0
1747650527275 0.0 0
1747650527286 100.0 0
1747650527305 100.0 0
1747650527316 0.0 0
1747650527327 100.0 0
1747650527338 0.0 0
1747650527350 100.0 0
1747650527362 0.0 0
1747650527381 0.0 0
1747650527397 100.0 0
1747650527413 0.0 0
1747650527424 0.0 0
1747650527436 0.0 0
1747650527447 100.0 0
1747650527459 0.0 0
1747650527470 0.0 0
1747650527480 0.0 0
1747650527492 0.0 0
1747650527504 0.0 0
1747650527514 100.0 0
1747650527525 0.0 0
1747650527536 0.0 0
1747650527546 0.0 0
1747650527555 0.0 0
1747650527567 0.0 0
1747650527579 100.0 0
1747650527592 0.0 0
1747650527605 100.0 0
1747650527616 100.0 0
1747650527634 0.0 0
1747650527651 0.0 0
1747650527662 0.0 0
1747650527680 0.0 0
1747650527695 0.0 0
1747650527703 0.0 0
1747650527715 100.0 0
1747650527729 0.0 0
1747650527741 0.0 0
1747650527753 100.0 0
1747650527792 0.0 0
1747650527832 0.0 0
1747650527851 100.0 0
1747650527870 100.0 0
1747650527895 0.0 0
1747650527907 100.0 0
1747650527922 0.0 0
1747650527934 100.0 0
1747650527949 0.0 0
1747650527959 0.0 0
1747650527989 0.0 0
1747650528000 0.0 0
1747650528016 100.0 0
1747650528028 100.0 0
1747650528054 0.0 0
1747650528066 0.0 0
1747650528081 100.0 0
1747650528097 100.0 0
1747650528113 100.0 0
1747650528123 100.0 0
1747650528135 0.0 0
1747650528149 0.0 0
1747650528163 0.0 0
1747650528177 0.0 0
1747650528189 100.0 0
1747650528199 100.0 0
1747650528211 0.0 0
1747650528223 100.0 0
1747650528232 0.0 0
1747650528243 100.0 0
1747650528252 100.0 0
1747650528270 0.0 0
1747650528282 0.0 0
1747650528298 100.0 0
1747650528305 0.0 0
1747650528312 0.0 0
1747650528324 0.0 0
1747650528334 100.0 0
1747650528349 0.0 0
1747650528363 0.0 0
1747650528381 0.0 0
1747650528393 0.0 0
1747650528407 100.0 0
1747650528438 100.0 0
1747650528457 100.0 0
1747650528468 0.0 0
1747650528479 100.0 0
1747650528491 0.0 0
1747650528501 0.0 0
1747650528513 0.0 0
1747650528524 100.0 0
1747650528536 0.0 0
1747650528546 0.0 0
1747650528555 100.0 0
1747650528567 0.0 0
1747650528579 0.0 0
1747650528596 0.0 0
1747650528607 0.0 0
1747650528635 100.0 0
1747650528645 100.0 0
1747650528666 100.0 0
1747650528678 100.0 0
1747650528689 100.0 0
1747650528701 100.0 0
1747650528722 0.0 0
1747650528742 0.0 0
1747650528753 0.0 0
1747650528767 0.0 0
1747650528786 0.0 0
1747650528799 100.0 0
1747650528816 0.0 0
1747650528830 100.0 0
1747650528850 100.0 0
1747650528862 0.0 0
1747650528874 100.0 0
1747650528893 100.0 0
1747650528908 0.0 0
1747650528920 100.0 0
1747650528933 0.0 0
1747650528948 100.0 0
1747650528961 0.0 0
1747650528980 100.0 0
1747650529007 100.0 0
1747650529022 100.0 0
1747650529037 100.0 0
1747650529053 0.0 0
1747650529074 0.0 0
1747650529088 100.0 0
1747650529102 100.0 0
1747650529123 0.0 0
1747650529135 0.0 0
1747650529159 100.0 0
1747650529175 0.0 0
1747650529215 100.0 0
1747650529248 0.0 0
1747650529263 100.0 0
1747650529275 0.0 0
1747650529296 0.0 0
1747650529316 0.0 0
1747650529333 100.0 0
1747650529353 100.0 0
1747650529377 0.0 0
1747650529404 0.0 0
1747650529427 0.0 0
1747650529442 0.0 0
1747650529462 0.0 0
1747650529486 0.0 0
1747650529501 0.0 0
1747650529515 100.0 0
1747650529529 0.0 0
1747650529550 0.0 0
1747650529575 0.0 0
1747650529593 0.0 0
1747650529615 0.0 0
1747650529637 0.0 0
1747650529680 0.0 0
1747650529694 0.0 0
1747650529707 0.0 0
1747650529719 100.0 0
1747650529737 0.0 0
1747650529766 0.0 0
1747650529789 100.0 0
1747650529802 0.0 0
1747650529815 0.0 0
1747650529837 100.0 0
1747650529847 100.0 0
1747650529860 0.0 0
1747650529872 0.0 0
1747650529886 100.0 0
1747650529898 100.0 0
1747650529909 0.0 0
1747650529931 100.0 0
1747650529953 0.0 0
1747650529965 100.0 0
1747650529976 0.0 0
1747650529991 0.0 0
1747650530001 0.0 0
1747650530014 100.0 0
1747650530031 0.0 0
1747650530055 0.0 0
1747650530067 0.0 0
1747650530078 100.0 0
1747650530090 100.0 0
1747650530101 0.0 0
1747650530111 100.0 0
1747650530123 0.0 0
1747650530134 100.0 0
1747650530146 100.0 0
1747650530164 100.0 0
1747650530184 0.0 0
1747650530196 0.0 0
1747650530207 0.0 0
1747650530239 0.0 0
1747650530253 0.0 0
1747650530266 100.0 0
1747650530279 100.0 0
1747650530288 100.0 0
1747650530298 100.0 0
1747650530314 100.0 0
1747650530323 100.0 0
1747650530355 100.0 0
1747650530367 100.0 0
1747650530376 0.0 0
1747650530387 0.0 0
1747650530398 100.0 0
1747650530414 0.0 0
1747650530433 100.0 0
1747650530444 100.0 0
1747650530457 0.0 0
1747650530469 100.0 0
1747650530483 100.0 0
1747650530492 0.0 0
1747650530501 0.0 0
1747650530513 100.0 0
1747650530522 100.0 0
1747650530534 0.0 0
1747650530547 0.0 0
1747650530559 0.0 0
1747650530571 0.0 0
1747650530583 0.0 0
1747650530591 0.0 0
1747650530603 100.0 0
1747650530615 0.0 0
1747650530632 100.0 0
1747650530664 100.0 0
1747650530673 0.0 0
1747650530684 0.0 0
1747650530698 0.0 0
1747650530715 100.0 0
1747650530727 100.0 0
1747650530738 0.0 0
1747650530747 100.0 0
1747650530754 100.0 0
1747650530772 0.0 0
1747650530781 0.0 0
1747650530791 0.0 0
1747650530804 100.0 0
1747650530815 0.0 0
1747650530825 0.0 0
1747650530843 100.0 0
1747650530854 0.0 0
1747650530867 0.0 0
1747650530882 0.0 0
1747650530891 0.0 0
1747650530903 0.0 0
1747650530915 0.0 0
1747650530930 100.0 0
1747650530944 0.0 0
1747650530955 100.0 0
1747650530976 0.0 0
1747650530998 0.0 0
1747650531014 100.0 0
1747650531025 100.0 0
1747650531039 100.0 0
1747650531056 100.0 0
1747650531074 100.0 0
1747650531110 0.0 0
1747650531121 0.0 0
1747650531145 0.0 0
1747650531165 100.0 0
1747650531183 0.0 0
1747650531199 0.0 0
1747650531213 100.0 0
1747650531229 0.0 0
1747650531248 100.0 0
1747650531262 0.0 0
1747650531285 100.0 0
1747650531305 0.0 0
1747650531326 100.0 0
1747650531340 100.0 0
1747650531354 100.0 0
1747650531367 100.0 0
1747650531381 0.0 0
1747650531394 0.0 0
1747650531408 0.0 0
1747650531422 100.0 0
1747650531439 100.0 0
1747650531454 100.0 0
1747650531493 100.0 0
1747650531504 0.0 0
1747650531535 0.0 0
1747650531557 100.0 0
1747650531570 100.0 0
1747650531583 100.0 0
1747650531596 0.0 0
1747650531614 0.0 0
1747650531641 0.0 0
1747650531651 0.0 0
1747650531665 100.0 0
1747650531683 0.0 0
1747650531695 0.0 0
1747650531714 0.0 0
1747650531725 100.0 0
1747650531738 0.0 0
1747650531750 100.0 0
1747650531761 0.0 0
1747650531781 100.0 0
1747650531793 0.0 0
1747650531804 0.0 0
1747650531822 100.0 0
1747650531855 0.0 0
1747650531868 100.0 0
1747650531890 0.0 0
1747650531903 100.0 0
1747650531915 100.0 0
1747650531927 0.0 0
1747650531938 0.0 0
1747650531950 100.0 0
1747650531961 100.0 0
1747650531977 100.0 0
1747650531996 100.0 0
1747650532008 0.0 0
1747650532023 0.0 0
1747650532032 0.0 0
1747650532040 0.0 0
1747650532070 0.0 0
1747650532083 100.0 0
1747650532105 100.0 0
1747650532117 0.0 0
1747650532145 100.0 0
1747650532164 0.0 0
1747650532176 100.0 0
1747650532191 0.0 0
1747650532200 100.0 0
1747650532221 0.0 0
1747650532237 100.0 0
1747650532249 100.0 0
1747650532260 0.0 0
1747650532275 100.0 0
1747650532286 100.0 0
1747650532338 0.0 0
1747650532349 0.0 0
1747650532359 0.0 0
1747650532369 100.0 0
1747650532387 0.0 0
1747650532397 0.0 0
1747650532409 100.0 0
1747650532420 0.0 0
1747650532443 0.0 0
1747650532453 100.0 0
1747650532472 100.0 0
1747650532499 100.0 0
1747650532513 0.0 0
1747650532530 100.0 0
1747650532549 100.0 0
1747650532560 100.0 0
1747650532577 100.0 0
1747650532588 0.0 0
1747650532602 100.0 0
1747650532612 0.0 0
1747650532620 0.0 0
1747650532628 100.0 0
1747650532637 0.0 0
1747650532648 0.0 0
1747650532659 0.0 0
1747650532667 0.0 0
1747650532674 100.0 0
1747650532686 0.0 0
1747650532698 100.0 0
1747650532710 0.0 0
1747650532722 100.0 0
1747650532731 100.0 0
1747650532739 0.0 0
1747650532750 0.0 0
1747650532762 100.0 0
1747650532780 100.0 0
1747650532793 100.0 0
1747650532812 0.0 0
1747650532822 0.0 0
1747650532829 100.0 0
1747650532839 0.0 0
1747650532854 0.0 0
1747650532865 0.0 0
1747650532873 0.0 0
1747650532881 0.0 0
1747650532910 0.0 0
1747650532922 100.0 0
1747650532938 0.0 0
1747650532954 100.0 0
1747650532966 100.0 0
1747650532988 100.0 0
1747650533000 0.0 0
1747650533011 0.0 0
1747650533022 100.0 0
1747650533032 100.0 0
1747650533041 100.0 0
1747650533058 100.0 0
1747650533070 0.0 0
1747650533081 100.0 0
1747650533093 100.0 0
1747650533108 0.0 0
1747650533134 0.0 0
1747650533144 0.0 0
1747650533154 0.0 0
1747650533172 0.0 0
1747650533184 100.0 0
1747650533216 100.0 0
1747650533237 100.0 0
1747650533249 100.0 0
1747650533261 0.0 0
1747650533288 0.0 0
1747650533300 0.0 0
1747650533319 100.0 0
1747650533340 0.0 0
1747650533352 0.0 0
1747650533361 0.0 0
1747650533371 0.0 0
1747650533386 0.0 0
1747650533400 0.0 0
1747650533417 100.0 0
1747650533428 0.0 0
1747650533439 0.0 0
1747650533460 0.0 0
1747650533476 0.0 0
1747650533487 100.0 0
1747650533504 0.0 0
1747650533541 0.0 0
1747650533556 0.0 0
1747650533574 0.0 0
1747650533597 100.0 0
1747650533611 100.0 0
1747650533626 0.0 0
1747650533636 100.0 0
1747650533649 100.0 0
1747650533667 0.0 0
1747650533681 0.0 0
1747650533693 0.0 0
1747650533714 100.0 0
1747650533732 0.0 0
1747650533751 100.0 0
1747650533764 0.0 0
1747650533777 100.0 0
1747650533785 0.0 0
1747650533802 100.0 0
1747650533822 100.0 0
1747650533836 100.0 0
1747650533851 100.0 0
1747650533871 0.0 0
1747650533880 0.0 0
1747650533890 100.0 0
1747650533901 100.0 0
1747650533914 0.0 0
1747650533937 100.0 0
1747650533950 0.0 0
1747650533967 100.0 0
1747650533984 100.0 0
1747650534008 100.0 0
1747650534021 100.0 0
1747650534030 100.0 0
1747650534038 100.0 0
1747650534057 0.0 0
1747650534068 0.0 0
1747650534083 0.0 0
1747650534094 0.0 0
1747650534105 0.0 0
1747650534124 0.0 0
1747650534135 100.0 0
1747650534147 100.0 0
1747650534157 100.0 0
1747650534169 0.0 0
1747650534185 0.0 0
1747650534196 100.0 0
1747650534210 0.0 0
1747650534222 0.0 0
1747650534231 0.0 0
1747650534247 100.0 0
1747650534257 100.0 0
1747650534269 0.0 0
1747650534284 100.0 0
1747650534295 0.0 0
1747650534315 100.0 0
1747650534331 0.0 0
1747650534373 0.0 0
1747650534386 100.0 0
1747650534401 0.0 0
1747650534418 100.0 0
1747650534434 100.0 0
1747650534443 0.0 0
1747650534454 0.0 0
1747650534471 0.0 0
1747650534501 0.0 0
1747650534519 0.0 0
1747650534549 100.0 0
1747650534568 0.0 0
1747650534578 100.0 0
1747650534600 100.0 0
1747650534612 100.0 0
1747650534623 100.0 0
1747650534639 100.0 0
1747650534655 100.0 0
1747650534671 100.0 0
1747650534683 0.0 0
1747650534701 100.0 0
1747650534724 0.0 0
1747650534735 100.0 0
1747650534752 100.0 0
1747650534781 0.0 0
1747650534793 100.0 0
1747650534804 100.0 0
1747650534816 100.0 0
1747650534827 0.0 0
1747650534842 0.0 0
1747650534853 0.0 0
1747650534863 0.0 0
1747650534880 100.0 0
1747650534903 0.0 0
1747650534914 0.0 0
1747650534925 0.0 0
1747650534938 0.0 0
1747650534956 100.0 0
1747650534965 0.0 0
1747650534982 100.0 0
1747650534994 0.0 0
1747650535005 0.0 0
1747650535014 0.0 0
1747650535024 0.0 0
1747650535033 100.0 0
1747650535045 0.0 0
1747650535056 100.0 0
1747650535069 100.0 0
1747650535078 0.0 0
1747650535096 0.0 0
1747650535109 0.0 0
1747650535120 0.0 0
1747650535134 100.0 0
1747650535144 0.0 0
1747650535156 100.0 0
1747650535182 0.0 0
1747650535196 100.0 0
1747650535209 0.0 0
1747650535222 0.0 0
1747650535235 0.0 0
1747650535265 100.0 0
1747650535276 0.0 0
1747650535288 0.0 0
1747650535300 0.0 0
1747650535314 100.0 0
1747650535325 100.0 0
1747650535339 0.0 0
1747650535351 100.0 0
1747650535363 100.0 0
1747650535381 100.0 0
1747650535391 100.0 0
1747650535404 0.0 0
1747650535412 0.0 0
1747650535424 100.0 0
1747650535437 100.0 0
1747650535447 100.0 0
1747650535455 0.0 0
1747650535471 100.0 0
1747650535482 100.0 0
1747650535499 0.0 0
1747650535514 0.0 0
1747650535522 0.0 0
1747650535534 0.0 0
1747650535574 0.0 0
1747650535596 0.0 0
1747650535607 0.0 0
1747650535616 0.0 0
1747650535635 100.0 0
1747650535652 100.0 0
1747650535674 100.0 0
1747650535690 0.0 0
1747650535701 100.0 0
1747650535709 0.0 0
1747650535722 100.0 0
1747650535733 100.0 0
1747650535750 0.0 0
1747650535761 0.0 0
1747650535781 100.0 0
1747650535793 100.0 0
1747650535806 0.0 0
1747650535815 100.0 0
1747650535824 0.0 0
1747650535838 0.0 0
1747650535850 100.0 0
1747650535866 100.0 0
1747650535877 0.0 0
1747650535889 0.0 0
1747650535901 0.0 0
1747650535913 100.0 0
1747650535925 0.0 0
1747650535937 0.0 0
1747650535954 0.0 0
1747650535976 100.0 0
1747650536005 0.0 0
1747650536016 0.0 0
1747650536024 100.0 0
1747650536036 100.0 0
1747650536045 100.0 0
1747650536054 0.0 0
1747650536063 100.0 0
1747650536071 0.0 0
1747650536092 100.0 0
1747650536109 100.0 0
1747650536123 100.0 0
1747650536139 100.0 0
1747650536147 0.0 0
1747650536163 0.0 0
1747650536175 0.0 0
1747650536205 0.0 0
1747650536217 100.0 0
1747650536229 100.0 0
1747650536248 0.0 0
1747650536260 0.0 0
1747650536297 100.0 0
1747650536349 0.0 0
1747650536363 100.0 0
1747650536372 100.0 0
1747650536391 100.0 0
1747650536423 0.0 0
1747650536436 100.0 0
1747650536447 0.0 0
1747650536461 100.0 0
1747650536479 0.0 0
1747650536490 0.0 0
1747650536498 0.0 0
1747650536509 100.0 0
1747650536517 0.0 0
1747650536526 0.0 0
1747650536537 0.0 0
1747650536547 0.0 0
1747650536558 0.0 0
1747650536570 0.0 0
1747650536587 0.0 0
1747650536599 100.0 0
1747650536611 100.0 0
1747650536638 100.0 0
1747650536647 100.0 0
1747650536664 100.0 0
1747650536676 0.0 0
1747650536686 0.0 0
1747650536700 0.0 0
1747650536714 0.0 0
1747650536732 0.0 0
1747650536746 0.0 0
1747650536759 0.0 0
1747650536782 0.0 0
1747650536802 0.0 0
1747650536823 100.0 0
1747650536836 100.0 0
1747650536845 0.0 0
1747650536858 100.0 0
1747650536873 100.0 0
1747650536881 100.0 0
1747650536893 0.0 0
1747650536900 0.0 0
1747650536911 100.0 0
1747650536920 100.0 0
1747650536937 100.0 0
1747650536985 0.0 0
1747650537003 0.0 0
1747650537031 100.0 0
1747650537043 0.0 0
1747650537064 100.0 0
1747650537076 0.0 0
1747650537087 0.0 0
1747650537098 0.0 0
1747650537108 100.0 0
1747650537121 100.0 0
1747650537130 0.0 0
1747650537146 0.0 0
1747650537158 0.0 0
1747650537171 100.0 0
1747650537186 100.0 0
1747650537198 0.0 0
1747650537210 100.0 0
1747650537228 0.0 0
1747650537240 0.0 0
1747650537253 0.0 0
1747650537265 100.0 0
1747650537277 0.0 0
1747650537288 100.0 0
1747650537300 100.0 0
1747650537312 100.0 0
1747650537320 100.0 0
1747650537329 100.0 0
1747650537337 100.0 0
1747650537363 0.0 0
1747650537385 100.0 0
1747650537402 100.0 0
1747650537414 0.0 0
1747650537427 0.0 0
1747650537445 0.0 0
1747650537461 100.0 0
1747650537474 0.0 0
1747650537485 100.0 0
1747650537498 0.0 0
1747650537513 0.0 0
1747650537524 0.0 0
1747650537540 100.0 0
1747650537556 0.0 0
1747650537567 0.0 0
1747650537579 0.0 0
1747650537590 100.0 0
1747650537601 100.0 0
1747650537619 0.0 0
1747650537637 0.0 0
1747650537650 0.0 0
1747650537662 100.0 0
1747650537679 100.0 0
1747650537691 100.0 0
1747650537708 100.0 0
1747650537728 100.0 0
1747650537740 0.0 0
1747650537751 100.0 0
1747650537762 0.0 0
1747650537774 0.0 0
1747650537786 100.0 0
1747650537806 0.0 0
1747650537820 100.0 0
1747650537838 100.0 0
1747650537866 100.0 0
1747650537879 100.0 0
1747650537891 100.0 0
1747650537911 0.0 0
1747650537920 100.0 0
1747650537927 100.0 0
1747650537938 0.0 0
1747650537955 100.0 0
1747650537966 0.0 0
1747650537977 100.0 0
1747650537990 0.0 0
1747650538004 100.0 0
1747650538014 100.0 0
1747650538024 0.0 0
1747650538042 100.0 0
1747650538068 0.0 0
1747650538079 100.0 0
1747650538087 100.0 0
1747650538107 100.0 0
1747650538122 100.0 0
1747650538131 0.0 0
1747650538147 100.0 0
1747650538159 0.0 0
1747650538167 100.0 0
1747650538178 0.0 0
1747650538191 100.0 0
1747650538203 0.0 0
1747650538215 0.0 0
1747650538228 100.0 0
1747650538251 0.0 0
1747650538279 100.0 0
1747650538302 0.0 0
1747650538318 100.0 0
1747650538330 0.0 0
1747650538354 100.0 0
1747650538380 100.0 0
1747650538391 100.0 0
1747650538403 0.0 0
1747650538418 100.0 0
1747650538429 100.0 0
1747650538439 100.0 0
1747650538452 100.0 0
1747650538481 0.0 0
1747650538505 0.0 0
1747650538521 100.0 0
1747650538547 0.0 0
1747650538560 100.0 0
1747650538581 100.0 0
1747650538593 100.0 0
1747650538617 100.0 0
1747650538631 100.0 0
1747650538645 0.0 0
1747650538683 100.0 0
1747650538698 100.0 0
1747650538716 100.0 0
1747650538733 100.0 0
1747650538744 0.0 0
1747650538764 0.0 0
1747650538781 100.0 0
1747650538793 100.0 0
1747650538805 0.0 0
1747650538817 100.0 0
1747650538830 100.0 0
1747650538848 0.0 0
1747650538867 0.0 0
1747650538883 100.0 0
1747650538904 0.0 0
1747650538913 100.0 0
1747650538930 0.0 0
1747650538950 100.0 0
1747650538961 100.0 0
1747650538979 100.0 0
1747650538990 0.0 0
1747650539001 0.0 0
1747650539012 0.0 0
1747650539026 0.0 0
1747650539039 100.0 0
1747650539054 0.0 0
1747650539066 0.0 0
1747650539078 0.0 0
1747650539090 0.0 0
1747650539107 0.0 0
1747650539132 0.0 0
1747650539149 100.0 0
1747650539159 0.0 0
1747650539175 0.0 0
1747650539194 0.0 0
1747650539206 100.0 0
1747650539223 100.0 0
1747650539237 0.0 0
1747650539255 0.0 0
1747650539286 0.0 0
1747650539299 100.0 0
1747650539308 0.0 0
1747650539322 0.0 0
1747650539332 100.0 0
1747650539340 0.0 0
1747650539364 100.0 0
1747650539383 0.0 0
1747650539395 0.0 0
1747650539410 0.0 0
1747650539421 0.0 0
1747650539429 0.0 0
1747650539455 0.0 0
1747650539477 100.0 0
1747650539493 0.0 0
1747650539506 0.0 0
1747650539520 0.0 0
1747650539535 0.0 0
1747650539552 0.0 0
1747650539566 0.0 0
1747650539586 0.0 0
1747650539608 0.0 0
1747650539626 100.0 0
1747650539644 0.0 0
1747650539663 0.0 0
1747650539680 100.0 0
1747650539692 100.0 0
1747650539702 100.0 0
1747650539714 0.0 0
1747650539732 100.0 0
1747650539740 0.0 0
1747650539753 100.0 0
1747650539769 100.0 0
1747650539778 0.0 0
1747650539792 100.0 0
1747650539814 0.0 0
1747650539841 100.0 0
1747650539868 0.0 0
1747650539881 100.0 0
1747650539893 0.0 0
1747650539919 0.0 0
1747650539931 0.0 0
1747650539942 100.0 0
1747650539950 0.0 0
1747650539961 100.0 0
1747650539971 100.0 0
1747650539981 100.0 0
1747650539991 0.0 0
1747650539999 100.0 0
1747650540015 0.0 0
1747650540042 0.0 0
1747650540054 100.0 0
1747650540096 0.0 0
1747650540108 0.0 0
1747650540119 0.0 0
1747650540136 100.0 0
1747650540151 100.0 0
1747650540162 100.0 0
1747650540174 0.0 0
1747650540186 100.0 0
1747650540199 0.0 0
1747650540211 0.0 0
1747650540221 0.0 0
1747650540238 100.0 0
1747650540250 100.0 0
1747650540269 0.0 0
1747650540284 0.0 0
1747650540296 0.0 0
1747650540308 100.0 0
1747650540322 0.0 0
1747650540354 0.0 0
1747650540372 0.0 0
1747650540381 0.0 0
1747650540392 0.0 0
1747650540406 100.0 0
1747650540414 0.0 0
1747650540425 0.0 0
1747650540438 100.0 0
1747650540450 0.0 0
1747650540458 0.0 0
1747650540470 100.0 0
1747650540482 100.0 0
1747650540494 100.0 0
1747650540516 100.0 0
1747650540530 100.0 0
1747650540542 100.0 0
1747650540551 0.0 0
1747650540559 0.0 0
1747650540567 100.0 0
1747650541551 0.0 0
1747650541563 0.0 0
1747650541616 0.0 0
1747650541637 0.0 0
1747650541655 100.0 0
1747650541678 100.0 0
1747650541695 0.0 0
1747650541712 0.0 0
1747650541723 0.0 0
1747650541766 100.0 0
1747650541795 100.0 0
1747650541808 0.0 0
1747650541841 0.0 0
1747650541860 0.0 0
1747650541876 0.0 0
1747650541888 0.0 0
1747650541906 0.0 0
1747650541936 0.0 0
1747650541956 0.0 0
1747650541967 0.0 0
1747650542052 0.0 0
1747650542086 100.0 0
1747650542100 0.0 0
1747650542115 100.0 0
1747650542126 0.0 0
1747650542193 0.0 0
1747650542214 0.0 0
1747650542240 0.0 0
1747650542259 100.0 0
1747650542272 0.0 0
1747650542288 100.0 0
1747650542317 100.0 0
1747650542344 100.0 0
1747650542363 0.0 0
1747650542375 0.0 0
1747650542405 0.0 0
1747650542418 0.0 0
1747650542436 100.0 0
1747650542468 0.0 0
1747650542487 100.0 0
1747650542509 100.0 0
1747650542522 0.0 0
1747650542533 100.0 0
1747650542542 0.0 0
1747650542557 100.0 0
1747650542586 0.0 0
1747650542615 0.0 0
1747650542635 100.0 0
1747650542645 0.0 0
1747650542658 0.0 0
1747650542677 0.0 0
1747650542696 0.0 0
1747650542708 0.0 0
1747650542717 0.0 0
1747650542745 0.0 0
1747650542767 0.0 0
1747650542780 100.0 0
1747650542804 0.0 0
1747650542824 100.0 0
1747650542842 100.0 0
1747650542861 100.0 0
1747650542877 100.0 0
1747650542892 0.0 0
1747650542906 100.0 0
1747650542934 0.0 0
1747650542951 0.0 0
1747650542964 0.0 0
1747650542981 0.0 0
1747650542993 0.0 0
1747650543006 0.0 0
1747650543018 0.0 0
1747650543045 100.0 0
1747650543069 0.0 0
1747650543082 0.0 0
1747650543106 100.0 0
1747650543133 0.0 0
1747650543151 100.0 0
1747650543160 100.0 0
1747650543171 0.0 0
1747650543182 100.0 0
1747650543193 0.0 0
1747650543245 100.0 0
1747650543280 100.0 0
1747650543294 100.0 0
1747650543306 100.0 0
1747650543316 100.0 0
1747650543325 100.0 0
1747650543336 0.0 0
1747650543346 100.0 0
1747650543358 100.0 0
1747650543382 100.0 0
1747650543400 100.0 0
1747650543445 0.0 0
1747650543469 0.0 0
1747650543481 100.0 0
1747650543500 100.0 0
1747650543512 100.0 0
1747650543528 0.0 0
1747650543545 0.0 0
1747650543564 100.0 0
1747650543576 100.0 0
1747650543588 0.0 0
1747650543616 100.0 0
1747650543628 0.0 0
1747650543648 100.0 0
1747650543663 0.0 0
1747650543671 100.0 0
1747650543679 0.0 0
1747650543692 0.0 0
1747650543726 0.0 0
1747650543749 100.0 0
1747650543788 0.0 0
1747650543807 0.0 0
1747650543821 0.0 0
1747650543851 100.0 0
1747650543864 100.0 0
1747650543878 0.0 0
1747650543900 0.0 0
1747650543919 100.0 0
1747650543930 100.0 0
1747650543950 100.0 0
1747650543958 0.0 0
1747650543966 100.0 0
1747650543982 0.0 0
1747650544005 0.0 0
1747650544017 100.0 0
1747650544029 0.0 0
1747650544062 100.0 0
1747650544096 100.0 0
1747650544115 100.0 0
1747650544127 0.0 0
1747650544143 100.0 0
1747650544159 0.0 0
1747650544185 100.0 0
1747650544198 100.0 0
1747650544208 0.0 0
1747650544265 100.0 0
1747650544279 0.0 0
1747650544301 100.0 0
1747650544330 0.0 0
1747650544351 100.0 0
1747650544365 100.0 0
1747650544379 0.0 0
1747650544410 100.0 0
1747650544428 0.0 0
1747650544447 100.0 0
1747650544460 100.0 0
1747650544473 0.0 0
1747650544511 0.0 0
1747650544561 100.0 0
1747650544584 100.0 0
1747650544592 0.0 0
1747650544603 0.0 0
1747650544619 100.0 0
1747650544639 100.0 0
1747650544654 0.0 0
1747650544667 100.0 0
1747650544683 100.0 0
1747650544703 0.0 0
1747650544722 0.0 0
1747650544737 0.0 0
1747650544749 0.0 0
1747650544766 0.0 0
1747650544787 0.0 0
1747650544800 0.0 0
1747650544812 0.0 0
1747650544824 0.0 0
1747650544833 0.0 0
1747650544853 0.0 0
1747650544887 100.0 0
1747650544898 100.0 0
1747650544926 0.0 0
1747650544941 0.0 0
1747650544949 100.0 0
1747650544960 0.0 0
1747650544971 100.0 0
1747650544986 0.0 0
1747650545015 100.0 0
1747650545027 100.0 0
1747650545038 100.0 0
1747650545051 100.0 0
1747650545069 0.0 0
1747650545082 100.0 0
1747650545114 100.0 0
1747650545131 100.0 0
1747650545147 0.0 0
1747650545158 0.0 0
1747650545178 0.0 0
1747650545196 0.0 0
1747650545209 100.0 0
1747650545226 0.0 0
1747650545240 100.0 0
1747650545261 100.0 0
1747650545286 0.0 0
1747650545300 100.0 0
1747650545337 0.0 0
1747650545347 100.0 0
1747650545364 0.0 0
1747650545375 100.0 0
1747650545391 100.0 0
1747650545402 0.0 0
1747650545424 100.0 0
1747650545436 0.0 0
1747650545453 100.0 0
1747650545465 100.0 0
1747650545477 0.0 0
1747650545501 100.0 0
1747650545513 100.0 0
1747650545533 0.0 0
1747650545554 100.0 0
1747650545576 100.0 0
1747650545591 0.0 0
1747650545599 0.0 0
1747650545627 100.0 0
1747650545638 100.0 0
1747650545650 0.0 0
1747650545664 100.0 0
1747650545676 100.0 0
1747650545700 100.0 0
1747650545710 100.0 0
1747650545742 100.0 0
1747650545754 100.0 0
1747650545765 0.0 0
1747650545796 0.0 0
1747650545813 100.0 0
1747650545831 100.0 0
1747650545840 100.0 0
1747650545871 100.0 0
1747650545901 0.0 0
1747650545914 0.0 0
1747650545924 0.0 0
1747650545936 0.0 0
1747650545953 100.0 0
1747650545962 0.0 0
1747650545984 0.0 0
1747650546006 0.0 0
1747650546027 0.0 0
1747650546052 100.0 0
1747650546067 100.0 0
1747650546106 100.0 0
1747650546134 0.0 0
1747650546151 0.0 0
1747650546178 100.0 0
1747650546205 100.0 0
1747650546221 0.0 0
1747650546233 100.0 0
1747650546246 0.0 0
1747650546264 100.0 0
1747650546272 0.0 0
1747650546284 100.0 0
1747650546297 100.0 0
1747650546312 0.0 0
1747650546352 0.0 0
1747650546363 0.0 0
1747650546374 100.0 0
1747650546408 100.0 0
1747650546420 100.0 0
1747650546439 0.0 0
1747650546454 0.0 0
1747650546473 100.0 0
1747650546499 0.0 0
1747650546515 100.0 0
1747650546537 0.0 0
1747650546562 0.0 0
1747650546575 0.0 0
