1748429094356 1.5245178227555223 0
1748429149134 4.488030021705396 0
1748429174193 1.1380359768748067 0
1748429221257 4.0624118777534255 0
1748429284235 5.866272130528623 0
1748429287550 0.44400449075567683 0
1748429341551 29.55719629869136 0
1748429346164 0.4299803205045317 0
1748429409857 3.9426053761963535 0
1748429462751 4.714372707093801 0
1748429485679 1.1465180870116636 0
1748429528057 3.0697746362248 0
1748429560861 1.5916976298340386 0
1748429572488 0.5426609266998685 0
1748429593367 1.084333093180251 0
1748429631706 2.9236559882142172 0
