1748429094357 -1.1000569746111395 0
1748429149135 -30.752580721349894 0
1748429174195 -1.1501954342340668 0
1748429221258 -5.001898094340594 0
1748429284236 -3.464382269940855 0
1748429287551 -0.47715266689144975 0
1748429341552 -4.683249348410691 0
1748429346165 -0.36296531669012894 0
1748429409858 -3.496187592089075 0
1748429462752 -5.011890456736603 0
1748429485680 -1.299126849300168 0
1748429528058 -2.8869684104243714 0
1748429560862 -1.3525193518505678 0
1748429572489 -0.4412860798027786 0
1748429593368 -1.1883046119727614 0
1748429631707 -2.023643929852689 0
