1748429094355 50.0 0
1748429149133 48.16138917262513 0
1748429174192 50.60532687651331 0
1748429221256 47.81287970838396 0
1748429284234 50.347383047707275 0
1748429287549 51.829268292682926 0
1748429341550 48.96981312889315 0
1748429346162 44.375 0
1748429409856 46.98097601323408 0
1748429462750 49.52428642964446 0
1748429485678 50.0998003992016 0
1748429528056 50.06242197253433 0
1748429560860 49.252615844544096 0
1748429572487 47.66081871345029 0
1748429593366 46.354883081155435 0
1748429631705 46.84813753581662 0
