1747650029574 3.6905547785547785 0
1747650029588 0.0 0
1747650029600 0.0 0
1747650029672 0.0 0
1747650029693 0.0 0
1747650029707 0.0 0
1747650029720 0.0 0
1747650029735 0.0 0
1747650029747 0.0 0
1747650029758 0.0 0
1747650029779 0.0 0
1747650029791 0.0 0
1747650029803 0.0 0
1747650029818 0.0 0
1747650029830 0.0 0
1747650029843 0.0 0
1747650029875 0.0 0
1747650029895 0.0 0
1747650029926 0.0 0
1747650029936 0.0 0
1747650029947 0.0 0
1747650029958 0.0 0
1747650029973 0.0 0
1747650029987 0.0 0
1747650030003 0.0 0
1747650030014 0.0 0
1747650030025 0.0 0
1747650030035 0.0 0
1747650030059 0.0 0
1747650030074 0.0 0
1747650030089 0.0 0
1747650030105 0.0 0
1747650030119 0.0 0
1747650030132 0.0 0
1747650030145 0.0 0
1747650030156 0.0 0
1747650030170 0.0 0
1747650030197 0.0 0
1747650030211 0.0 0
1747650030226 0.0 0
1747650030242 0.0 0
1747650030257 0.0 0
1747650030288 0.0 0
1747650030303 0.0 0
1747650030313 0.0 0
1747650030327 0.0 0
1747650030340 0.0 0
1747650030364 0.0 0
1747650030378 0.0 0
1747650030392 0.0 0
1747650030407 0.0 0
1747650030435 0.0 0
1747650030450 0.0 0
1747650030471 0.0 0
1747650030486 0.0 0
1747650030499 0.0 0
1747650030527 0.0 0
1747650030543 0.0 0
1747650030570 0.0 0
1747650030581 0.0 0
1747650030592 0.0 0
1747650030602 0.0 0
1747650030611 0.0 0
1747650030620 0.0 0
1747650030628 0.0 0
1747650030640 0.0 0
1747650030653 0.0 0
1747650030667 0.0 0
1747650030695 0.0 0
1747650030706 0.0 0
1747650030715 0.0 0
1747650030725 0.0 0
1747650030746 0.0 0
1747650030766 0.0 0
1747650030777 0.0 0
1747650030788 0.0 0
1747650030800 0.0 0
1747650030819 0.0 0
1747650030843 0.0 0
1747650030852 0.0 0
1747650030873 0.0 0
1747650030900 0.0 0
1747650030911 0.0 0
1747650030922 0.0 0
1747650030934 0.0 0
1747650030941 0.0 0
1747650030974 0.0 0
1747650030985 0.0 0
1747650031005 0.0 0
1747650031019 0.0 0
1747650031032 0.0 0
1747650031046 0.0 0
1747650031060 0.0 0
1747650031077 0.0 0
1747650031089 0.0 0
1747650031104 0.0 0
1747650031120 0.0 0
1747650031134 0.0 0
1747650031148 0.0 0
1747650031169 0.0 0
1747650031192 0.0 0
1747650031207 0.0 0
1747650031222 0.0 0
1747650031234 0.0 0
1747650031247 0.0 0
1747650031259 0.0 0
1747650031278 0.0 0
1747650031288 0.0 0
1747650031304 0.0 0
1747650031316 0.0 0
1747650031332 0.0 0
1747650031355 0.0 0
1747650031368 0.0 0
1747650031380 0.0 0
1747650031391 0.0 0
1747650031403 0.0 0
1747650031414 0.0 0
1747650031432 0.0 0
1747650031449 0.0 0
1747650031460 0.0 0
1747650031478 0.0 0
1747650031490 0.0 0
1747650031502 0.0 0
1747650031514 0.0 0
1747650031526 0.0 0
1747650031535 0.0 0
1747650031546 0.0 0
1747650031558 0.0 0
1747650031569 0.0 0
1747650031582 0.0 0
1747650031609 0.0 0
1747650031622 0.0 0
1747650031636 0.0 0
1747650031651 0.0 0
1747650031673 0.0 0
1747650031687 0.0 0
1747650031702 0.0 0
1747650031726 0.0 0
1747650031738 0.0 0
1747650031750 0.0 0
1747650031765 0.0 0
1747650031779 0.0 0
1747650031793 0.0 0
1747650031806 0.0 0
1747650031819 0.0 0
1747650031832 0.0 0
1747650031849 0.0 0
1747650031859 0.0 0
1747650031889 0.0 0
1747650031904 0.0 0
1747650031917 0.0 0
1747650031930 0.0 0
1747650031942 0.0 0
1747650031974 0.0 0
1747650031988 0.0 0
1747650031999 0.0 0
1747650032008 0.0 0
1747650032016 0.0 0
1747650032029 0.0 0
1747650032040 0.0 0
1747650032048 0.0 0
1747650032067 0.0 0
1747650032080 0.0 0
1747650032090 0.0 0
1747650032105 0.0 0
1747650032119 0.0 0
1747650032129 0.0 0
1747650032138 0.0 0
1747650032149 0.0 0
1747650032160 0.0 0
1747650032174 0.0 0
1747650032186 0.0 0
1747650032198 0.0 0
1747650032216 0.0 0
1747650032228 0.0 0
1747650032239 0.0 0
1747650032264 0.0 0
1747650032278 0.0 0
1747650032308 0.0 0
1747650032328 0.0 0
1747650032359 0.0 0
1747650032384 0.0 0
1747650032404 0.0 0
1747650032416 0.0 0
1747650032430 0.0 0
1747650032442 0.0 0
1747650032454 0.0 0
1747650032466 0.0 0
1747650032486 0.0 0
1747650032513 0.0 0
1747650032528 0.0 0
1747650032542 0.0 0
1747650032559 0.0 0
1747650032569 0.0 0
1747650032592 0.0 0
1747650032605 0.0 0
1747650032614 0.0 0
1747650032627 0.0 0
1747650032646 0.0 0
1747650032659 0.0 0
1747650032670 0.0 0
1747650032682 0.0 0
1747650032694 0.0 0
1747650032704 0.0 0
1747650032716 0.0 0
1747650032729 0.0 0
1747650032743 0.0 0
1747650032756 0.0 0
1747650032769 0.0 0
1747650032779 0.0 0
1747650032792 0.0 0
1747650032803 0.0 0
1747650032820 0.0 0
1747650032829 0.0 0
1747650032843 0.0 0
1747650032852 0.0 0
1747650032864 0.0 0
1747650032873 0.0 0
1747650032885 0.0 0
1747650032902 0.0 0
1747650032910 0.0 0
1747650032922 0.0 0
1747650032932 0.0 0
1747650032944 0.0 0
1747650032957 0.0 0
1747650032977 0.0 0
1747650032995 0.0 0
1747650033006 0.0 0
1747650033017 0.0 0
1747650033029 0.0 0
1747650033040 0.0 0
1747650033057 0.0 0
1747650033068 0.0 0
1747650033076 0.0 0
1747650033088 0.0 0
1747650033098 0.0 0
1747650033112 0.0 0
1747650033125 0.0 0
1747650033137 0.0 0
1747650033149 0.0 0
1747650033161 0.0 0
1747650033172 0.0 0
1747650033180 0.0 0
1747650033189 0.0 0
1747650033201 0.0 0
1747650033221 0.0 0
1747650033236 0.0 0
1747650033247 0.0 0
1747650033258 0.0 0
1747650033270 0.0 0
1747650033281 0.0 0
1747650033291 0.0 0
1747650033302 0.0 0
1747650033316 0.0 0
1747650033323 0.0 0
1747650033343 0.0 0
1747650033355 0.0 0
1747650033369 0.0 0
1747650033380 0.0 0
1747650033390 0.0 0
1747650033404 0.0 0
1747650033415 0.0 0
1747650033422 0.0 0
1747650033434 0.0 0
1747650033443 0.0 0
1747650033475 0.0 0
1747650033482 0.0 0
1747650033510 0.0 0
1747650033521 0.0 0
1747650033533 0.0 0
1747650033543 0.0 0
1747650033560 0.0 0
1747650033572 0.0 0
1747650033586 0.0 0
1747650033604 0.0 0
1747650033614 0.0 0
1747650033628 0.0 0
1747650033646 0.0 0
1747650033660 0.0 0
1747650033674 0.0 0
1747650033687 0.0 0
1747650033717 0.0 0
1747650033729 0.0 0
1747650033743 0.0 0
1747650033757 0.0 0
1747650033792 0.0 0
1747650033808 0.0 0
1747650033829 0.0 0
1747650033841 0.0 0
1747650033864 0.0 0
1747650033876 0.0 0
1747650033888 0.0 0
1747650033911 0.0 0
1747650033922 0.0 0
1747650033931 0.0 0
1747650033946 0.0 0
1747650033963 0.0 0
1747650033979 0.0 0
1747650033998 0.0 0
1747650034011 0.0 0
1747650034023 0.0 0
1747650034033 0.0 0
1747650034046 0.0 0
1747650034054 0.0 0
1747650034070 0.0 0
1747650034085 0.0 0
1747650034096 0.0 0
1747650034107 0.0 0
1747650034120 0.0 0
1747650034131 0.0 0
1747650034139 0.0 0
1747650034154 0.0 0
1747650034169 0.0 0
1747650034188 0.0 0
1747650034198 0.0 0
1747650034206 0.0 0
1747650034230 0.0 0
1747650034240 0.0 0
1747650034258 0.0 0
1747650034265 0.0 0
1747650034289 0.0 0
1747650034300 0.0 0
1747650034307 0.0 0
1747650034316 0.0 0
1747650034331 0.0 0
1747650034339 0.0 0
1747650034351 0.0 0
1747650034365 0.0 0
1747650034380 0.0 0
1747650034410 0.0 0
1747650034421 0.0 0
1747650034433 0.0 0
1747650034440 0.0 0
1747650034457 0.0 0
1747650034469 0.0 0
1747650034478 0.0 0
1747650034517 0.0 0
1747650034530 0.0 0
1747650034542 0.0 0
1747650034553 0.0 0
1747650034572 0.0 0
1747650034597 0.0 0
1747650034616 0.0 0
1747650034627 0.0 0
1747650034635 0.0 0
1747650034647 0.0 0
1747650034656 0.0 0
1747650034664 0.0 0
1747650034672 0.0 0
1747650034685 0.0 0
1747650034693 0.0 0
1747650034703 0.0 0
1747650034718 0.0 0
1747650034727 0.0 0
1747650034736 0.0 0
1747650034747 0.0 0
1747650034763 0.0 0
1747650034775 0.0 0
1747650034787 0.0 0
1747650034797 0.0 0
1747650034810 0.0 0
1747650034820 0.0 0
1747650034836 0.0 0
1747650034846 0.0 0
1747650034863 0.0 0
1747650034875 0.0 0
1747650034886 0.0 0
1747650034908 0.0 0
1747650034923 0.0 0
1747650034935 0.0 0
1747650034956 0.0 0
1747650034967 0.0 0
1747650034979 0.0 0
1747650034991 0.0 0
1747650035009 0.0 0
1747650035020 0.0 0
1747650035027 0.0 0
1747650035039 0.0 0
1747650035050 0.0 0
1747650035062 0.0 0
1747650035069 0.0 0
1747650035078 0.0 0
1747650035089 0.0 0
1747650035106 0.0 0
1747650035118 0.0 0
1747650035129 0.0 0
1747650035140 0.0 0
1747650035163 0.0 0
1747650035176 0.0 0
1747650035199 0.0 0
1747650035211 0.0 0
1747650035222 0.0 0
1747650035246 0.0 0
1747650035258 0.0 0
1747650035269 0.0 0
1747650035289 0.0 0
1747650035304 0.0 0
1747650035320 0.0 0
1747650035331 0.0 0
1747650035343 0.0 0
1747650035357 0.0 0
1747650035380 0.0 0
1747650035388 0.0 0
1747650035401 0.0 0
1747650035412 0.0 0
1747650035426 0.0 0
1747650035451 0.0 0
1747650035462 0.0 0
1747650035474 0.0 0
1747650035485 0.0 0
1747650035493 0.0 0
1747650035501 0.0 0
1747650035513 0.0 0
1747650035522 0.0 0
1747650035535 0.0 0
1747650035544 0.0 0
1747650035552 0.0 0
1747650035560 0.0 0
1747650035570 0.0 0
1747650035578 0.0 0
1747650035591 0.0 0
1747650035605 0.0 0
1747650035616 0.0 0
1747650035626 0.0 0
1747650035638 0.0 0
1747650035664 0.0 0
1747650035674 0.0 0
1747650035690 0.0 0
1747650035702 0.0 0
1747650035713 0.0 0
1747650035724 0.0 0
1747650035732 0.0 0
1747650035743 0.0 0
1747650035755 0.0 0
1747650035766 0.0 0
1747650035777 0.0 0
1747650035794 0.0 0
1747650035807 0.0 0
1747650035819 0.0 0
1747650035831 0.0 0
1747650035842 0.0 0
1747650035849 0.0 0
1747650035867 0.0 0
1747650035878 0.0 0
1747650035890 0.0 0
1747650035898 0.0 0
1747650035906 0.0 0
1747650035914 0.0 0
1747650035925 0.0 0
1747650035932 0.0 0
1747650035944 0.0 0
1747650035956 0.0 0
1747650035967 0.0 0
1747650035979 0.0 0
1747650035990 0.0 0
1747650036006 0.0 0
1747650036025 0.0 0
1747650036042 0.0 0
1747650036053 0.0 0
1747650036070 0.0 0
1747650036079 0.0 0
1747650036091 0.0 0
1747650036102 0.0 0
1747650036111 0.0 0
1747650036122 0.0 0
1747650036134 0.0 0
1747650036145 0.0 0
1747650036155 0.0 0
1747650036173 0.0 0
1747650036181 0.0 0
1747650036196 0.0 0
1747650036205 0.0 0
1747650036217 0.0 0
1747650036230 0.0 0
1747650036242 0.0 0
1747650036258 0.0 0
1747650036276 0.0 0
1747650036293 0.0 0
1747650036306 0.0 0
1747650036320 0.0 0
1747650036336 0.0 0
1747650036348 0.0 0
1747650036360 0.0 0
1747650036370 0.0 0
1747650036377 0.0 0
1747650036386 0.0 0
1747650036394 0.0 0
1747650036404 0.0 0
1747650036419 0.0 0
1747650036437 0.0 0
1747650036447 0.0 0
1747650036462 0.0 0
1747650036473 0.0 0
1747650036485 0.0 0
1747650036496 0.0 0
1747650036507 0.0 0
1747650036520 0.0 0
1747650036531 0.0 0
1747650036542 0.0 0
1747650036551 0.0 0
1747650036562 0.0 0
1747650036570 0.0 0
1747650036590 0.0 0
1747650036605 0.0 0
1747650036614 0.0 0
1747650036627 0.0 0
1747650036638 0.0 0
1747650036648 0.0 0
1747650036655 0.0 0
1747650036667 0.0 0
1747650036678 0.0 0
1747650036689 0.0 0
1747650036699 0.0 0
1747650036712 0.0 0
1747650036729 0.0 0
1747650036743 0.0 0
1747650036760 0.0 0
1747650036771 0.0 0
1747650036788 0.0 0
1747650036795 0.0 0
1747650036813 0.0 0
1747650036845 0.0 0
1747650036858 0.0 0
1747650036873 0.0 0
1747650036887 0.0 0
1747650036897 0.0 0
1747650036905 0.0 0
1747650036919 0.0 0
1747650036930 0.0 0
1747650036937 0.0 0
1747650036945 0.0 0
1747650036953 0.0 0
1747650036961 0.0 0
1747650036974 0.0 0
1747650036987 0.0 0
1747650036999 0.0 0
1747650037020 0.0 0
1747650037032 0.0 0
1747650037086 0.0 0
1747650037110 0.0 0
1747650037134 0.0 0
1747650037154 0.0 0
1747650037164 0.0 0
1747650037180 0.0 0
1747650037193 0.0 0
1747650037213 0.0 0
1747650037225 0.0 0
1747650037237 0.0 0
1747650037249 0.0 0
1747650037271 0.0 0
1747650037284 0.0 0
1747650037298 0.0 0
1747650037308 0.0 0
1747650037327 0.0 0
1747650037339 0.0 0
1747650037347 0.0 0
1747650037359 0.0 0
1747650037369 0.0 0
1747650037379 0.0 0
1747650037390 0.0 0
1747650037398 0.0 0
1747650037412 0.0 0
1747650037427 0.0 0
1747650037457 0.0 0
1747650037469 0.0 0
1747650037482 0.0 0
1747650037490 0.0 0
1747650037507 0.0 0
1747650037519 0.0 0
1747650037530 0.0 0
1747650037542 0.0 0
1747650037558 0.0 0
1747650037568 0.0 0
1747650037578 0.0 0
1747650037594 0.0 0
1747650037603 0.0 0
1747650037621 0.0 0
1747650037632 0.0 0
1747650037644 0.0 0
1747650037656 0.0 0
1747650037672 0.0 0
1747650037684 0.0 0
1747650037701 0.0 0
1747650037715 0.0 0
1747650037729 0.0 0
1747650037741 0.0 0
1747650037750 0.0 0
1747650037757 0.0 0
1747650037769 0.0 0
1747650037786 0.0 0
1747650037797 0.0 0
1747650037810 0.0 0
1747650037821 0.0 0
1747650037831 0.0 0
1747650037844 0.0 0
1747650037856 0.0 0
1747650037868 0.0 0
1747650037880 0.0 0
1747650037887 0.0 0
1747650037894 0.0 0
1747650037905 0.0 0
1747650037925 0.0 0
1747650037936 0.0 0
1747650037977 0.0 0
1747650037999 0.0 0
1747650038012 0.0 0
1747650038029 0.0 0
1747650038040 0.0 0
1747650038055 0.0 0
1747650038067 0.0 0
1747650038078 0.0 0
1747650038089 0.0 0
1747650038099 0.0 0
1747650038115 0.0 0
1747650038127 0.0 0
1747650038148 0.0 0
1747650038159 0.0 0
1747650038171 0.0 0
1747650038182 0.0 0
1747650038200 0.0 0
1747650038216 0.0 0
1747650038227 0.0 0
1747650038251 0.0 0
1747650038270 0.0 0
1747650038291 0.0 0
1747650038301 0.0 0
1747650038324 0.0 0
1747650038340 0.0 0
1747650038351 0.0 0
1747650038363 0.0 0
1747650038379 0.0 0
1747650038396 0.0 0
1747650038407 0.0 0
1747650038414 0.0 0
1747650038436 0.0 0
1747650038447 0.0 0
1747650038457 0.0 0
1747650038476 0.0 0
1747650038488 0.0 0
1747650038499 0.0 0
1747650038515 0.0 0
1747650038532 0.0 0
1747650038543 0.0 0
1747650038554 0.0 0
1747650038565 0.0 0
1747650038577 0.0 0
1747650038588 0.0 0
1747650038599 0.0 0
1747650038610 0.0 0
1747650038621 0.0 0
1747650038633 0.0 0
1747650038649 0.0 0
1747650038661 0.0 0
1747650038705 0.0 0
1747650038717 0.0 0
1747650038730 0.0 0
1747650038743 0.0 0
1747650038760 0.0 0
1747650038772 0.0 0
1747650038783 0.0 0
1747650038794 0.0 0
1747650038806 0.0 0
1747650038817 0.0 0
1747650038829 0.0 0
1747650038840 0.0 0
1747650038857 0.0 0
1747650038874 0.0 0
1747650038886 0.0 0
1747650038902 0.0 0
1747650038913 0.0 0
1747650038930 0.0 0
1747650038943 0.0 0
1747650038953 0.0 0
1747650038961 0.0 0
1747650038972 0.0 0
1747650038983 0.0 0
1747650038994 0.0 0
1747650039020 0.0 0
1747650039039 0.0 0
1747650039051 0.0 0
1747650039062 0.0 0
1747650039078 0.0 0
1747650039096 0.0 0
1747650039109 0.0 0
1747650039119 0.0 0
1747650039135 0.0 0
1747650039146 0.0 0
1747650039157 0.0 0
1747650039167 0.0 0
1747650039178 0.0 0
1747650039202 0.0 0
1747650039229 0.0 0
1747650039244 0.0 0
1747650039255 0.0 0
1747650039266 0.0 0
1747650039279 0.0 0
1747650039293 0.0 0
1747650039304 0.0 0
1747650039315 0.0 0
1747650039337 0.0 0
1747650039349 0.0 0
1747650039360 0.0 0
1747650039376 0.0 0
1747650039387 0.0 0
1747650039398 0.0 0
1747650039414 0.0 0
1747650039435 0.0 0
1747650039444 0.0 0
1747650039461 0.0 0
1747650039472 0.0 0
1747650039484 0.0 0
1747650039496 0.0 0
1747650039508 0.0 0
1747650039519 0.0 0
1747650039536 0.0 0
1747650039552 0.0 0
1747650039563 0.0 0
1747650039579 0.0 0
1747650039591 0.0 0
1747650039607 0.0 0
1747650039618 0.0 0
1747650039630 0.0 0
1747650039646 0.0 0
1747650039661 0.0 0
1747650039672 0.0 0
1747650039684 0.0 0
1747650039699 0.0 0
1747650039718 0.0 0
1747650039729 0.0 0
1747650039739 0.0 0
1747650039753 0.0 0
1747650039764 0.0 0
1747650039780 0.0 0
1747650039790 0.0 0
1747650039817 0.0 0
1747650039828 0.0 0
1747650039844 0.0 0
1747650039855 0.0 0
1747650039870 0.0 0
1747650039881 0.0 0
1747650039893 0.0 0
1747650039905 0.0 0
1747650039916 0.0 0
1747650039937 0.0 0
1747650039953 0.0 0
1747650039965 0.0 0
1747650039976 0.0 0
1747650039990 0.0 0
1747650039998 0.0 0
1747650040009 0.0 0
1747650040021 0.0 0
1747650040037 0.0 0
1747650040048 0.0 0
1747650040060 0.0 0
1747650040076 0.0 0
1747650040089 0.0 0
1747650040102 0.0 0
1747650040115 0.0 0
1747650040126 0.0 0
1747650040139 0.0 0
1747650040148 0.0 0
1747650040157 0.0 0
1747650040164 0.0 0
1747650040179 0.0 0
1747650040192 0.0 0
1747650040202 0.0 0
1747650040214 0.0 0
1747650040226 0.0 0
1747650040235 0.0 0
1747650040244 0.0 0
1747650040260 0.0 0
1747650040268 0.0 0
1747650040278 0.0 0
1747650040291 0.0 0
1747650040303 0.0 0
1747650040317 0.0 0
1747650040332 0.0 0
1747650040347 0.0 0
1747650040360 0.0 0
1747650040376 0.0 0
1747650040386 0.0 0
1747650040397 0.0 0
1747650040410 0.0 0
1747650040423 0.0 0
1747650040434 0.0 0
1747650040443 0.0 0
1747650040457 0.0 0
1747650040464 0.0 0
1747650040475 0.0 0
1747650040486 0.0 0
1747650040500 0.0 0
1747650040512 0.0 0
1747650040527 0.0 0
1747650040541 0.0 0
1747650040552 0.0 0
1747650040563 0.0 0
1747650040581 0.0 0
1747650040590 0.0 0
1747650040597 0.0 0
1747650040610 0.0 0
1747650040628 0.0 0
1747650040645 0.0 0
1747650040654 0.0 0
1747650040661 0.0 0
1747650040670 0.0 0
1747650040682 0.0 0
1747650040689 0.0 0
1747650040702 0.0 0
1747650040716 0.0 0
1747650040734 0.0 0
1747650040744 0.0 0
1747650040757 0.0 0
1747650040769 0.0 0
1747650040780 0.0 0
1747650040789 0.0 0
1747650040806 0.0 0
1747650040814 0.0 0
1747650040825 0.0 0
1747650040833 0.0 0
1747650040846 0.0 0
1747650040858 0.0 0
1747650040869 0.0 0
1747650040881 0.0 0
1747650040898 0.0 0
1747650040915 0.0 0
1747650040927 0.0 0
1747650040935 0.0 0
1747650040946 0.0 0
1747650041882 0.0 0
1747650041893 0.0 0
1747650041905 0.0 0
1747650041917 0.0 0
1747650041931 0.0 0
1747650041943 0.0 0
1747650041960 0.0 0
1747650041974 0.0 0
1747650041994 0.0 0
1747650042011 0.0 0
1747650042037 0.0 0
1747650042051 0.0 0
1747650042065 0.0 0
1747650042078 0.0 0
1747650042098 0.0 0
1747650042113 0.0 0
1747650042127 0.0 0
1747650042159 0.0 0
1747650042178 0.0 0
1747650042193 0.0 0
1747650042205 0.0 0
1747650042214 0.0 0
1747650042222 0.0 0
1747650042235 0.0 0
1747650042247 0.0 0
1747650042264 0.0 0
1747650042278 0.0 0
1747650042297 0.0 0
1747650042310 0.0 0
1747650042322 0.0 0
1747650042334 0.0 0
1747650042346 0.0 0
1747650042358 0.0 0
1747650042368 0.0 0
1747650042379 0.0 0
1747650042393 0.0 0
1747650042414 0.0 0
1747650042425 0.0 0
1747650042448 0.0 0
1747650042460 0.0 0
1747650042474 0.0 0
1747650042497 0.0 0
1747650042510 0.0 0
1747650042522 0.0 0
1747650042534 0.0 0
1747650042549 0.0 0
1747650042560 0.0 0
1747650042572 0.0 0
1747650042585 0.0 0
1747650042597 0.0 0
1747650042605 0.0 0
1747650042617 0.0 0
1747650042629 0.0 0
1747650042641 0.0 0
1747650042655 0.0 0
1747650042666 0.0 0
1747650042676 0.0 0
1747650042705 0.0 0
1747650042718 0.0 0
1747650042736 0.0 0
1747650042747 0.0 0
1747650042758 0.0 0
1747650042768 0.0 0
1747650042779 0.0 0
1747650042791 0.0 0
1747650042802 0.0 0
1747650042823 0.0 0
1747650042832 0.0 0
1747650042840 0.0 0
1747650042848 0.0 0
1747650042860 0.0 0
1747650042871 0.0 0
1747650042882 0.0 0
1747650042894 0.0 0
1747650042907 0.0 0
1747650042919 0.0 0
1747650042930 0.0 0
1747650042950 0.0 0
1747650042962 0.0 0
1747650042975 0.0 0
1747650042986 0.0 0
1747650042997 0.0 0
1747650043007 0.0 0
1747650043019 0.0 0
1747650043035 0.0 0
1747650043055 0.0 0
1747650043064 0.0 0
1747650043076 0.0 0
1747650043105 0.0 0
1747650043116 0.0 0
1747650043126 0.0 0
1747650043136 0.0 0
1747650043147 0.0 0
1747650043159 0.0 0
1747650043181 0.0 0
1747650043192 0.0 0
1747650043204 0.0 0
1747650043215 0.0 0
1747650043224 0.0 0
1747650043236 0.0 0
1747650043252 0.0 0
1747650043263 0.0 0
1747650043275 0.0 0
1747650043282 0.0 0
1747650043298 0.0 0
1747650043325 0.0 0
1747650043345 0.0 0
1747650043377 0.0 0
1747650043389 0.0 0
1747650043398 0.0 0
1747650043414 0.0 0
1747650043430 0.0 0
1747650043441 0.0 0
1747650043453 0.0 0
1747650043463 0.0 0
1747650043474 0.0 0
1747650043485 0.0 0
1747650043497 0.0 0
1747650043534 0.0 0
1747650043545 0.0 0
1747650043565 0.0 0
1747650043580 0.0 0
1747650043597 0.0 0
1747650043610 0.0 0
1747650043622 0.0 0
1747650043635 0.0 0
1747650043646 0.0 0
1747650043664 0.0 0
1747650043676 0.0 0
1747650043689 0.0 0
1747650043717 0.0 0
1747650043732 0.0 0
1747650043746 0.0 0
1747650043758 0.0 0
1747650043770 0.0 0
1747650043783 0.0 0
1747650043792 0.0 0
1747650043804 0.0 0
1747650043814 0.0 0
1747650043827 0.0 0
1747650043845 0.0 0
1747650043857 0.0 0
1747650043869 0.0 0
1747650043884 0.0 0
1747650043897 0.0 0
1747650043909 0.0 0
1747650043938 0.0 0
1747650043951 0.0 0
1747650043964 0.0 0
1747650043978 0.0 0
1747650043991 0.0 0
1747650044005 0.0 0
1747650044018 0.0 0
1747650044031 0.0 0
1747650044044 0.0 0
1747650044057 0.0 0
1747650044066 0.0 0
1747650044078 0.0 0
1747650044101 0.0 0
1747650044114 0.0 0
1747650044130 0.0 0
1747650044139 0.0 0
1747650044153 0.0 0
1747650044170 0.0 0
1747650044180 0.0 0
1747650044189 0.0 0
1747650044202 0.0 0
1747650044216 0.0 0
1747650044225 0.0 0
1747650044237 0.0 0
1747650044250 0.0 0
1747650044261 0.0 0
1747650044273 0.0 0
1747650044289 0.0 0
1747650044299 0.0 0
1747650044324 0.0 0
1747650044349 0.0 0
1747650044362 0.0 0
1747650044373 0.0 0
1747650044382 0.0 0
1747650044394 0.0 0
1747650044409 0.0 0
1747650044420 0.0 0
1747650044435 0.0 0
1747650044446 0.0 0
1747650044457 0.0 0
1747650044470 0.0 0
1747650044486 0.0 0
1747650044497 0.0 0
1747650044508 0.0 0
1747650044519 0.0 0
1747650044532 0.0 0
1747650044547 0.0 0
1747650044556 0.0 0
1747650044570 0.0 0
1747650044578 0.0 0
1747650044590 0.0 0
1747650044598 0.0 0
1747650044614 0.0 0
1747650044625 0.0 0
1747650044636 0.0 0
1747650044648 0.0 0
1747650044659 0.0 0
1747650044674 0.0 0
1747650044685 0.0 0
1747650044703 0.0 0
1747650044714 0.0 0
1747650044732 0.0 0
1747650044750 0.0 0
1747650044762 0.0 0
1747650044775 0.0 0
1747650044787 0.0 0
1747650044804 0.0 0
1747650044826 0.0 0
1747650044840 0.0 0
1747650044851 0.0 0
1747650044867 0.0 0
1747650044878 0.0 0
1747650044895 0.0 0
1747650044905 0.0 0
1747650044917 0.0 0
1747650044945 0.0 0
1747650044957 0.0 0
1747650044986 0.0 0
1747650044995 0.0 0
1747650045007 0.0 0
1747650045018 0.0 0
1747650045038 0.0 0
1747650045047 0.0 0
1747650045056 0.0 0
1747650045070 0.0 0
1747650045081 0.0 0
1747650045101 0.0 0
1747650045112 0.0 0
1747650045120 0.0 0
1747650045132 0.0 0
1747650045144 0.0 0
1747650045171 0.0 0
1747650045182 0.0 0
1747650045195 0.0 0
1747650045209 0.0 0
1747650045218 0.0 0
1747650045230 0.0 0
1747650045237 0.0 0
1747650045247 0.0 0
1747650045260 0.0 0
1747650045269 0.0 0
1747650045278 0.0 0
1747650045286 0.0 0
1747650045298 0.0 0
1747650045315 0.0 0
1747650045332 0.0 0
1747650045359 0.0 0
1747650045372 0.0 0
1747650045382 0.0 0
1747650045394 0.0 0
1747650045405 0.0 0
1747650045417 0.0 0
1747650045426 0.0 0
1747650045438 0.0 0
1747650045449 0.0 0
1747650045457 0.0 0
1747650045468 0.0 0
1747650045481 0.0 0
1747650045490 0.0 0
1747650045497 0.0 0
1747650045508 0.0 0
1747650045535 0.0 0
1747650045552 0.0 0
1747650045564 0.0 0
1747650045576 0.0 0
1747650045588 0.0 0
1747650045595 0.0 0
1747650045603 0.0 0
1747650045614 0.0 0
1747650045624 0.0 0
1747650045637 0.0 0
1747650045648 0.0 0
1747650045661 0.0 0
1747650045672 0.0 0
1747650045695 0.0 0
1747650045713 0.0 0
1747650045724 0.0 0
1747650045735 0.0 0
1747650045747 0.0 0
1747650045760 0.0 0
1747650045777 0.0 0
1747650045789 0.0 0
1747650045800 0.0 0
1747650045809 0.0 0
1747650045823 0.0 0
1747650045836 0.0 0
1747650045848 0.0 0
1747650045859 0.0 0
1747650045875 0.0 0
1747650045886 0.0 0
1747650045901 0.0 0
1747650045912 0.0 0
1747650045925 0.0 0
1747650045967 0.0 0
1747650045989 0.0 0
1747650046000 0.0 0
1747650046015 0.0 0
1747650046030 0.0 0
1747650046045 0.0 0
1747650046057 0.0 0
1747650046069 0.0 0
1747650046083 0.0 0
1747650046092 0.0 0
1747650046099 0.0 0
1747650046111 0.0 0
1747650046133 0.0 0
1747650046147 0.0 0
1747650046159 0.0 0
1747650046187 0.0 0
1747650046212 0.0 0
1747650046225 0.0 0
1747650046237 0.0 0
1747650046257 0.0 0
1747650046268 0.0 0
1747650046280 0.0 0
1747650046290 0.0 0
1747650046299 0.0 0
1747650046314 0.0 0
1747650046324 0.0 0
1747650046336 0.0 0
1747650046345 0.0 0
1747650046353 0.0 0
1747650046362 0.0 0
1747650046378 0.0 0
1747650046388 0.0 0
1747650046400 0.0 0
1747650046412 0.0 0
1747650046422 0.0 0
1747650046430 0.0 0
1747650046442 0.0 0
1747650046450 0.0 0
1747650046461 0.0 0
1747650046476 0.0 0
1747650046494 0.0 0
1747650046505 0.0 0
1747650046517 0.0 0
1747650046528 0.0 0
1747650046542 0.0 0
1747650046554 0.0 0
1747650046568 0.0 0
1747650046583 0.0 0
1747650046590 0.0 0
1747650046608 0.0 0
1747650046620 0.0 0
1747650046628 0.0 0
1747650046638 0.0 0
1747650046650 0.0 0
1747650046662 0.0 0
1747650046680 0.0 0
1747650046691 0.0 0
1747650046703 0.0 0
1747650046711 0.0 0
1747650046722 0.0 0
1747650046733 0.0 0
1747650046747 0.0 0
1747650046758 0.0 0
1747650046769 0.0 0
1747650046780 0.0 0
1747650046792 0.0 0
1747650046804 0.0 0
1747650046821 0.0 0
1747650046832 0.0 0
1747650046844 0.0 0
1747650046853 0.0 0
1747650046861 0.0 0
1747650046873 0.0 0
1747650046880 0.0 0
1747650046889 0.0 0
1747650046899 0.0 0
1747650046908 0.0 0
1747650046916 0.0 0
1747650046924 0.0 0
1747650046931 0.0 0
1747650046943 0.0 0
1747650046954 0.0 0
1747650046964 0.0 0
1747650046976 0.0 0
1747650046989 0.0 0
1747650047001 0.0 0
1747650047013 0.0 0
1747650047024 0.0 0
1747650047031 0.0 0
1747650047040 0.0 0
1747650047051 0.0 0
1747650047062 0.0 0
1747650047070 0.0 0
1747650047077 0.0 0
1747650047087 0.0 0
1747650047097 0.0 0
1747650047112 0.0 0
1747650047119 0.0 0
1747650047131 0.0 0
1747650047144 0.0 0
1747650047153 0.0 0
1747650047164 0.0 0
1747650047173 0.0 0
1747650047191 0.0 0
1747650047207 0.0 0
1747650047219 0.0 0
1747650047231 0.0 0
1747650047245 0.0 0
1747650047263 0.0 0
1747650047273 0.0 0
1747650047284 0.0 0
1747650047295 0.0 0
1747650047306 0.0 0
1747650047324 0.0 0
1747650047335 0.0 0
1747650047347 0.0 0
1747650047358 0.0 0
1747650047370 0.0 0
1747650047391 0.0 0
1747650047403 0.0 0
1747650047441 0.0 0
1747650047453 0.0 0
1747650047471 0.0 0
1747650047481 0.0 0
1747650047494 0.0 0
1747650047506 0.0 0
1747650047518 0.0 0
1747650047530 0.0 0
1747650047544 0.0 0
1747650047555 0.0 0
1747650047567 0.0 0
1747650047578 0.0 0
1747650047590 0.0 0
1747650047603 0.0 0
1747650047615 0.0 0
1747650047628 0.0 0
1747650047640 0.0 0
1747650047652 0.0 0
1747650047664 0.0 0
1747650047677 0.0 0
1747650047697 0.0 0
1747650047705 0.0 0
1747650047716 0.0 0
1747650047727 0.0 0
1747650047735 0.0 0
1747650047749 0.0 0
1747650047766 0.0 0
1747650047780 0.0 0
1747650047792 0.0 0
1747650047799 0.0 0
1747650047834 0.0 0
1747650047848 0.0 0
1747650047860 0.0 0
1747650047872 0.0 0
1747650047880 0.0 0
1747650047891 0.0 0
1747650047903 0.0 0
1747650047914 0.0 0
1747650047922 0.0 0
1747650047930 0.0 0
1747650047942 0.0 0
1747650047958 0.0 0
1747650047970 0.0 0
1747650047987 0.0 0
1747650047994 0.0 0
1747650048010 0.0 0
1747650048019 0.0 0
1747650048027 0.0 0
1747650048040 0.0 0
1747650048052 0.0 0
1747650048061 0.0 0
1747650048073 0.0 0
1747650048082 0.0 0
1747650048089 0.0 0
1747650048103 0.0 0
1747650048115 0.0 0
1747650048126 0.0 0
1747650048135 0.0 0
1747650048159 0.0 0
1747650048170 0.0 0
1747650048183 0.0 0
1747650048195 0.0 0
1747650048207 0.0 0
1747650048224 0.0 0
1747650048248 0.0 0
1747650048260 0.0 0
1747650048270 0.0 0
1747650048282 0.0 0
1747650048289 0.0 0
1747650048301 0.0 0
1747650048312 0.0 0
1747650048319 0.0 0
1747650048330 0.0 0
1747650048337 0.0 0
1747650048347 0.0 0
1747650048359 0.0 0
1747650048368 0.0 0
1747650048378 0.0 0
1747650048387 0.0 0
1747650048399 0.0 0
1747650048411 0.0 0
1747650048420 0.0 0
1747650048437 0.0 0
1747650048448 0.0 0
1747650048458 0.0 0
1747650048472 0.0 0
1747650048479 0.0 0
1747650048492 0.0 0
1747650048516 0.0 0
1747650048542 0.0 0
1747650048553 0.0 0
1747650048564 0.0 0
1747650048579 0.0 0
1747650048595 0.0 0
1747650048606 0.0 0
1747650048617 0.0 0
1747650048633 0.0 0
1747650048645 0.0 0
1747650048670 0.0 0
1747650048685 0.0 0
1747650048697 0.0 0
1747650048708 0.0 0
1747650048719 0.0 0
1747650048735 0.0 0
1747650048744 0.0 0
1747650048760 0.0 0
1747650048770 0.0 0
1747650048778 0.0 0
1747650048789 0.0 0
1747650048800 0.0 0
1747650048813 0.0 0
1747650048828 0.0 0
1747650048840 0.0 0
1747650048852 0.0 0
1747650048870 0.0 0
1747650048893 0.0 0
1747650048903 0.0 0
1747650048910 0.0 0
1747650048924 0.0 0
1747650048937 0.0 0
1747650048945 0.0 0
1747650048952 0.0 0
1747650048963 0.0 0
1747650048975 0.0 0
1747650048995 0.0 0
1747650049012 0.0 0
1747650049035 0.0 0
1747650049047 0.0 0
1747650049059 0.0 0
1747650049072 0.0 0
1747650049084 0.0 0
1747650049095 0.0 0
1747650049103 0.0 0
1747650049122 0.0 0
1747650049133 0.0 0
1747650049141 0.0 0
1747650049151 0.0 0
1747650049170 0.0 0
1747650049180 0.0 0
1747650049192 0.0 0
1747650049204 0.0 0
1747650049212 0.0 0
1747650049220 0.0 0
1747650049236 0.0 0
1747650049264 0.0 0
1747650049276 0.0 0
1747650049288 0.0 0
1747650049300 0.0 0
1747650049311 0.0 0
1747650049322 0.0 0
1747650049333 0.0 0
1747650049343 0.0 0
1747650049354 0.0 0
1747650049370 0.0 0
1747650049382 0.0 0
1747650049393 0.0 0
1747650049406 0.0 0
1747650049436 0.0 0
1747650049450 0.0 0
1747650049462 0.0 0
1747650049475 0.0 0
1747650049488 0.0 0
1747650049500 0.0 0
1747650049517 0.0 0
1747650049524 0.0 0
1747650049551 0.0 0
1747650049559 0.0 0
1747650049568 0.0 0
1747650049579 0.0 0
1747650049590 0.0 0
1747650049605 0.0 0
1747650049615 0.0 0
1747650049626 0.0 0
1747650049635 0.0 0
1747650049646 0.0 0
1747650049655 0.0 0
1747650049668 0.0 0
1747650049680 0.0 0
1747650049703 0.0 0
1747650049715 0.0 0
1747650049723 0.0 0
1747650049736 0.0 0
1747650049746 0.0 0
1747650049754 0.0 0
1747650049766 0.0 0
1747650049777 0.0 0
1747650049787 0.0 0
1747650049795 0.0 0
1747650049811 0.0 0
1747650049831 0.0 0
1747650049843 0.0 0
1747650049851 0.0 0
1747650049867 0.0 0
1747650049891 0.0 0
1747650049900 0.0 0
1747650049912 0.0 0
1747650049924 0.0 0
1747650049935 0.0 0
1747650049953 0.0 0
1747650049965 0.0 0
1747650049976 0.0 0
1747650049994 0.0 0
1747650050004 0.0 0
1747650050011 0.0 0
1747650050024 0.0 0
1747650050035 0.0 0
1747650050043 0.0 0
1747650050055 0.0 0
1747650050062 0.0 0
1747650050074 0.0 0
1747650050086 0.0 0
1747650050103 0.0 0
1747650050119 0.0 0
1747650050128 0.0 0
1747650050141 0.0 0
1747650050156 0.0 0
1747650050171 0.0 0
1747650050182 0.0 0
1747650050194 0.0 0
1747650050206 0.0 0
1747650050223 0.0 0
1747650050253 0.0 0
1747650050264 0.0 0
1747650050288 0.0 0
1747650050305 0.0 0
1747650050320 0.0 0
1747650050332 0.0 0
1747650050341 0.0 0
1747650050352 0.0 0
1747650050360 0.0 0
1747650050369 0.0 0
1747650050417 0.0 0
1747650050428 0.0 0
1747650050444 0.0 0
1747650050455 0.0 0
1747650050465 0.0 0
1747650050483 0.0 0
1747650050498 0.0 0
1747650050511 0.0 0
1747650050522 0.0 0
1747650050534 0.0 0
1747650050544 0.0 0
1747650050556 0.0 0
1747650050567 0.0 0
1747650050584 0.0 0
1747650050595 0.0 0
1747650050612 0.0 0
1747650050622 0.0 0
1747650050641 0.0 0
1747650050652 0.0 0
1747650050664 0.0 0
1747650050671 0.0 0
1747650050683 0.0 0
1747650050695 0.0 0
1747650050721 0.0 0
1747650050734 0.0 0
1747650050758 0.0 0
1747650050770 0.0 0
1747650050782 0.0 0
1747650050798 0.0 0
1747650050809 0.0 0
1747650050822 0.0 0
1747650050833 0.0 0
1747650050843 0.0 0
1747650050853 0.0 0
1747650050864 0.0 0
1747650050874 0.0 0
1747650050886 0.0 0
1747650050898 0.0 0
1747650050915 0.0 0
1747650050935 0.0 0
1747650050949 0.0 0
1747650050960 0.0 0
1747650050974 0.0 0
1747650050985 0.0 0
1747650051008 0.0 0
1747650051019 0.0 0
1747650051030 0.0 0
1747650051040 0.0 0
1747650051048 0.0 0
1747650051059 0.0 0
1747650051072 0.0 0
1747650051087 0.0 0
1747650051099 0.0 0
1747650051117 0.0 0
1747650051129 0.0 0
1747650051141 0.0 0
1747650051172 0.0 0
1747650051183 0.0 0
1747650051206 0.0 0
1747650051217 0.0 0
1747650051241 0.0 0
1747650051258 0.0 0
1747650051268 0.0 0
1747650051279 0.0 0
1747650051290 0.0 0
1747650051303 0.0 0
1747650051315 0.0 0
1747650051333 0.0 0
1747650051348 0.0 0
1747650051359 0.0 0
1747650051371 0.0 0
1747650051378 0.0 0
1747650051390 0.0 0
1747650051399 0.0 0
1747650051410 0.0 0
1747650051421 0.0 0
1747650051435 0.0 0
1747650051445 0.0 0
1747650051452 0.0 0
1747650051461 0.0 0
1747650051476 0.0 0
1747650051495 0.0 0
1747650051508 0.0 0
1747650051538 0.0 0
1747650051562 0.0 0
1747650051569 0.0 0
1747650051578 0.0 0
1747650051587 0.0 0
1747650051602 0.0 0
1747650051616 0.0 0
1747650051632 0.0 0
1747650051644 0.0 0
1747650051659 0.0 0
1747650051670 0.0 0
1747650051682 0.0 0
1747650051694 0.0 0
1747650051703 0.0 0
1747650051715 0.0 0
1747650051723 0.0 0
1747650051744 0.0 0
1747650051757 0.0 0
1747650051769 0.0 0
1747650051780 0.0 0
1747650051791 0.0 0
1747650051802 0.0 0
1747650051813 0.0 0
1747650051825 0.0 0
1747650051836 0.0 0
1747650051843 0.0 0
1747650051855 0.0 0
1747650051868 0.0 0
1747650051877 0.0 0
1747650051886 0.0 0
1747650051898 0.0 0
1747650051909 0.0 0
1747650051921 0.0 0
1747650051934 0.0 0
1747650051947 0.0 0
1747650051963 0.0 0
1747650051974 0.0 0
1747650051985 0.0 0
1747650051994 0.0 0
1747650052006 0.0 0
1747650052031 0.0 0
1747650052042 0.0 0
1747650052062 0.0 0
1747650052073 0.0 0
1747650052085 0.0 0
1747650052101 0.0 0
1747650052120 0.0 0
1747650052137 0.0 0
1747650052150 0.0 0
1747650052162 0.0 0
1747650052173 0.0 0
1747650052185 0.0 0
1747650052202 0.0 0
1747650052214 0.0 0
1747650052231 0.0 0
1747650052242 0.0 0
1747650052253 0.0 0
1747650052267 0.0 0
1747650052278 0.0 0
1747650052287 0.0 0
1747650052300 0.0 0
1747650052307 0.0 0
1747650052319 0.0 0
1747650052353 0.0 0
1747650052373 0.0 0
1747650052390 0.0 0
1747650052401 0.0 0
1747650052412 0.0 0
1747650052427 0.0 0
1747650052435 0.0 0
1747650052444 0.0 0
1747650052456 0.0 0
1747650052464 0.0 0
1747650052473 0.0 0
1747650052484 0.0 0
1747650052495 0.0 0
1747650052507 0.0 0
1747650052519 0.0 0
1747650052537 0.0 0
1747650052563 0.0 0
1747650052577 0.0 0
1747650052589 0.0 0
1747650052604 0.0 0
1747650052622 0.0 0
1747650052633 0.0 0
1747650052643 0.0 0
1747650052660 0.0 0
1747650052672 0.0 0
1747650052685 0.0 0
1747650052697 0.0 0
1747650052704 0.0 0
1747650052714 0.0 0
1747650052726 0.0 0
1747650052735 0.0 0
1747650052745 0.0 0
1747650052756 0.0 0
1747650052775 0.0 0
1747650052792 0.0 0
1747650052799 0.0 0
1747650052814 0.0 0
1747650052826 0.0 0
1747650052834 0.0 0
1747650052858 0.0 0
1747650052868 0.0 0
1747650052879 0.0 0
1747650052890 0.0 0
1747650052907 0.0 0
1747650052918 0.0 0
1747650052932 0.0 0
1747650052945 0.0 0
1747650052957 0.0 0
1747650052976 0.0 0
1747650052995 0.0 0
1747650053007 0.0 0
1747650053020 0.0 0
1747650053031 0.0 0
1747650053038 0.0 0
1747650053050 0.0 0
1747650053064 0.0 0
1747650053073 0.0 0
1747650053080 0.0 0
1747650053092 0.0 0
1747650053103 0.0 0
1747650053121 0.0 0
1747650053145 0.0 0
1747650053157 0.0 0
1747650053170 0.0 0
1747650053182 0.0 0
1747650053191 0.0 0
1747650053209 0.0 0
1747650053218 0.0 0
1747650053230 0.0 0
1747650053238 0.0 0
1747650053245 0.0 0
1747650053257 0.0 0
1747650053268 0.0 0
1747650053280 0.0 0
1747650053289 0.0 0
1747650053296 0.0 0
1747650053307 0.0 0
1747650053318 0.0 0
1747650053327 0.0 0
1747650053349 0.0 0
1747650053362 0.0 0
1747650053381 0.0 0
1747650053394 0.0 0
1747650053406 0.0 0
1747650053421 0.0 0
1747650053433 0.0 0
1747650053442 0.0 0
1747650053455 0.0 0
1747650053472 0.0 0
1747650053484 0.0 0
1747650053491 0.0 0
1747650053498 0.0 0
1747650053509 0.0 0
1747650053527 0.0 0
1747650053551 0.0 0
1747650053563 0.0 0
1747650053575 0.0 0
1747650053595 0.0 0
1747650053610 0.0 0
1747650053637 0.0 0
1747650053649 0.0 0
1747650053660 0.0 0
1747650053669 0.0 0
1747650053677 0.0 0
1747650053694 0.0 0
1747650053719 0.0 0
1747650053731 0.0 0
1747650053738 0.0 0
1747650053764 0.0 0
1747650053776 0.0 0
1747650053795 0.0 0
1747650053807 0.0 0
1747650053831 0.0 0
1747650053840 0.0 0
1747650053849 0.0 0
1747650053862 0.0 0
1747650053873 0.0 0
1747650053890 0.0 0
1747650053898 0.0 0
1747650053916 0.0 0
1747650053933 0.0 0
1747650053942 0.0 0
1747650053959 0.0 0
1747650053984 0.0 0
1747650053995 0.0 0
1747650054007 0.0 0
1747650054053 0.0 0
1747650054063 0.0 0
1747650054077 0.0 0
1747650054089 0.0 0
1747650054100 0.0 0
1747650054117 0.0 0
1747650054137 0.0 0
1747650054147 0.0 0
1747650054157 0.0 0
1747650054166 0.0 0
1747650054180 0.0 0
1747650054202 0.0 0
1747650054220 0.0 0
1747650054232 0.0 0
1747650054245 0.0 0
1747650054256 0.0 0
1747650054263 0.0 0
1747650054275 0.0 0
1747650054283 0.0 0
1747650054291 0.0 0
1747650054306 0.0 0
1747650054317 0.0 0
1747650054337 0.0 0
1747650054348 0.0 0
1747650054359 0.0 0
1747650054369 0.0 0
1747650054381 0.0 0
1747650054393 0.0 0
1747650054405 0.0 0
1747650054421 0.0 0
1747650054433 0.0 0
1747650054446 0.0 0
1747650054463 0.0 0
1747650054475 0.0 0
1747650054482 0.0 0
1747650054503 0.0 0
1747650054516 0.0 0
1747650054527 0.0 0
1747650054539 0.0 0
1747650054554 0.0 0
1747650054565 0.0 0
1747650054578 0.0 0
1747650054587 0.0 0
1747650054599 0.0 0
1747650054618 0.0 0
1747650054630 0.0 0
1747650054648 0.0 0
1747650054660 0.0 0
1747650054669 0.0 0
1747650054681 0.0 0
1747650054691 0.0 0
1747650054702 0.0 0
1747650054716 0.0 0
1747650054727 0.0 0
1747650054744 0.0 0
1747650054756 0.0 0
1747650054765 0.0 0
1747650054774 0.0 0
1747650054787 0.0 0
1747650054804 0.0 0
1747650054823 0.0 0
1747650054831 0.0 0
1747650054847 0.0 0
1747650054862 0.0 0
1747650054883 0.0 0
1747650054899 0.0 0
1747650054909 0.0 0
1747650054919 0.0 0
1747650054927 0.0 0
1747650054939 0.0 0
1747650054950 0.0 0
1747650054966 0.0 0
1747650054977 0.0 0
1747650054990 0.0 0
1747650055008 0.0 0
1747650055030 0.0 0
1747650055043 0.0 0
1747650055053 0.0 0
1747650055062 0.0 0
1747650055076 0.0 0
1747650055088 0.0 0
1747650055101 0.0 0
1747650055112 0.0 0
1747650055120 0.0 0
1747650055130 0.0 0
1747650055139 0.0 0
1747650055151 0.0 0
1747650055162 0.0 0
1747650055175 0.0 0
1747650055189 0.0 0
1747650055200 0.0 0
1747650055220 0.0 0
1747650055230 0.0 0
1747650055239 0.0 0
1747650055248 0.0 0
1747650055260 0.0 0
1747650055271 0.0 0
1747650055283 0.0 0
1747650055290 0.0 0
1747650055307 0.0 0
1747650055318 0.0 0
1747650055330 0.0 0
1747650055346 0.0 0
1747650055362 0.0 0
1747650055379 0.0 0
1747650055390 0.0 0
1747650055414 0.0 0
1747650055426 0.0 0
1747650055450 0.0 0
1747650055458 0.0 0
1747650055472 0.0 0
1747650055487 0.0 0
1747650055498 0.0 0
1747650055524 0.0 0
1747650055541 0.0 0
1747650055579 0.0 0
1747650055592 0.0 0
1747650055611 0.0 0
1747650055630 0.0 0
1747650055654 0.0 0
1747650055670 0.0 0
1747650055689 0.0 0
1747650055700 0.0 0
1747650055711 0.0 0
1747650055720 0.0 0
1747650055743 0.0 0
1747650055752 0.0 0
1747650055763 0.0 0
1747650055772 0.0 0
1747650055784 0.0 0
1747650055794 0.0 0
1747650055807 0.0 0
1747650055819 0.0 0
1747650055848 0.0 0
1747650055861 0.0 0
1747650055873 0.0 0
1747650055881 0.0 0
1747650055891 0.0 0
1747650055910 0.0 0
1747650055921 0.0 0
1747650055938 0.0 0
1747650055950 0.0 0
1747650055960 0.0 0
1747650055976 0.0 0
1747650055990 0.0 0
1747650056020 0.0 0
1747650056040 0.0 0
1747650056055 0.0 0
1747650056065 0.0 0
1747650056076 0.0 0
1747650056092 0.0 0
1747650056104 0.0 0
1747650056116 0.0 0
1747650056125 0.0 0
1747650056136 0.0 0
1747650056145 0.0 0
1747650056157 0.0 0
1747650056168 0.0 0
1747650056179 0.0 0
1747650056189 0.0 0
1747650056198 0.0 0
1747650056209 0.0 0
1747650056221 0.0 0
1747650056233 0.0 0
1747650056286 0.0 0
1747650056300 0.0 0
1747650056320 0.0 0
1747650056332 0.0 0
1747650056344 0.0 0
1747650056359 0.0 0
1747650056377 0.0 0
1747650056384 0.0 0
1747650056395 0.0 0
1747650056408 0.0 0
1747650056418 0.0 0
1747650056430 0.0 0
1747650056450 0.0 0
1747650056462 0.0 0
1747650056479 0.0 0
1747650056490 0.0 0
1747650056501 0.0 0
1747650056511 0.0 0
1747650056519 0.0 0
1747650056530 0.0 0
1747650056542 0.0 0
1747650056553 0.0 0
1747650056564 0.0 0
1747650056574 0.0 0
1747650056586 0.0 0
1747650056596 0.0 0
1747650056605 0.0 0
1747650056617 0.0 0
1747650056627 0.0 0
1747650056638 0.0 0
1747650056658 0.0 0
1747650056688 0.0 0
1747650056697 0.0 0
1747650056706 0.0 0
1747650056718 0.0 0
1747650056736 0.0 0
1747650056748 0.0 0
1747650056759 0.0 0
1747650056768 0.0 0
1747650056777 0.0 0
1747650056786 0.0 0
1747650056797 0.0 0
1747650056811 0.0 0
1747650056824 0.0 0
1747650056836 0.0 0
1747650056849 0.0 0
1747650056861 0.0 0
1747650056873 0.0 0
1747650056882 0.0 0
1747650056894 0.0 0
1747650056905 0.0 0
1747650056914 0.0 0
1747650056925 0.0 0
1747650056942 0.0 0
1747650056958 0.0 0
1747650056969 0.0 0
1747650056981 0.0 0
1747650056997 0.0 0
1747650057008 0.0 0
1747650057019 0.0 0
1747650057032 0.0 0
1747650057058 0.0 0
1747650057080 0.0 0
1747650057093 0.0 0
1747650057105 0.0 0
1747650057118 0.0 0
1747650057138 0.0 0
1747650057161 0.0 0
1747650057171 0.0 0
1747650057179 0.0 0
1747650057191 0.0 0
1747650057213 0.0 0
1747650057220 0.0 0
1747650057230 0.0 0
1747650057244 0.0 0
1747650057258 0.0 0
1747650057271 0.0 0
1747650057284 0.0 0
1747650057292 0.0 0
1747650057306 0.0 0
1747650057314 0.0 0
1747650057326 0.0 0
1747650057336 0.0 0
1747650057347 0.0 0
1747650057366 0.0 0
1747650057378 0.0 0
1747650057389 0.0 0
1747650057399 0.0 0
1747650057414 0.0 0
1747650057426 0.0 0
1747650057436 0.0 0
1747650057467 0.0 0
1747650057506 0.0 0
1747650057519 0.0 0
1747650057531 0.0 0
1747650057545 0.0 0
1747650057557 0.0 0
1747650057569 0.0 0
1747650057577 0.0 0
1747650057589 0.0 0
1747650057600 0.0 0
1747650057612 0.0 0
1747650057626 0.0 0
1747650057638 0.0 0
1747650057650 0.0 0
1747650057663 0.0 0
1747650057681 0.0 0
1747650057693 0.0 0
1747650057713 0.0 0
1747650057727 0.0 0
1747650057739 0.0 0
1747650057762 0.0 0
1747650057773 0.0 0
1747650057787 0.0 0
1747650057801 0.0 0
1747650057824 0.0 0
1747650057835 0.0 0
1747650057846 0.0 0
1747650057859 0.0 0
1747650057888 0.0 0
1747650057900 0.0 0
1747650057912 0.0 0
1747650057919 0.0 0
1747650057928 0.0 0
1747650057940 0.0 0
1747650057957 0.0 0
1747650057969 0.0 0
1747650057993 0.0 0
1747650058000 0.0 0
1747650058015 0.0 0
1747650058025 0.0 0
1747650058054 0.0 0
1747650058072 0.0 0
1747650058086 0.0 0
1747650058112 0.0 0
1747650058125 0.0 0
1747650058140 0.0 0
1747650058158 0.0 0
1747650058169 0.0 0
1747650058183 0.0 0
1747650058199 0.0 0
1747650058211 0.0 0
1747650058222 0.0 0
1747650058232 0.0 0
1747650058247 0.0 0
1747650058265 0.0 0
1747650058285 0.0 0
1747650058299 0.0 0
1747650058317 0.0 0
1747650058324 0.0 0
1747650058336 0.0 0
1747650058348 0.0 0
1747650058361 0.0 0
1747650058372 0.0 0
1747650058382 0.0 0
1747650058393 0.0 0
1747650058404 0.0 0
1747650058415 0.0 0
1747650058423 0.0 0
1747650058436 0.0 0
1747650058451 0.0 0
1747650058463 0.0 0
1747650058475 0.0 0
1747650058487 0.0 0
1747650058499 0.0 0
1747650058511 0.0 0
1747650058538 0.0 0
1747650058549 0.0 0
1747650058566 0.0 0
1747650058577 0.0 0
1747650058591 0.0 0
1747650058615 0.0 0
1747650058626 0.0 0
1747650058640 0.0 0
1747650058652 0.0 0
1747650058668 0.0 0
1747650058686 0.0 0
1747650058719 0.0 0
1747650058730 0.0 0
1747650058739 0.0 0
1747650058756 0.0 0
1747650058768 0.0 0
1747650058778 0.0 0
1747650058790 0.0 0
1747650058806 0.0 0
1747650058821 0.0 0
1747650058833 0.0 0
1747650058846 0.0 0
1747650058857 0.0 0
1747650058868 0.0 0
1747650058887 0.0 0
1747650058905 0.0 0
1747650058917 0.0 0
1747650058928 0.0 0
1747650058940 0.0 0
1747650058951 0.0 0
1747650058963 0.0 0
1747650058970 0.0 0
1747650058982 0.0 0
1747650058993 0.0 0
1747650059003 0.0 0
1747650059018 0.0 0
1747650059033 0.0 0
1747650059050 0.0 0
1747650059068 0.0 0
1747650059079 0.0 0
1747650059092 0.0 0
1747650059103 0.0 0
1747650059116 0.0 0
1747650059132 0.0 0
1747650059144 0.0 0
1747650059160 0.0 0
1747650059175 0.0 0
1747650059185 0.0 0
1747650059199 0.0 0
1747650059212 0.0 0
1747650059225 0.0 0
1747650059232 0.0 0
1747650059245 0.0 0
1747650059267 0.0 0
1747650059278 0.0 0
1747650059290 0.0 0
1747650059300 0.0 0
1747650059318 0.0 0
1747650059330 0.0 0
1747650059342 0.0 0
1747650059353 0.0 0
1747650059365 0.0 0
1747650059376 0.0 0
1747650059387 0.0 0
1747650059397 0.0 0
1747650059408 0.0 0
1747650059419 0.0 0
1747650059440 0.0 0
1747650059448 0.0 0
1747650059459 0.0 0
1747650059488 0.0 0
1747650059500 0.0 0
1747650059512 0.0 0
1747650059543 0.0 0
1747650059556 0.0 0
1747650059568 0.0 0
1747650059576 0.0 0
1747650059587 0.0 0
1747650059600 0.0 0
1747650059610 0.0 0
1747650059618 0.0 0
1747650059631 0.0 0
1747650059643 0.0 0
1747650059657 0.0 0
1747650059669 0.0 0
1747650059680 0.0 0
1747650059688 0.0 0
1747650059701 0.0 0
1747650059735 0.0 0
1747650059748 0.0 0
1747650059759 0.0 0
1747650059770 0.0 0
1747650059786 0.0 0
1747650059796 0.0 0
1747650059808 0.0 0
1747650059823 0.0 0
1747650059834 0.0 0
1747650059843 0.0 0
1747650059855 0.0 0
1747650059864 0.0 0
1747650059876 0.0 0
1747650059887 0.0 0
1747650059899 0.0 0
1747650059911 0.0 0
1747650059922 0.0 0
1747650059935 0.0 0
1747650059947 0.0 0
1747650060871 0.0 0
1747650060889 0.0 0
1747650060899 0.0 0
1747650060914 0.0 0
1747650060953 0.0 0
1747650060962 0.0 0
1747650060973 0.0 0
1747650060981 0.0 0
1747650060992 0.0 0
1747650061003 0.0 0
1747650061032 0.0 0
1747650061046 0.0 0
1747650061061 0.0 0
1747650061073 0.0 0
1747650061110 0.0 0
1747650061130 0.0 0
1747650061156 0.0 0
1747650061168 0.0 0
1747650061188 0.0 0
1747650061202 0.0 0
1747650061217 0.0 0
1747650061228 0.0 0
1747650061235 0.0 0
1747650061244 0.0 0
1747650061262 0.0 0
1747650061276 0.0 0
1747650061328 0.0 0
1747650061345 0.0 0
1747650061354 0.0 0
1747650061362 0.0 0
1747650061373 0.0 0
1747650061382 0.0 0
1747650061394 0.0 0
1747650061406 0.0 0
1747650061428 0.0 0
1747650061440 0.0 0
1747650061457 0.0 0
1747650061469 0.0 0
1747650061497 0.0 0
1747650061528 0.0 0
1747650061538 0.0 0
1747650061558 0.0 0
1747650061571 0.0 0
1747650061598 0.0 0
1747650061614 0.0 0
1747650061622 0.0 0
1747650061632 0.0 0
1747650061647 0.0 0
1747650061662 0.0 0
1747650061674 0.0 0
1747650061703 0.0 0
1747650061736 0.0 0
1747650061744 0.0 0
1747650061767 0.0 0
1747650061776 0.0 0
1747650061787 0.0 0
1747650061801 0.0 0
1747650061813 0.0 0
1747650061822 0.0 0
1747650061839 0.0 0
1747650061853 0.0 0
1747650061874 0.0 0
1747650061883 0.0 0
1747650061898 0.0 0
1747650061910 0.0 0
1747650061929 0.0 0
1747650061943 0.0 0
1747650061955 0.0 0
1747650061970 0.0 0
1747650061984 0.0 0
1747650061995 0.0 0
1747650062010 0.0 0
1747650062028 0.0 0
1747650062039 0.0 0
1747650062051 0.0 0
1747650062061 0.0 0
1747650062068 0.0 0
1747650062089 0.0 0
1747650062102 0.0 0
1747650062126 0.0 0
1747650062138 0.0 0
1747650062153 0.0 0
1747650062170 0.0 0
1747650062183 0.0 0
1747650062194 0.0 0
1747650062207 0.0 0
1747650062223 0.0 0
1747650062234 0.0 0
1747650062249 0.0 0
1747650062269 0.0 0
1747650062280 0.0 0
1747650062291 0.0 0
1747650062299 0.0 0
1747650062318 0.0 0
1747650062341 0.0 0
1747650062353 0.0 0
1747650062365 0.0 0
1747650062377 0.0 0
1747650062396 0.0 0
1747650062410 0.0 0
1747650062419 0.0 0
1747650062431 0.0 0
1747650062454 0.0 0
1747650062479 0.0 0
1747650062490 0.0 0
1747650062509 0.0 0
1747650062523 0.0 0
1747650062543 0.0 0
1747650062555 0.0 0
1747650062563 0.0 0
1747650062609 0.0 0
1747650062627 0.0 0
1747650062639 0.0 0
1747650062646 0.0 0
1747650062655 0.0 0
1747650062663 0.0 0
1747650062674 0.0 0
1747650062690 0.0 0
1747650062701 0.0 0
1747650062714 0.0 0
1747650062726 0.0 0
1747650062740 0.0 0
1747650062763 0.0 0
1747650062774 0.0 0
1747650062790 0.0 0
1747650062800 0.0 0
1747650062820 0.0 0
1747650062830 0.0 0
1747650062842 0.0 0
1747650062853 0.0 0
1747650062862 0.0 0
1747650062870 0.0 0
1747650062878 0.0 0
1747650062885 0.0 0
1747650062896 0.0 0
1747650062909 0.0 0
1747650062921 0.0 0
1747650062934 0.0 0
1747650062956 0.0 0
1747650062979 0.0 0
1747650062991 0.0 0
1747650063003 0.0 0
1747650063027 0.0 0
1747650063039 0.0 0
1747650063051 0.0 0
1747650063067 0.0 0
1747650063084 0.0 0
1747650063095 0.0 0
1747650063107 0.0 0
1747650063128 0.0 0
1747650063174 0.0 0
1747650063190 0.0 0
1747650063202 0.0 0
1747650063213 0.0 0
1747650063223 0.0 0
1747650063247 0.0 0
1747650063276 0.0 0
1747650063287 0.0 0
1747650063295 0.0 0
1747650063307 0.0 0
1747650063319 0.0 0
1747650063334 0.0 0
1747650063346 0.0 0
1747650063364 0.0 0
1747650063378 0.0 0
1747650063389 0.0 0
1747650063398 0.0 0
1747650063407 0.0 0
1747650063430 0.0 0
1747650063441 0.0 0
1747650063452 0.0 0
1747650063466 0.0 0
1747650063477 0.0 0
1747650063491 0.0 0
1747650063502 0.0 0
1747650063512 0.0 0
1747650063524 0.0 0
1747650063536 0.0 0
1747650063568 0.0 0
1747650063582 0.0 0
1747650063596 0.0 0
1747650063607 0.0 0
1747650063627 0.0 0
1747650063635 0.0 0
1747650063646 0.0 0
1747650063654 0.0 0
1747650063672 0.0 0
1747650063683 0.0 0
1747650063691 0.0 0
1747650063713 0.0 0
1747650063724 0.0 0
1747650063736 0.0 0
1747650063754 0.0 0
1747650063787 0.0 0
1747650063798 0.0 0
1747650063808 0.0 0
1747650063819 0.0 0
1747650063830 0.0 0
1747650063847 0.0 0
1747650063868 0.0 0
1747650063882 0.0 0
1747650063894 0.0 0
1747650063904 0.0 0
1747650063925 0.0 0
1747650063946 0.0 0
1747650063968 0.0 0
1747650063980 0.0 0
1747650063992 0.0 0
1747650064004 0.0 0
1747650064012 0.0 0
1747650064020 0.0 0
1747650064051 0.0 0
1747650064073 0.0 0
1747650064091 0.0 0
1747650064102 0.0 0
1747650064112 0.0 0
1747650064125 0.0 0
1747650064141 0.0 0
1747650064154 0.0 0
1747650064179 0.0 0
1747650064197 0.0 0
1747650064217 0.0 0
1747650064228 0.0 0
1747650064239 0.0 0
1747650064251 0.0 0
1747650064264 0.0 0
1747650064271 0.0 0
1747650064284 0.0 0
1747650064292 0.0 0
1747650064302 0.0 0
1747650064314 0.0 0
1747650064324 0.0 0
1747650064336 0.0 0
1747650064345 0.0 0
1747650064357 0.0 0
1747650064370 0.0 0
1747650064382 0.0 0
1747650064391 0.0 0
1747650064401 0.0 0
1747650064411 0.0 0
1747650064421 0.0 0
1747650064436 0.0 0
1747650064448 0.0 0
1747650064465 0.0 0
1747650064481 0.0 0
1747650064495 0.0 0
1747650064506 0.0 0
1747650064519 0.0 0
1747650064531 0.0 0
1747650064546 0.0 0
1747650064561 0.0 0
1747650064580 0.0 0
1747650064590 0.0 0
1747650064602 0.0 0
1747650064613 0.0 0
1747650064625 0.0 0
1747650064636 0.0 0
1747650064648 0.0 0
1747650064659 0.0 0
1747650064671 0.0 0
1747650064682 0.0 0
1747650064705 0.0 0
1747650064719 0.0 0
1747650064743 0.0 0
1747650064753 0.0 0
1747650064768 0.0 0
1747650064781 0.0 0
1747650064804 0.0 0
1747650064817 0.0 0
1747650064826 0.0 0
1747650064842 0.0 0
1747650064861 0.0 0
1747650064885 0.0 0
1747650064897 0.0 0
1747650064916 0.0 0
1747650064928 0.0 0
1747650064947 0.0 0
1747650064976 0.0 0
1747650064989 0.0 0
1747650065004 0.0 0
1747650065016 0.0 0
1747650065031 0.0 0
1747650065043 0.0 0
1747650065061 0.0 0
1747650065078 0.0 0
1747650065090 0.0 0
1747650065098 0.0 0
1747650065107 0.0 0
1747650065119 0.0 0
1747650065131 0.0 0
1747650065143 0.0 0
1747650065160 0.0 0
1747650065173 0.0 0
1747650065199 0.0 0
1747650065223 0.0 0
1747650065232 0.0 0
1747650065245 0.0 0
1747650065256 0.0 0
1747650065274 0.0 0
1747650065283 0.0 0
1747650065295 0.0 0
1747650065307 0.0 0
1747650065319 0.0 0
1747650065346 0.0 0
1747650065358 0.0 0
1747650065370 0.0 0
1747650065382 0.0 0
1747650065412 0.0 0
1747650065422 0.0 0
1747650065447 0.0 0
1747650065458 0.0 0
1747650065469 0.0 0
1747650065481 0.0 0
1747650065500 0.0 0
1747650065507 0.0 0
1747650065514 0.0 0
1747650065525 0.0 0
1747650065536 0.0 0
1747650065553 0.0 0
1747650065571 0.0 0
1747650065583 0.0 0
1747650065597 0.0 0
1747650065638 0.0 0
1747650065667 0.0 0
1747650065703 0.0 0
1747650065715 0.0 0
1747650065726 0.0 0
1747650065738 0.0 0
1747650065747 0.0 0
1747650065763 0.0 0
1747650065775 0.0 0
1747650065788 0.0 0
1747650065810 0.0 0
1747650065830 0.0 0
1747650065843 0.0 0
1747650065868 0.0 0
1747650065893 0.0 0
1747650065905 0.0 0
1747650065917 0.0 0
1747650065936 0.0 0
1747650065952 0.0 0
1747650065962 0.0 0
1747650065989 0.0 0
1747650066017 0.0 0
1747650066047 0.0 0
1747650066071 0.0 0
1747650066080 0.0 0
1747650066087 0.0 0
1747650066105 0.0 0
1747650066116 0.0 0
1747650066127 0.0 0
1747650066142 0.0 0
1747650066153 0.0 0
1747650066165 0.0 0
1747650066175 0.0 0
1747650066189 0.0 0
1747650066201 0.0 0
1747650066221 0.0 0
1747650066234 0.0 0
1747650066241 0.0 0
1747650066253 0.0 0
1747650066271 0.0 0
1747650066286 0.0 0
1747650066297 0.0 0
1747650066309 0.0 0
1747650066325 0.0 0
1747650066336 0.0 0
1747650066351 0.0 0
1747650066362 0.0 0
1747650066383 0.0 0
1747650066405 0.0 0
1747650066417 0.0 0
1747650066428 0.0 0
1747650066441 0.0 0
1747650066450 0.0 0
1747650066469 0.0 0
1747650066481 0.0 0
1747650066500 0.0 0
1747650066512 0.0 0
1747650066523 0.0 0
1747650066547 0.0 0
1747650066563 0.0 0
1747650066577 0.0 0
1747650066599 0.0 0
1747650066611 0.0 0
1747650066638 0.0 0
1747650066652 0.0 0
1747650066670 0.0 0
1747650066683 0.0 0
1747650066695 0.0 0
1747650066707 0.0 0
1747650066736 0.0 0
1747650066749 0.0 0
1747650066768 0.0 0
1747650066783 0.0 0
1747650066795 0.0 0
1747650066806 0.0 0
1747650066816 0.0 0
1747650066840 0.0 0
1747650066852 0.0 0
1747650066864 0.0 0
1747650066879 0.0 0
1747650066889 0.0 0
1747650066907 0.0 0
1747650066923 0.0 0
1747650066937 0.0 0
1747650066992 0.0 0
1747650067000 0.0 0
1747650067017 0.0 0
1747650067029 0.0 0
1747650067042 0.0 0
1747650067061 0.0 0
1747650067072 0.0 0
1747650067085 0.0 0
