1747650029572 -9.252172116391098e-05 0
1747650029586 0.0003197544285988861 0
1747650029598 0.0 0
1747650029656 -0.0045011118284197914 0
1747650029690 -3.7013732094652336e-05 0
1747650029705 0.0012266788383636462 0
1747650029718 0.015001948304974665 0
1747650029733 -0.0007161814888149076 0
1747650029745 -0.001699288488102303 0
1747650029755 -0.0002749266862168564 0
1747650029777 -0.0004407505351970579 0
1747650029789 0.0 0
1747650029801 0.0020768485765041054 0
1747650029816 0.00018511662347275103 0
1747650029828 -0.00017388280299084226 0
1747650029840 -0.0003298969072164585 0
1747650029873 -0.0021479764360604644 0
1747650029893 -0.00047165026878991995 0
1747650029924 0.0024446962017768987 0
1747650029934 -0.002263490920314856 0
1747650029945 0.004766466506226795 0
1747650029956 -0.0012627362187581604 0
1747650029971 -0.00011025358324151174 0
1747650029985 -0.001956436676666306 0
1747650030001 -0.0005536076766931378 0
1747650030012 0.00045527358570102426 0
1747650030023 0.0005927243091057936 0
1747650030033 0.0035981897766895823 0
1747650030057 -0.00033950093362753006 0
1747650030072 0.002174228850903026 0
1747650030087 0.0003927386978530433 0
1747650030103 0.0001490471627807494 0
1747650030116 0.0019825072886296745 0
1747650030130 0.00033894475200543594 0
1747650030141 -0.002794005588011207 0
1747650030154 -8.372054083464739e-05 0
1747650030168 0.0004964257347099887 0
1747650030194 -0.005550114267058429 0
1747650030209 -0.0006463010039209173 0
1747650030223 -0.0002581444576384432 0
1747650030238 0.0008216407533814737 0
1747650030254 0.0003020805799946803 0
1747650030286 -0.0002973914521200378 0
1747650030300 -0.0003080985915493596 0
1747650030311 -0.00034923517496675315 0
1747650030324 0.0003920272057435279 0
1747650030338 -0.0003763643206623263 0
1747650030362 0.0005398526973354161 0
1747650030375 -0.001329871445760181 0
1747650030389 0.0004197800352615886 0
1747650030405 0.0001772107035265522 0
1747650030431 -0.00025460409063906593 0
1747650030447 -0.0007271793994353435 0
1747650030469 -0.00032843418999914273 0
1747650030483 -0.00035903419800732066 0
1747650030496 0.0003756657017214994 0
1747650030523 -0.0005220114842526734 0
1747650030540 -0.0005508377323846892 0
1747650030567 0.005376435198915354 0
1747650030578 0.015407567456336747 0
1747650030590 -0.0005225798022906612 0
1747650030600 0.0008793527963419257 0
1747650030609 0.0003678015973098702 0
1747650030618 -0.001125732696712081 0
1747650030626 -0.0028018924257039155 0
1747650030638 -0.00022125851845307363 0
1747650030651 -0.0007571544680668105 0
1747650030664 0.0006065098726329497 0
1747650030693 -9.5698358773094e-05 0
1747650030704 -0.00025647601949212645 0
1747650030713 0.0017508876027431237 0
1747650030723 -0.003051633472733997 0
1747650030744 -0.0004292924004773864 0
1747650030764 0.0003358208955224008 0
1747650030775 -0.0004273504273504942 0
1747650030786 -0.0003861003861004465 0
1747650030798 -0.0003786444528587239 0
1747650030817 -0.0013751857072111968 0
1747650030840 0.0004391743522177431 0
1747650030849 0.0014015416958654222 0
1747650030871 -0.0014809828340625916 0
1747650030898 -0.0009218520846427181 0
1747650030909 -0.0006803878210579282 0
1747650030920 0.0009584855927633281 0
1747650030931 -0.00014562399883511206 0
1747650030939 -0.00044782803403490965 0
1747650030972 0.0007934285447586792 0
1747650030983 0.0005657708628004532 0
1747650031002 -0.006558237145855329 0
1747650031016 -0.0011981656253032883 0
1747650031030 0.0023336623664135547 0
1747650031044 0.0002458210422811704 0
1747650031057 0.00231508484157823 0
1747650031073 6.258213905758948e-05 0
1747650031086 0.0006421232876712572 0
1747650031102 0.0027701911822084085 0
1747650031118 0.0008325624421831952 0
1747650031131 0.0011742424242425138 0
1747650031145 -0.0003407155025553792 0
1747650031166 0.00023187509661463238 0
1747650031187 -0.0007886435331230583 0
1747650031204 0.0006225357958082826 0
1747650031219 0.0 0
1747650031231 0.0003763643206623263 0
1747650031244 -0.0007653686015184168 0
1747650031257 -0.0029429412268920374 0
1747650031276 -0.005405888397444589 0
1747650031285 -0.0004446914952751697 0
1747650031302 -0.0013032009874254426 0
1747650031314 0.0002798407060597402 0
1747650031330 0.0006432345508844174 0
1747650031353 0.001344552394170817 0
1747650031366 0.0008880317538625562 0
1747650031378 0.00035245396070134456 0
1747650031389 -0.0011015683345779635 0
1747650031401 0.005403027277131181 0
1747650031412 0.00020216995754431658 0
1747650031429 0.0011424702746160463 0
1747650031447 0.004236526946107662 0
1747650031458 -0.004867971124620189 0
1747650031476 0.00529570046373147 0
1747650031488 0.0006757042104817872 0
1747650031500 0.0012978986402967117 0
1747650031512 -0.0012479559342456286 0
1747650031524 -0.0017951981740770332 0
1747650031533 0.003563368571089127 0
1747650031544 0.004186198079863675 0
1747650031556 0.00040322580645158477 0
1747650031567 0.0004041220448575623 0
1747650031580 3.6713415081915785e-05 0
1747650031607 0.0 0
1747650031620 -0.0013720557969356317 0
1747650031634 -0.0011126936086878485 0
1747650031647 -0.00423755613180698 0
1747650031670 0.0011113683723082825 0
1747650031685 -0.001076914356968676 0
1747650031700 0.0002987080875214367 0
1747650031724 0.0 0
1747650031736 0.00168546609620116 0
1747650031748 0.00027552004408329904 0
1747650031763 0.00040081833743889366 0
1747650031776 0.0026684144000748374 0
1747650031790 -0.0002538500592316901 0
1747650031804 -0.0002544529262086008 0
1747650031817 -8.438818565396167e-05 0
1747650031830 -0.0014461813924661383 0
1747650031847 -0.0013253428604356164 0
1747650031856 -0.00034118048447618547 0
1747650031886 0.0 0
1747650031902 0.002875292544299516 0
1747650031915 0.0001563314226159517 0
1747650031928 -0.001063490375412042 0
1747650031939 -0.0032036222288667417 0
1747650031971 0.005725729113781321 0
1747650031986 0.0002300848757541758 0
1747650031997 -0.00040565600370893887 0
1747650032005 -0.0070524412296563655 0
1747650032014 -0.0023136246786631745 0
1747650032027 0.004961759857308824 0
1747650032038 3.7013732094652336e-05 0
1747650032046 -0.0006309148264983933 0
1747650032065 -0.0005588273223574637 0
1747650032077 0.000591590957109628 0
1747650032088 -0.00017611059745510426 0
1747650032103 0.0006111224281931378 0
1747650032117 -0.00034118048447618547 0
1747650032126 -0.0019029495718363672 0
1747650032136 0.0002476269087907646 0
1747650032147 -0.0031914576311629227 0
1747650032157 -0.0008635387374619572 0
1747650032172 0.0007225806451612566 0
1747650032184 -0.000647668393782408 0
1747650032196 -0.00044583147570209587 0
1747650032214 0.00039443286189223245 0
1747650032226 0.0003467297084318119 0
1747650032237 0.0029324169530355122 0
1747650032262 0.024847660178666613 0
1747650032275 0.0044004400440043065 0
1747650032305 -0.0005313496280553434 0
1747650032325 0.0007375926381230303 0
1747650032356 0.0 0
1747650032382 0.0005733439181442038 0
1747650032402 -0.0017580383992597851 0
1747650032414 -0.00013430630791960038 0
1747650032428 0.0009380863039399424 0
1747650032440 -0.005456813221078913 0
1747650032452 -0.0015395381385583252 0
1747650032464 0.0003120124804991579 0
1747650032483 -0.00022527596305469723 0
1747650032510 0.0020422141109059963 0
1747650032525 -0.001953743795543301 0
1747650032540 -0.00018871485185884844 0
1747650032556 -0.002105502759915725 0
1747650032567 0.00020850708924110382 0
1747650032589 0.00027663792705981036 0
1747650032603 0.0010011808800123602 0
1747650032611 0.0006865774116031437 0
1747650032625 0.0006710508656554831 0
1747650032644 -0.0028808676495509825 0
1747650032656 -0.0004438329412808136 0
1747650032668 0.0005067139599694663 0
1747650032680 0.002720047600833017 0
1747650032692 0.002383951061532963 0
1747650032701 -0.0006856636670656388 0
1747650032714 -0.0020648116799793564 0
1747650032727 -0.0007682851874615109 0
1747650032741 7.775142868259706e-05 0
1747650032754 0.0010553691907580658 0
1747650032767 -0.002006521193880112 0
1747650032777 -0.00021129364534349916 0
1747650032790 0.0003010914565298878 0
1747650032801 0.0010012515644555703 0
1747650032818 -0.00026116479498558396 0
1747650032827 0.000272641142911641 0
1747650032841 0.0 0
1747650032850 -0.00032938076416344107 0
1747650032861 0.002414518264662264 0
1747650032871 -0.0015096129593307602 0
1747650032883 -0.003057637418870887 0
1747650032900 -0.0008038205116080883 0
1747650032908 0.0004407505351970579 0
1747650032920 0.0011190233977618751 0
1747650032930 0.00046970408642556965 0
1747650032942 0.00045867734133930583 0
1747650032955 -0.0016243954664599432 0
1747650032975 0.0010398613518197968 0
1747650032992 -0.00025366835049971326 0
1747650033004 -0.001326078009968404 0
1747650033015 -0.0011600316372263888 0
1747650033027 -0.00023866348448682603 0
1747650033038 0.0017553605154982917 0
1747650033055 0.00022207417277371482 0
1747650033066 -0.00019944724620331926 0
1747650033074 0.002083862770012725 0
1747650033086 -0.0010504201680671672 0
1747650033096 6.984215672576099e-05 0
1747650033110 0.0 0
1747650033122 0.00038693035253655806 0
1747650033135 0.00038743004735257604 0
1747650033147 -0.0001673802350370108 0
1747650033159 0.002699172834131372 0
1747650033170 -0.002565352237483388 0
1747650033178 6.69493416648095e-05 0
1747650033187 0.0006540222367560125 0
1747650033199 -0.0011189593677879582 0
1747650033219 -0.003105100028176922 0
1747650033234 -0.001561822125813508 0
1747650033245 8.505571149097949e-05 0
1747650033256 0.00024632275318449604 0
1747650033267 -0.004256410256410175 0
1747650033279 0.0002114164904863661 0
1747650033289 0.0009726766292334432 0
1747650033300 0.00022111663902716063 0
1747650033314 -0.0005149772551712495 0
1747650033321 0.003124543195439122 0
1747650033341 0.0008941597251634596 0
1747650033353 0.0 0
1747650033367 -0.0018458698661745591 0
1747650033378 -3.7300906412071395e-05 0
1747650033388 0.001166290443942903 0
1747650033402 -0.0007541621211403512 0
1747650033413 -0.004830917874396204 0
1747650033420 -0.005329593267882224 0
1747650033432 0.00022849308808411666 0
1747650033441 0.0013615365912958274 0
1747650033473 -0.0017381228273465317 0
1747650033480 0.00015609553046465026 0
1747650033508 0.0005351528530337076 0
1747650033519 0.00511258217468002 0
1747650033530 0.0 0
1747650033541 0.004409139908459467 0
1747650033558 0.0011342631490506227 0
1747650033570 0.000725163161711362 0
1747650033583 -0.00014230148942226135 0
1747650033602 0.002471345178746424 0
1747650033611 0.0009307441722723704 0
1747650033626 0.0034265869900527916 0
1747650033643 -0.002105502759915725 0
1747650033657 -0.0006850879196163767 0
1747650033672 0.00013297872340426036 0
1747650033685 0.00037145569359033976 0
1747650033714 -0.0088847755668672 0
1747650033727 -0.0002592688618096451 0
1747650033741 -0.0011804277463984933 0
1747650033755 -0.00038743004735257604 0
1747650033790 -0.0010518934081346822 0
1747650033805 -0.0002520373015206346 0
1747650033827 0.001079081239401739 0
1747650033839 0.0005805904157921342 0
1747650033862 -7.745933384968597e-05 0
1747650033873 -0.0011098779134295236 0
1747650033886 0.00021258503401356315 0
1747650033909 0.0009524286931676727 0
1747650033920 0.009252336448597983 0
1747650033929 0.00267547105368023 0
1747650033943 0.013935281837160723 0
1747650033961 -0.0004763921236502404 0
1747650033977 0.0011682242990655202 0
1747650033996 -7.375175160419073e-05 0
1747650034009 -0.001980198019802011 0
1747650034021 0.0003382520823643448 0
1747650034031 -0.00020811654526523327 0
1747650034044 0.0013693789203994328 0
1747650034052 -0.0015727492423951962 0
1747650034068 -0.0009518732866281652 0
1747650034082 -0.0005603645318744231 0
1747650034094 0.0004143837193241098 0
1747650034105 0.0013682230203523186 0
1747650034118 0.0005190760446404366 0
1747650034128 0.0002637246714430235 0
1747650034137 -0.0010614809782609601 0
1747650034152 0.0004995580832339901 0
1747650034167 -0.00035707643667468633 0
1747650034186 -8.504979278785405e-05 0
1747650034195 -0.001347103726987029 0
1747650034204 0.0008817427385891835 0
1747650034228 0.0012500000000000473 0
1747650034237 0.000961538461538441 0
1747650034256 0.001297208599273412 0
1747650034263 0.00017075773745988402 0
1747650034287 0.0014636449480641552 0
1747650034298 -0.0003533485665826616 0
1747650034305 0.0007376185458376895 0
1747650034314 0.002217786648924405 0
1747650034329 -0.0008468834688346703 0
1747650034337 -0.00043994720633530853 0
1747650034349 -0.004723157500935236 0
1747650034362 0.000629194630872507 0
1747650034378 -0.0033568048880443955 0
1747650034407 0.0021472780093469064 0
1747650034419 0.0006474396703945136 0
1747650034431 -3.7300906412071395e-05 0
1747650034439 -7.40466493890741e-05 0
1747650034455 -0.0009088155104514128 0
1747650034466 -0.000539623805118692 0
1747650034476 0.003916403598631382 0
1747650034515 -0.0006681514476614953 0
1747650034528 0.0005521048999309261 0
1747650034539 0.0014152157131830023 0
1747650034551 0.00042844901456733347 0
1747650034569 -0.006035783574046155 0
1747650034595 -0.00021734405564018943 0
1747650034613 -0.00046848159908369105 0
1747650034625 -0.004443985117817203 0
1747650034633 -0.0014267596702600414 0
1747650034645 0.0018900594290498219 0
1747650034654 -6.513718356108414e-05 0
1747650034662 -1.183431952680986e-05 0
1747650034670 -0.0016766636754356483 0
1747650034682 -0.000282299802390149 0
1747650034691 -0.0004150115610364291 0
1747650034701 -0.00030454147474219317 0
1747650034716 0.0003513394817742257 0
1747650034725 0.00046936114732726677 0
1747650034734 -0.0023390137954080402 0
1747650034745 0.0014993164880715668 0
1747650034761 0.0025842178126440876 0
1747650034773 -0.0005078720162520332 0
1747650034785 -0.0021148949026716514 0
1747650034795 -0.0002649708532061181 0
1747650034808 0.0013656641680070926 0
1747650034817 0.0004569757345885648 0
1747650034834 -0.0001309700515148919 0
1747650034843 0.001346801346801318 0
1747650034861 0.00382912272445295 0
1747650034873 -0.0002844815324071987 0
1747650034884 -0.0006619385342790969 0
1747650034906 -0.0009954210631096152 0
1747650034921 0.0 0
1747650034932 0.0003927386978530433 0
1747650034954 0.004911887629798818 0
1747650034965 -0.004221926483410525 0
1747650034977 4.380201489258298e-05 0
1747650034989 -0.0002599138571215616 0
1747650035006 -4.284306584984457e-05 0
1747650035018 0.0026222427888322472 0
1747650035025 0.0005675011034743894 0
1747650035037 0.0011352885525071385 0
1747650035048 0.00031308703819655636 0
1747650035060 0.0017786209758698988 0
1747650035067 -0.0016653482659560828 0
1747650035076 0.0009289363678587818 0
1747650035087 -4.582111436939467e-05 0
1747650035104 0.0005201415128810347 0
1747650035116 -0.00043843915660260615 0
1747650035127 -0.0012325571158162915 0
1747650035137 -0.0008604741212409383 0
1747650035160 0.00025733401955739527 0
1747650035174 0.004384268214055461 0
1747650035197 0.0007372689451787533 0
1747650035209 0.00038098463361979174 0
1747650035220 -0.0011871549830830162 0
1747650035244 0.0002888642819315501 0
1747650035256 -0.000476364968852991 0
1747650035267 0.0014809828340625916 0
1747650035287 0.0003567818279122452 0
1747650035302 -0.0005236189550062797 0
1747650035318 0.0 0
1747650035329 0.0013656641680070926 0
1747650035341 -0.0019776374838366014 0
1747650035355 0.00014262622420842987 0
1747650035377 0.0011494252873562292 0
1747650035386 -0.0012898104970731124 0
1747650035398 0.00017783310363230054 0
1747650035410 -0.0009518269790067753 0
1747650035424 -0.0007577033170567723 0
1747650035449 -0.0039909602346493225 0
1747650035460 0.0006514657980454731 0
1747650035472 -0.0020727341247407634 0
1747650035483 0.004294449890304755 0
1747650035491 0.0008862105636298995 0
1747650035499 0.0049846423870117664 0
1747650035511 -7.775142868259706e-05 0
1747650035520 -0.0009478200139679689 0
1747650035533 -0.00021159542953867988 0
1747650035542 -0.0003048514937723826 0
1747650035550 0.0 0
1747650035558 0.001989973004242211 0
1747650035568 0.0008305647840530983 0
1747650035576 0.0025627991697376863 0
1747650035589 0.000974805038992194 0
1747650035603 0.0005553440949451566 0
1747650035614 -0.0007630766295858276 0
1747650035624 0.0 0
1747650035635 -0.0027677307752790505 0
1747650035662 0.0004757656853998881 0
1747650035672 0.0006225357958082826 0
1747650035688 0.00013428827215756998 0
1747650035700 0.00018960940462653278 0
1747650035711 -0.0005195769159398533 0
1747650035722 0.0005221737346611222 0
1747650035730 0.0004965915760010488 0
1747650035741 0.0008534409186128489 0
1747650035752 0.0007437084662811892 0
1747650035764 0.0016197358584599927 0
1747650035775 -0.00012890252391130095 0
1747650035792 -0.0009518269790067753 0
1747650035804 0.00025585917511015033 0
1747650035817 -0.0006216006216006912 0
1747650035829 0.00027718979941533233 0
1747650035840 -0.0019454256898582016 0
1747650035847 -0.001530343007915563 0
1747650035864 -0.0005588273223574637 0
1747650035876 0.000887311446317541 0
1747650035888 -0.00044111426672311017 0
1747650035896 -0.00037360830904871895 0
1747650035904 -0.0003368893879842913 0
1747650035912 -0.00045276904012959567 0
1747650035923 0.0 0
1747650035930 0.00013490208660708427 0
1747650035942 0.00043001505052683565 0
1747650035954 0.0007890849986174931 0
1747650035965 -4.6431722152631385e-05 0
1747650035977 0.0007676767676767011 0
1747650035988 8.591803419548261e-05 0
1747650036004 -0.0005819797894290902 0
1747650036023 0.0014782486273404913 0
1747650036040 0.00023094688221704415 0
1747650036051 0.00026247867360762385 0
1747650036068 9.361104610338833e-05 0
1747650036077 -0.00034055595760074575 0
1747650036088 0.0 0
1747650036100 -0.0012376826772028276 0
1747650036109 -0.0025872948207676964 0
1747650036121 4.126789995150783e-05 0
1747650036132 0.00018559270355537018 0
1747650036143 0.001292824822236674 0
1747650036153 0.0009584900095848928 0
1747650036171 0.0005463103042528861 0
1747650036179 -0.0029715436917653513 0
1747650036194 0.0014096539940197032 0
1747650036203 0.0010412328196585151 0
1747650036215 0.0004418912947414057 0
1747650036228 0.008117392223932082 0
1747650036240 -6.677796327220182e-05 0
1747650036256 -0.0015843565636140112 0
1747650036274 0.00032286450452952137 0
1747650036290 0.0031398104265403333 0
1747650036304 -0.0029470864032149565 0
1747650036318 -0.00013327267128970235 0
1747650036334 -0.0014809828340625916 0
1747650036346 0.0 0
1747650036358 5.936479667543304e-05 0
1747650036368 0.0 0
1747650036375 -0.004911887629798818 0
1747650036384 0.00012873878899712972 0
1747650036392 6.757213325220933e-05 0
1747650036402 -0.0018461538461537947 0
1747650036417 -0.0020229265003372313 0
1747650036435 -0.0030900089709936674 0
1747650036444 -0.00015382248884794825 0
1747650036460 0.000986022183383156 0
1747650036471 0.0026222427888322472 0
1747650036483 -0.0003031221582297332 0
1747650036494 -0.0002648305084745863 0
1747650036505 -9.491718475624752e-05 0
1747650036518 0.00063478628861619 0
1747650036529 -5.670809508060847e-05 0
1747650036540 -0.0003699880052275582 0
1747650036549 0.0009726766292334432 0
1747650036560 0.0 0
1747650036567 4.2459239130486674e-05 0
1747650036588 -0.0025351463470845684 0
1747650036602 0.0011052726277948858 0
1747650036612 -0.0002610966057440734 0
1747650036625 0.002828177348474861 0
1747650036636 -0.0017781213761113015 0
1747650036646 0.004316646940054264 0
1747650036653 -0.0003043610591763945 0
1747650036665 3.669724770646687e-05 0
1747650036676 0.0052786486659414916 0
1747650036687 -0.0011806375442738408 0
1747650036697 -0.0005636343140570612 0
1747650036709 -0.0001882490744420578 0
1747650036727 6.375247040823073e-05 0
1747650036741 0.0 0
1747650036758 -0.00022547914317921106 0
1747650036769 0.0016938110749185075 0
1747650036786 -0.0004343240057083483 0
1747650036793 4.2527855745414195e-05 0
1747650036811 0.0015873132249219948 0
1747650036843 0.001562829989440297 0
1747650036855 0.0007161814888149076 0
1747650036871 -0.00038929440389290116 0
1747650036885 0.0016842814434291612 0
1747650036894 -0.0015713204911832056 0
1747650036903 -0.0003402517863218407 0
1747650036917 -0.0003700962250185627 0
1747650036928 -6.100909035453738e-05 0
1747650036935 -0.0006207091131383999 0
1747650036943 -0.001372801372801374 0
1747650036951 -0.0015713204911832056 0
1747650036959 -0.0007051523128996131 0
1747650036972 -0.0019885108263366395 0
1747650036985 0.00063025210084036 0
1747650036997 -0.001360443622920499 0
1747650037017 0.0006355932203388566 0
1747650037030 -0.0007675668132022197 0
1747650037073 -0.002016498625114681 0
1747650037107 0.0015173336076534693 0
1747650037131 -9.490367277225226e-05 0
1747650037152 -0.00042435815828550857 0
1747650037162 -0.005809827922653905 0
1747650037178 -0.001708150317227923 0
1747650037191 -0.001147501792971595 0
1747650037211 0.0021700532649437413 0
1747650037222 0.0017629281396911345 0
1747650037234 0.00017583190469916638 0
1747650037247 0.0007279786459597461 0
1747650037269 -0.000701327847391087 0
1747650037281 -0.0005516187889846682 0
1747650037296 0.00036968576709789315 0
1747650037306 0.0003416905138170725 0
1747650037324 -0.00015086748805632957 0
1747650037337 0.0015286195286195548 0
1747650037345 -0.0012058653289601646 0
1747650037356 -6.741724533131839e-05 0
1747650037367 0.0007145274717008895 0
1747650037377 -0.0002711543427735012 0
1747650037388 -0.000859475719810897 0
1747650037396 -0.0008456659619450138 0
1747650037410 0.00044460212600661047 0
1747650037425 -0.0019780530306597295 0
1747650037454 -0.00028022978842660336 0
1747650037467 -0.004275610801543011 0
1747650037480 -0.00015040421131783354 0
1747650037488 -0.0018376019294820956 0
1747650037505 -0.00021882943087523743 0
1747650037517 0.0007437084662811892 0
1747650037528 -0.0032371794871794255 0
1747650037540 0.004656814620249118 0
1747650037556 0.0004811056682994766 0
1747650037566 -0.0023977145189266707 0
1747650037576 0.00018970832345275484 0
1747650037592 0.0001881556046851374 0
1747650037601 0.00011119347664937412 0
1747650037618 0.00021305872431086472 0
1747650037629 0.0 0
1747650037642 0.006453019699767607 0
1747650037654 -0.0015206812652068704 0
1747650037670 -0.0027809159641957095 0
1747650037682 -0.0017104981825956445 0
1747650037698 -0.0025938566552901198 0
1747650037713 0.0013828173788919087 0
1747650037727 0.0002350728725904563 0
1747650037739 0.0008867868755542754 0
1747650037747 0.002624671916010522 0
1747650037755 0.0005069306930692511 0
1747650037767 0.0003850926361730496 0
1747650037783 0.0007630766295858276 0
1747650037795 0.0012001714530646675 0
1747650037809 -0.000729050518912405 0
1747650037819 -0.0007161814888149076 0
1747650037829 -0.002095985155195741 0
1747650037842 -0.0021165837194669973 0
1747650037854 0.0007720020586721857 0
1747650037866 -0.0002134927412467551 0
1747650037878 -0.0032355188064530256 0
1747650037885 -0.0006603808196058675 0
1747650037892 0.0006514657980454731 0
1747650037903 0.00031308703819655636 0
1747650037923 0.0021883820608425723 0
1747650037934 0.006369708497367999 0
1747650037975 0.0015092268642382001 0
1747650037997 0.0007160929966105203 0
1747650038010 0.000775795190069805 0
1747650038027 -0.001970551206962659 0
1747650038038 0.0007998864677271306 0
1747650038052 -0.001924076963078473 0
1747650038065 0.0005163116227483273 0
1747650038076 -0.0005799852367395753 0
1747650038087 -0.006367719016019923 0
1747650038096 0.0003961068356723319 0
1747650038113 7.475797106862376e-05 0
1747650038125 -0.0009609224855861992 0
1747650038146 -0.00015382248884794825 0
1747650038157 0.0006821540910296995 0
1747650038169 0.0020497342102892397 0
1747650038180 -5.646527385664721e-05 0
1747650038198 -0.0006619593998235026 0
1747650038214 0.0006400120472855757 0
1747650038225 0.0 0
1747650038248 -0.004183686099764746 0
1747650038267 0.0006940123486334549 0
1747650038289 0.0006259780907668099 0
1747650038299 0.00018960940462653278 0
1747650038322 -0.0012191267440284225 0
1747650038338 -0.0033400720752393845 0
1747650038349 -0.0014352818371606514 0
1747650038361 -0.004805924347903184 0
1747650038377 -0.0001741401828470955 0
1747650038394 0.00048246427908695954 0
1747650038404 -0.00015871336366522662 0
1747650038412 7.469244288238767e-05 0
1747650038434 -0.0007856635115418009 0
1747650038445 -0.0019221528111486163 0
1747650038454 -0.0017829284599955048 0
1747650038474 3.822629969423632e-05 0
1747650038486 0.0020267356619231153 0
1747650038497 -0.003011842015196145 0
1747650038513 -0.0011170471102476779 0
1747650038530 0.0 0
1747650038541 -0.0005027652086476265 0
1747650038552 0.0004521817770743341 0
1747650038563 -0.0005758710048949936 0
1747650038574 0.0007992296581608277 0
1747650038585 0.00046786610522730777 0
1747650038597 -0.00021108922037707073 0
1747650038607 0.0014716232644443699 0
1747650038619 -0.0033541570584041886 0
1747650038630 -0.0005561735261401769 0
1747650038647 -0.003989270238668397 0
1747650038659 0.00018717828731873353 0
1747650038703 -0.00018333486112374108 0
1747650038715 0.0026136026136026422 0
1747650038728 0.000768639508070744 0
1747650038741 -0.0012223444566680803 0
1747650038758 0.0075675675675676716 0
1747650038770 -0.00189040812098613 0
1747650038781 -0.0009994121105233987 0
1747650038792 0.0008858049752711801 0
1747650038804 -0.0006678539626000715 0
1747650038815 0.00026385224274401084 0
1747650038827 0.0006179196704427195 0
1747650038838 0.0010156580617859039 0
1747650038855 -0.00041197473221643967 0
1747650038872 -0.0004008016032064958 0
1747650038884 0.0012771392081735882 0
1747650038900 0.00020712510356255963 0
1747650038911 -0.003961634695579676 0
1747650038928 -0.0003861003861004465 0
1747650038941 0.001334163479498247 0
1747650038951 0.0005192916861401861 0
1747650038959 -0.00011053795136330559 0
1747650038970 0.0060302916978310275 0
1747650038981 -0.00035023202871914335 0
1747650038992 0.0025748106818823386 0
1747650039018 -0.0016842814434291612 0
1747650039037 0.000967906265919608 0
1747650039049 0.00021052631578944098 0
1747650039060 0.002094717668488132 0
1747650039076 0.0015330810137498215 0
1747650039093 -0.00012519561815329524 0
1747650039107 0.0006702912042898891 0
1747650039117 0.0005609573672399782 0
1747650039133 0.006836308393467517 0
1747650039144 -0.002317448278767948 0
1747650039155 -0.000252100840336144 0
1747650039164 -0.0011417938850593087 0
1747650039176 0.0040746707097508795 0
1747650039200 -0.0022659561075908897 0
1747650039228 -0.0003854413303231043 0
1747650039242 -0.0005885815185404099 0
1747650039253 0.0019326619875902889 0
1747650039264 0.00047767775124018657 0
1747650039277 0.001226183738917176 0
1747650039290 0.0003485940041831413 0
1747650039302 -0.006219878897722115 0
1747650039313 0.005459537312089365 0
1747650039335 -0.0012858979854263861 0
1747650039346 -0.0032140184035574513 0
1747650039358 -0.003044875250684771 0
1747650039374 0.002083696638809589 0
1747650039385 0.0008933756197793171 0
1747650039396 -0.002112128061659266 0
1747650039412 -0.0006197706848465385 0
1747650039433 0.0004718372161605823 0
1747650039442 0.0007190705067554159 0
1747650039459 -0.0037745505725801966 0
1747650039470 -0.0016602102933038815 0
1747650039482 -0.00013761467889908779 0
1747650039494 0.002420686905507799 0
1747650039506 0.0010359703331082378 0
1747650039516 -7.587253414259831e-05 0
1747650039534 -0.00045180499800020693 0
1747650039550 0.00021050169570811228 0
1747650039561 -0.0009246213455442407 0
1747650039577 -0.0007673492878040282 0
1747650039589 0.0032441874974004662 0
1747650039605 -0.0022433820230321404 0
1747650039616 0.0006091145689129648 0
1747650039628 0.00035705177250690626 0
1747650039644 -0.001923076923076882 0
1747650039659 0.0014064697609000088 0
1747650039670 0.004709444117399644 0
1747650039681 0.0066333755683088925 0
1747650039696 0.0003441156228492904 0
1747650039716 0.0007845774490023894 0
1747650039727 3.7013732094652336e-05 0
1747650039737 -0.0007190705067554159 0
1747650039751 0.00280881343237001 0
1747650039762 0.0002712783994575338 0
1747650039778 0.0017137960582690294 0
1747650039788 -0.00021093708801338306 0
1747650039815 0.002822477181921417 0
1747650039826 0.0032846482556284835 0
1747650039842 -0.0003458213256484281 0
1747650039852 -0.003948110547095357 0
1747650039868 -0.00021537909284363566 0
1747650039879 0.0006834686031611188 0
1747650039890 -0.0008102789674731726 0
1747650039902 -0.0001855976243503714 0
1747650039914 0.0003344961055095282 0
1747650039934 0.002977643268573657 0
1747650039951 -0.0002805311389564348 0
1747650039963 -4.7018995674142814e-05 0
1747650039974 0.0007541621211403512 0
1747650039988 -0.002655263442271204 0
1747650039996 0.00023737181921757526 0
1747650040008 0.0017489421720732752 0
1747650040019 -0.0008138238573020698 0
1747650040035 0.0028639618138424023 0
1747650040046 -0.00015671524839367464 0
1747650040058 -0.0005323553767893257 0
1747650040074 -0.001288659793814543 0
1747650040087 -0.0003083089255434062 0
1747650040100 0.0005160224985810188 0
1747650040113 -0.002791447235891513 0
1747650040124 0.0009425070688029959 0
1747650040137 -0.0006398172441482831 0
1747650040146 0.00023687701345456724 0
1747650040155 -0.001052631578947346 0
1747650040162 0.0002112557039039634 0
1747650040177 0.0014159102073504222 0
1747650040190 0.0008489722966934027 0
1747650040199 0.004009274466235069 0
1747650040212 0.0 0
1747650040224 -0.0019756772182465514 0
1747650040233 0.0001398894873049515 0
1747650040242 -0.0005920663114269724 0
1747650040258 0.00012697337791510194 0
1747650040266 0.0012146098984222372 0
1747650040276 -0.0002737616562579902 0
1747650040289 -0.0007630856251051455 0
1747650040301 0.0009166703042472738 0
1747650040313 0.003084832904884253 0
1747650040330 -8.589958338697297e-05 0
1747650040345 -0.0015658100764483246 0
1747650040358 -0.0021742962919432942 0
1747650040374 0.0005131626212347496 0
1747650040384 0.0031270728702738055 0
1747650040395 4.6382189239224e-05 0
1747650040408 -0.00031645569620254363 0
1747650040421 0.0026392589772871937 0
1747650040432 0.002327279364789558 0
1747650040441 -0.0002086049543677359 0
1747650040455 -0.009958545766426989 0
1747650040462 -0.0015360983102919756 0
1747650040473 0.0002997730289922443 0
1747650040484 0.0018617640214102465 0
1747650040498 0.004202187203995519 0
1747650040510 -4.695056105926204e-05 0
1747650040525 0.0005094820266063029 0
1747650040539 -0.003461495514943982 0
1747650040550 -0.0008848175714359787 0
1747650040561 -0.000254879887852859 0
1747650040579 -0.0009106665491614793 0
1747650040588 0.00079155672823222 0
1747650040595 0.0005238736716060225 0
1747650040608 0.0007760962359332392 0
1747650040626 -0.005156994581891693 0
1747650040643 0.00012817773979919306 0
1747650040651 -0.0008939493742355276 0
1747650040659 -0.0004109589041096046 0
1747650040668 -0.0004772919190805935 0
1747650040680 -0.002108247124003258 0
1747650040687 -0.0024609640190088183 0
1747650040699 -0.0013452914798206788 0
1747650040714 0.00018689842070824142 0
1747650040731 0.002213960482894057 0
1747650040742 0.001340961916681617 0
1747650040755 -0.0010400416016640179 0
1747650040767 -0.0007218131947452273 0
1747650040778 0.0008973343890208213 0
1747650040787 0.0016187778227437699 0
1747650040804 -0.00026860059092135565 0
1747650040812 -0.0015913430935710342 0
1747650040823 0.0016444247675668712 0
1747650040831 0.0012946485365981828 0
1747650040844 -0.0011832268177980629 0
1747650040856 0.0010893246187364764 0
1747650040867 0.0002506265664159902 0
1747650040879 0.0005988621618924271 0
1747650040896 -0.0008287895310795355 0
1747650040913 0.0015159690639532748 0
1747650040925 -0.0009793814432988842 0
1747650040933 0.0 0
1747650040944 -0.0004150115610364291 0
1747650041880 -0.005361930294906171 0
1747650041891 -0.0008285726745453034 0
1747650041903 -0.0007571517924744943 0
1747650041915 -0.0017189669369331976 0
1747650041929 0.0013876040703051612 0
1747650041941 0.0004993549997919543 0
1747650041958 -0.002383951061532963 0
1747650041972 -0.00011853959222373705 0
1747650041992 0.001469912723932018 0
1747650042009 -9.156251430659211e-05 0
1747650042035 0.00037568092167054206 0
1747650042049 -0.00018362100624307767 0
1747650042063 -0.0010256410256409127 0
1747650042076 0.00047969996947360485 0
1747650042095 0.00021092596498636026 0
1747650042110 0.0034612490594431436 0
1747650042125 0.00027311211252216026 0
1747650042157 -0.003821734574369794 0
1747650042175 0.0008511490512191188 0
1747650042190 -0.00018627177051324094 0
1747650042203 -0.0008896118750476915 0
1747650042212 0.0011082379017362813 0
1747650042220 -4.9169043170305306e-05 0
1747650042233 -0.000924453647894042 0
1747650042245 -0.002428962486023919 0
1747650042262 0.0004444115250722337 0
1747650042276 -0.005566250577095644 0
1747650042295 0.0009289363678587818 0
1747650042308 0.0018280607322399512 0
1747650042320 0.0005511276920468746 0
1747650042332 -0.0003663842454774041 0
1747650042344 -0.002385536117853945 0
1747650042356 0.0012813211845102992 0
1747650042366 -0.0005933889490034367 0
1747650042377 0.00020605810838652402 0
1747650042391 0.00037432154220471266 0
1747650042412 0.00170876671619626 0
1747650042423 -0.0003555555555555164 0
1747650042446 -0.006272764063132253 0
1747650042458 -0.002969251748559319 0
1747650042472 0.0025664955669621892 0
1747650042495 -0.0006091145689129648 0
1747650042507 0.00021260311250952485 0
1747650042520 -0.0008870336551004154 0
1747650042532 -0.0006540222367560125 0
1747650042547 0.001301427371956289 0
1747650042558 0.0032592024539877967 0
1747650042569 -0.00040271545276724573 0
1747650042583 -0.001690070833851071 0
1747650042595 0.0005713030103273182 0
1747650042603 -0.0010456390699962763 0
1747650042615 7.775142868259706e-05 0
1747650042627 0.0007200221545279245 0
1747650042639 0.0005549594879574001 0
1747650042653 -0.00033978933061503156 0
1747650042664 -0.0008542141230068661 0
1747650042674 0.0003260363297623613 0
1747650042703 0.00042286874154269126 0
1747650042716 -0.0006072464745968788 0
1747650042733 -0.00042506679621092113 0
1747650042745 -0.0021794150731159014 0
1747650042755 -0.0006134969325152489 0
1747650042766 -0.000138709080821163 0
1747650042777 0.0014285045196946267 0
1747650042788 0.0013122346584329956 0
1747650042799 -5.9769035370473663e-05 0
1747650042821 -0.0005937486746681092 0
1747650042830 0.001554034188752112 0
1747650042838 -0.004143222506393837 0
1747650042846 0.0004461156076731676 0
1747650042858 -0.000112124383315896 0
1747650042869 0.0033364661654134375 0
1747650042880 -0.0005123388267441062 0
1747650042892 -9.935419771479839e-05 0
1747650042905 -0.0008811486031202748 0
1747650042917 0.0029629195024641836 0
1747650042928 -0.0005110841372260345 0
1747650042948 -0.0006586651053864419 0
1747650042960 -0.0013717421124829052 0
1747650042973 -0.00011842728564654733 0
1747650042984 -0.000565450947130224 0
1747650042995 -0.0012544428183149127 0
1747650043005 0.00023501762632192742 0
1747650043017 0.0 0
1747650043033 4.2529664440999534e-05 0
1747650043053 0.0020857473928158382 0
1747650043062 -5.576311827364201e-05 0
1747650043074 0.002428962486023919 0
1747650043103 0.0007966904455620134 0
1747650043114 0.00017099863201084915 0
1747650043123 -0.0008394383394384165 0
1747650043134 0.0012419964514386933 0
1747650043145 0.0009251916468411665 0
1747650043157 0.0008514779223938296 0
1747650043179 -0.00045172219085257587 0
1747650043190 0.0009407740004277107 0
1747650043202 -0.00035248501938673114 0
1747650043213 -0.0017925736235594554 0
1747650043222 0.00025938414792299615 0
1747650043233 0.00337780058149481 0
1747650043250 -0.0013367751452014343 0
1747650043261 -0.004876915931258728 0
1747650043273 -0.0013924901565350962 0
1747650043280 -0.0020422141109059963 0
1747650043295 0.0013623978201635393 0
1747650043321 -0.0010328638497653529 0
1747650043342 -0.0002605976372480988 0
1747650043375 0.00015292858235209267 0
1747650043387 -0.00021052631578944098 0
1747650043396 -0.0005668934240361683 0
1747650043412 0.0011559208836373414 0
1747650043428 -0.00458002221652578 0
1747650043439 -0.0005647976997329654 0
1747650043450 -3.9024390243984796e-05 0
1747650043461 -0.0002760397497239707 0
1747650043472 0.0015077726263294745 0
1747650043483 0.006500766013829656 0
1747650043495 -8.455706192392483e-05 0
1747650043528 0.0018792924147325067 0
1747650043542 0.00039580447259049666 0
1747650043563 0.0003698224852071584 0
1747650043578 -0.0004070832485242181 0
1747650043595 -0.0027751431482065927 0
1747650043608 0.0005539961589599855 0
1747650043620 -0.002688904016337726 0
1747650043633 0.00012794268167853708 0
1747650043644 -0.001393282120801423 0
1747650043662 0.0003151591553735289 0
1747650043673 -0.0012116316639741978 0
1747650043687 -0.001829468687237556 0
1747650043714 -0.0003615165619776163 0
1747650043730 0.0012111186600892352 0
1747650043744 0.0007250429846911646 0
1747650043755 0.00023781212841862876 0
1747650043768 -0.0010446700931846613 0
1747650043780 -0.0007760209525656339 0
1747650043789 -0.0025664955669621892 0
1747650043802 -0.00020216995754431658 0
1747650043812 0.0075675675675676716 0
1747650043824 0.00012296593843505815 0
1747650043843 0.0034246575342465023 0
1747650043855 -0.0003405000486429346 0
1747650043867 0.0009272137227630771 0
1747650043882 -0.0005954912803062248 0
1747650043895 -0.0007760962359332392 0
1747650043906 0.0007300335815447787 0
1747650043935 0.0004586945552955374 0
1747650043949 0.0012054109558462887 0
1747650043962 -0.0011730609991720423 0
1747650043976 0.0018865382023985104 0
1747650043989 0.0027429238400934106 0
1747650044003 0.00040351506456226636 0
1747650044016 0.00025199496010080757 0
1747650044029 0.0005037783375315425 0
1747650044042 0.004120850888911796 0
1747650044055 -0.0015846328443529466 0
1747650044064 -0.000138709080821163 0
1747650044076 -0.0007530971118725599 0
1747650044099 -0.0008811486031202748 0
1747650044112 0.002070484581497824 0
1747650044127 -0.0011600316372263888 0
1747650044137 0.0 0
1747650044150 -0.00018873266018674075 0
1747650044168 -0.0016289171579273209 0
1747650044178 0.002194232303658902 0
1747650044187 -0.0037878787878787446 0
1747650044200 -0.00012794268167853708 0
1747650044214 -0.002610927813155737 0
1747650044222 0.0007599145096175843 0
1747650044235 7.382798080468408e-05 0
1747650044248 0.005622220357472532 0
1747650044259 -4.582111436939467e-05 0
1747650044271 0.0007967125125796021 0
1747650044286 0.0014288738357324843 0
1747650044297 -0.00019661816751874437 0
1747650044321 -0.00026385224274401084 0
1747650044347 -0.002050995198806716 0
1747650044360 0.0 0
1747650044370 -0.002214022140221299 0
1747650044380 0.0005606428704915181 0
1747650044392 -0.0007485029940118681 0
1747650044407 0.001300113866181733 0
1747650044418 -0.004186198079863675 0
1747650044433 -0.0011494252873562292 0
1747650044443 -0.002496359475764457 0
1747650044454 -0.00022586109542618762 0
1747650044467 0.0005603025633841658 0
1747650044484 0.0007504690431519984 0
1747650044495 -0.0045380589715895816 0
1747650044506 -0.00028206755517943443 0
1747650044517 0.0007974879130737297 0
1747650044530 0.00042218586732804467 0
1747650044544 0.00015948963317384977 0
1747650044553 0.00021284747350044722 0
1747650044568 0.010255442305272446 0
1747650044576 -0.0003514069794832428 0
1747650044588 0.00099365950600927 0
1747650044595 0.002822477181921417 0
1747650044612 -0.002774221084080294 0
1747650044623 0.0017192103064679791 0
1747650044634 0.003565154490027853 0
1747650044646 -0.003656532456861104 0
1747650044657 0.002576212966938698 0
1747650044672 -0.00014755791648222487 0
1747650044683 -0.0009551098376313072 0
1747650044701 -0.0004025044722719294 0
1747650044712 0.00042256496936395564 0
1747650044730 0.00024576062914716175 0
1747650044748 -0.0005646527385656697 0
1747650044760 0.0006294214975708913 0
1747650044773 -0.006907878410511096 0
1747650044785 0.0009541117673785004 0
1747650044802 0.0005865747699527731 0
1747650044824 0.00037584565271863113 0
1747650044838 -0.0011450381679388392 0
1747650044849 0.0074239804739144105 0
1747650044865 -4.2916613020800375e-05 0
1747650044876 0.0006134969325152489 0
1747650044893 0.0008699434536754927 0
1747650044903 0.0159171298635675 0
1747650044914 -0.0019618913196895508 0
1747650044942 -0.0010870037827732568 0
1747650044955 -0.000727646278303277 0
1747650044983 -0.00172061041000581 0
1747650044993 0.0 0
1747650045004 0.004122227311391666 0
1747650045016 -0.002459142374097127 0
1747650045036 0.007832130927321759 0
1747650045045 -4.74023511566753e-05 0
1747650045054 0.0003704584284820934 0
1747650045068 0.0005510745954611108 0
1747650045079 0.0015365572580989955 0
1747650045099 0.00048601764617921625 0
1747650045110 -0.0005953646608547457 0
1747650045118 0.001076627814445522 0
1747650045130 -0.00024160425223479127 0
1747650045141 -0.0015093883958221417 0
1747650045169 0.003826005062098871 0
1747650045179 -0.0008468834688346703 0
1747650045193 -0.0007934285447586792 0
1747650045207 -0.00015073861923416428 0
1747650045216 0.0006313574184496681 0
1747650045228 0.003594856020457242 0
1747650045235 -0.0011494252873562776 0
1747650045245 -0.0008169934640522306 0
1747650045258 -0.000248065092280165 0
1747650045267 0.0005974225484338716 0
1747650045276 0.003121066335592304 0
1747650045284 -0.0018113417862617792 0
1747650045295 -0.001461632155907269 0
1747650045313 -6.735821096587941e-05 0
1747650045330 0.0017843600838650443 0
1747650045357 -3.876570010859134e-05 0
1747650045370 0.0008839779005525197 0
1747650045380 -0.001656657693104127 0
1747650045392 -4.122011541637354e-05 0
1747650045403 0.0020625099159129476 0
1747650045414 0.0008868917400816276 0
1747650045424 -0.00011826544021012967 0
1747650045436 -0.004004491810920187 0
1747650045447 0.0008153477218226864 0
1747650045455 0.0009423745024402971 0
1747650045466 -0.0005422503389064824 0
1747650045479 -0.0006540222367560125 0
1747650045487 -0.00047446514837815875 0
1747650045495 -0.0011730609991720423 0
1747650045506 -0.00020866371755275042 0
1747650045533 0.001155030800821399 0
1747650045550 -0.0007126631330452201 0
1747650045562 -0.0009392456374511024 0
1747650045574 5.952735281869291e-05 0
1747650045586 -0.0012668918918919399 0
1747650045593 1.183431952680986e-05 0
1747650045601 0.00014107688690336768 0
1747650045612 0.0011556240369798609 0
1747650045622 -0.0004636068613816209 0
1747650045635 0.0 0
1747650045646 -0.0016546145360949545 0
1747650045659 8.710042679204301e-05 0
1747650045670 -8.410782623318438e-05 0
1747650045693 -0.0005045125847861619 0
1747650045710 0.00035193545579424425 0
1747650045722 -0.0029429851532986307 0
1747650045733 0.0030992966980570966 0
1747650045745 -0.0015667022411952928 0
1747650045758 0.00028050490883587374 0
1747650045775 -0.0038463392297680993 0
1747650045786 -0.0005929377331275199 0
1747650045798 -0.002797202797202738 0
1747650045807 -0.0008920606601248694 0
1747650045821 -0.0006483682731790368 0
1747650045834 0.00013474365020552906 0
1747650045846 -0.000612831754113123 0
1747650045857 -0.0004762935700367713 0
1747650045873 -0.0015503875968993493 0
1747650045884 -0.001406469760900194 0
1747650045899 0.0007722007722008015 0
1747650045910 0.00041832252666797784 0
1747650045923 -0.00024858195295011823 0
1747650045953 0.0 0
1747650045987 0.0001164208892337653 0
1747650045998 0.0005286343612334406 0
1747650046012 -0.00019666650277780535 0
1747650046028 -0.005997437987655848 0
1747650046043 -0.001157519050834422 0
1747650046054 -0.0003206361421058744 0
1747650046067 -0.0009931955538649475 0
1747650046080 -0.0003918324698506831 0
1747650046089 8.522243054367187e-05 0
1747650046097 -0.0003528581510233438 0
1747650046109 -0.000563724338798349 0
1747650046131 -0.00030612635365243637 0
1747650046145 0.0008948545861298937 0
1747650046157 -0.0013117621337997874 0
1747650046184 0.0027120624191595832 0
1747650046209 -0.0023390137954080402 0
1747650046223 -0.0035325962288389103 0
1747650046235 -0.00038206218061985383 0
1747650046254 0.00015138899402005084 0
1747650046266 0.0025689330364789464 0
1747650046278 0.0009197516670499314 0
1747650046288 4.1856766146149995e-05 0
1747650046297 0.004325183158266507 0
1747650046312 -0.0003870343492984576 0
1747650046322 -0.0007530971118725599 0
1747650046334 -0.000506212609295869 0
1747650046343 0.0015503875968993493 0
1747650046351 -0.0039225610527647715 0
1747650046360 -0.0008757496948145334 0
1747650046375 -0.007578963567114192 0
1747650046385 0.0013645150286169642 0
1747650046398 -0.000352460172000619 0
1747650046410 -0.0010306622004636844 0
1747650046419 0.00017182868679931852 0
1747650046428 0.00088888888888887 0
1747650046440 -0.0003333111125925065 0
1747650046448 -0.0003747189607794296 0
1747650046459 0.0021787741528582227 0
1747650046474 0.002192982456140434 0
1747650046491 0.0031047694543533226 0
1747650046503 0.0008782715615668178 0
1747650046515 -0.00063478628861619 0
1747650046526 0.003494736842105196 0
1747650046540 0.0037558488428209164 0
1747650046551 -7.326582410970457e-05 0
1747650046566 -0.0011405959031657237 0
1747650046580 0.000907441016333919 0
1747650046588 -0.0007502393004666178 0
1747650046606 -0.0009726766292334432 0
1747650046618 -0.0005093090374059386 0
1747650046626 -0.0024408561772438584 0
1747650046636 0.00026703458097824677 0
1747650046648 0.002746987951807162 0
1747650046660 0.0003408751970685871 0
1747650046678 0.00026397761469840864 0
1747650046689 0.003978054712392273 0
1747650046701 -0.0008453085376162119 0
1747650046709 0.0004142011834320385 0
1747650046720 0.00044025157232702346 0
1747650046731 -0.0003402517863218407 0
1747650046745 -8.705114254619767e-05 0
1747650046756 -0.0006935468617004024 0
1747650046766 4.487524681391232e-05 0
1747650046777 -0.00041014248178920137 0
1747650046789 -3.6713415081915785e-05 0
1747650046802 0.00024761668936487257 0
1747650046819 0.0001879581479857223 0
1747650046829 0.0004636068613816209 0
1747650046842 0.0020127993393888274 0
1747650046851 -0.00017130620985001213 0
1747650046859 0.0006680026720105552 0
1747650046871 0.002586917834975461 0
1747650046878 -9.415752554017662e-05 0
1747650046887 0.000816326530612219 0
1747650046897 -0.0013718000126627212 0
1747650046906 0.0023519645821804577 0
1747650046914 0.00033010109345983575 0
1747650046922 0.003749273908221891 0
1747650046929 -0.0005652047721613227 0
1747650046941 -0.0050718512256973216 0
1747650046952 0.00041911148365456877 0
1747650046962 0.00014230148942226135 0
1747650046974 -0.004269854824936013 0
1747650046987 -0.00039579576938301335 0
1747650046999 -0.0007535795026375568 0
1747650047011 -0.0036053604226661284 0
1747650047021 -0.014805097451274347 0
1747650047029 0.00172061041000581 0
1747650047038 -0.0028580089204520397 0
1747650047049 0.0028993773468320707 0
1747650047060 -8.213552361391751e-05 0
1747650047068 -7.468817686169409e-05 0
1747650047076 -0.0010905642484589704 0
1747650047085 0.0005714219076161489 0
1747650047095 -0.0016291619997964165 0
1747650047110 0.0010195939356325778 0
1747650047117 -0.0013152295849289746 0
1747650047129 0.00042844901456733347 0
1747650047142 0.0005618678986140805 0
1747650047151 0.00999414405621693 0
1747650047162 -0.00280693190139144 0
1747650047171 -0.0013488999488348256 0
1747650047189 0.0063152355056573265 0
1747650047205 0.00047159699892815576 0
1747650047217 -0.0003655361791661608 0
1747650047229 -0.000826244611215573 0
1747650047243 -0.005671515104749353 0
1747650047261 7.469244288238767e-05 0
1747650047270 -0.002352765433020965 0
1747650047282 0.0009844559585491374 0
1747650047293 0.00022909507445585363 0
1747650047304 5.2121338476035765e-05 0
1747650047321 0.0035693837026568413 0
1747650047333 -4.28632661823059e-06 0
1747650047345 -8.698677800984883e-05 0
1747650047356 -0.0010098459984852319 0
1747650047368 0.0005623506256151339 0
1747650047388 0.004170212765957403 0
1747650047401 0.0005776530780656604 0
1747650047439 -0.002096436058700236 0
1747650047451 -0.00014719952896142575 0
1747650047469 -0.00022160173735773426 0
1747650047478 -0.0017514124293784637 0
1747650047491 -0.0005074268843988943 0
1747650047504 0.0 0
1747650047516 -0.000529731161435513 0
1747650047528 -0.0012131715771229938 0
1747650047542 0.000373831775700993 0
1747650047553 0.0003933136676500123 0
1747650047564 -0.0006169665809768872 0
1747650047576 0.001653272101033249 0
1747650047587 0.0035555321446442624 0
1747650047601 -0.0008285726745453034 0
1747650047613 0.0008854781582052547 0
1747650047626 -0.00019104386367106086 0
1747650047638 0.0 0
1747650047650 0.0008491367110105049 0
1747650047661 0.0010828025477706664 0
1747650047673 -0.0021700532649437413 0
1747650047694 -0.0004899902001959732 0
1747650047703 0.0008134805345728159 0
1747650047714 -0.0005549594879574001 0
1747650047725 0.00021255114511917653 0
1747650047733 -4.717593083997545e-05 0
1747650047747 0.0010281158203945993 0
1747650047764 0.0008115001159286187 0
1747650047778 0.0060306665811252595 0
1747650047789 0.0018637399047422534 0
1747650047797 0.0011538461538461975 0
1747650047832 0.00032092426187424786 0
1747650047846 0.0 0
1747650047857 -0.0007001575354455018 0
1747650047870 -0.0008440955516164251 0
1747650047878 0.00026703458097824677 0
1747650047889 -0.0014740697726359606 0
1747650047900 -0.00047446514837815875 0
1747650047912 -0.0003685956505713809 0
1747650047920 0.0005158082546232481 0
1747650047928 -0.00039145752685835073 0
1747650047939 0.0021415755050066 0
1747650047956 0.0024672864255188324 0
1747650047967 0.003001398957141124 0
1747650047985 0.00035193545579424425 0
1747650047992 -0.0010750616522812299 0
1747650048008 0.002215802856030451 0
1747650048016 0.0004189651560645365 0
1747650048025 0.0025167785234898794 0
1747650048037 0.0011440677966100623 0
1747650048050 0.0003456221198156813 0
1747650048059 -0.0010048656653269465 0
1747650048071 0.003834923955201003 0
1747650048080 0.0009846673231115027 0
1747650048087 0.0006365372374282629 0
1747650048101 0.00022216462398638232 0
1747650048113 -9.358038555113661e-05 0
1747650048124 -0.00048540743886916273 0
1747650048133 0.011710925060352251 0
1747650048156 -0.0009366219169528922 0
1747650048168 -0.0015519568151146888 0
1747650048181 -0.000320659642693517 0
1747650048193 -0.0005954912803062248 0
1747650048205 4.514672686235766e-05 0
1747650048222 0.0008763693270735115 0
1747650048246 -0.0003506311360449356 0
1747650048258 0.0009080748812517393 0
1747650048268 0.0029668874172185927 0
1747650048280 0.002874068860343685 0
1747650048287 -0.00048139233475279794 0
1747650048299 0.00042016806722695643 0
1747650048310 0.0014633708019014602 0
1747650048317 0.0 0
1747650048328 0.00015292858235209267 0
1747650048335 0.005391312033231689 0
1747650048345 -0.004689521345407402 0
1747650048356 -0.0015160010798911884 0
1747650048366 -0.0017458100558659466 0
1747650048376 0.00171454564540395 0
1747650048385 0.0014535587964533718 0
1747650048397 0.00018362100624307767 0
1747650048408 -0.0001918526571593089 0
1747650048418 -0.00018145527127569116 0
1747650048435 0.0031418486482292975 0
1747650048446 -0.001301427371956289 0
1747650048456 -0.0019885108263366395 0
1747650048470 0.001201785509900469 0
1747650048477 0.0018280607322399512 0
1747650048490 -0.00197664797278658 0
1747650048514 -0.004349698535745008 0
1747650048540 0.0013456686291000851 0
1747650048551 0.0 0
1747650048562 -9.935419771479839e-05 0
1747650048577 0.0004754829123327857 0
1747650048593 4.385964912286062e-05 0
1747650048604 -0.004106718501581461 0
1747650048615 -0.0034679217240525654 0
1747650048631 3.865929562768091e-05 0
1747650048643 0.0013210039630117826 0
1747650048668 -0.0038018968109119083 0
1747650048683 -0.0006745362563237031 0
1747650048695 0.0004345936549327059 0
1747650048706 -0.0006565912546653603 0
1747650048717 -0.00037134840732795595 0
1747650048733 0.003911232038091946 0
1747650048742 -0.0013111888111887056 0
1747650048757 0.001711351968054828 0
1747650048768 0.0013292399680224817 0
1747650048776 0.0005100089251562473 0
1747650048787 -0.00021137180300143753 0
1747650048798 -0.0022810748115212644 0
1747650048811 0.0007038079715514116 0
1747650048826 0.002023558480840072 0
1747650048838 0.00012569130216189515 0
1747650048850 -0.0008511490512191188 0
1747650048868 -0.0002892681515764539 0
1747650048891 -0.00038028235965216863 0
1747650048900 0.0006859434360488668 0
1747650048908 -0.00025463650638714205 0
1747650048922 0.0003709886848450384 0
1747650048935 -0.004969293516478442 0
1747650048943 0.00021054404581449207 0
1747650048950 -0.0021286975032151433 0
1747650048961 8.262072954114282e-05 0
1747650048973 -0.0008920606601248694 0
1747650048993 -0.00044014084507049134 0
1747650049010 -0.003819112924225215 0
1747650049033 0.0002950722927117256 0
1747650049045 0.00028347349522820693 0
1747650049057 0.0017642008736097085 0
1747650049070 0.00046669000116674267 0
1747650049082 -0.0008257638315441567 0
1747650049093 -4.2526047203813286e-05 0
1747650049101 -0.00011648223645894443 0
1747650049120 -0.00032758959575445123 0
1747650049131 -0.0017785599976235802 0
1747650049139 -0.00015429717636172412 0
1747650049149 -0.00018684603886407166 0
1747650049168 0.0007763620587294817 0
1747650049178 0.0014260403612634588 0
1747650049189 -3.7966513535108476e-05 0
1747650049202 -0.0003120319520720518 0
1747650049210 0.00033707865168540604 0
1747650049218 -0.0019905590627310554 0
1747650049234 -8.890996384328475e-05 0
1747650049262 -0.0010507420865985444 0
1747650049274 -0.0006422607578677186 0
1747650049286 -5.670809508060847e-05 0
1747650049297 -0.001187335092348174 0
1747650049309 -0.001053518752633737 0
1747650049320 -0.0027796477665095903 0
1747650049330 -0.0003320525591765784 0
1747650049340 -0.0017922837468161824 0
1747650049352 -0.0004509582863586625 0
1747650049368 0.0002506265664159902 0
1747650049380 0.0020615900012884956 0
1747650049391 -5.5248618784597906e-05 0
1747650049404 0.0012116316639741978 0
1747650049433 0.0002955737826055816 0
1747650049448 -0.0006214126464587967 0
1747650049460 2.1594074585883294e-05 0
1747650049473 0.0036832412523019474 0
1747650049486 -0.0004456658991309684 0
1747650049497 -0.0007966904455620134 0
1747650049515 -0.002796243536984321 0
1747650049522 0.0021885896579865367 0
1747650049549 0.000560852495793694 0
1747650049557 0.0011492122335496704 0
1747650049566 -0.004793496184377037 0
1747650049577 -5.203996669430003e-05 0
1747650049588 -0.0011352885525071385 0
1747650049603 -0.0014493371413955803 0
1747650049612 -0.0036244923140197993 0
1747650049624 0.00013149243918470738 0
1747650049633 0.00047281323877059156 0
1747650049644 -0.0003655361791661608 0
1747650049653 -8.905436981305616e-05 0
1747650049666 5.1527799247757105e-05 0
1747650049678 -0.0002661540736359705 0
1747650049701 -0.0037913893335580024 0
1747650049713 0.002146306564120831 0
1747650049721 -0.001405810684161253 0
1747650049733 -0.002098706925732894 0
1747650049744 0.0003277828766225377 0
1747650049752 -0.0009082217973230569 0
1747650049764 0.0005136106831022889 0
1747650049775 -0.007666728246813212 0
1747650049784 0.005500705218617813 0
1747650049793 -0.00042326250740716 0
1747650049809 -0.0006486816499408349 0
1747650049829 0.005327424449578196 0
1747650049841 0.0024709807722185055 0
1747650049849 -4.507346975575688e-05 0
1747650049865 0.0016389997898717346 0
1747650049888 0.0001871257485030011 0
1747650049898 -0.00309713749413416 0
1747650049910 -0.0014834209313404454 0
1747650049922 -0.0008635387374619572 0
1747650049933 0.0 0
1747650049951 0.004101108087858322 0
1747650049963 0.00010679653124856792 0
1747650049974 -0.0002134927412467551 0
1747650049992 -0.0006088544837783486 0
1747650050001 0.0032966784835279156 0
1747650050009 0.00016593838154765826 0
1747650050022 -0.00032286450452952137 0
1747650050032 6.766815536604722e-05 0
1747650050041 -0.005054535780792798 0
1747650050053 -0.00038226299694195577 0
1747650050060 -0.00598595204318196 0
1747650050072 -0.0014511782185060325 0
1747650050084 -0.0006809959565865839 0
1747650050101 0.004090065778377522 0
1747650050116 0.0007205259839682175 0
1747650050126 -0.0007689021785562017 0
1747650050138 -0.0012813211845102992 0
1747650050153 -0.0015855214818823935 0
1747650050169 0.001594597129725116 0
1747650050180 0.003923869595511492 0
1747650050192 -0.002781774580335723 0
1747650050204 -0.001574252230190719 0
1747650050221 0.0004041220448575623 0
1747650050250 -0.0018850141376060066 0
1747650050262 -8.250144377536689e-05 0
1747650050285 -0.010146926950403532 0
1747650050303 -0.0006490195169440149 0
1747650050318 -0.0014340344168258883 0
1747650050330 -4.281921726460861e-05 0
1747650050339 0.0011196888443633628 0
1747650050349 -0.01377507722597506 0
1747650050358 0.0 0
1747650050367 -5.762028233945388e-05 0
1747650050414 0.0003325711910205412 0
1747650050426 -0.0017932086989698815 0
1747650050442 0.0005611672278338002 0
1747650050453 -0.0001680601655393192 0
1747650050462 0.0007673492878040282 0
1747650050481 0.0004418912947414057 0
1747650050496 -0.001742160278745621 0
1747650050509 0.00044111426672311017 0
1747650050520 -0.002112128061659266 0
1747650050532 -0.0003560528992879679 0
1747650050542 0.00033029773981970047 0
1747650050553 -0.0005220796171416339 0
1747650050565 -0.0005702436495593175 0
1747650050582 -4.746760336076433e-05 0
1747650050593 0.000721347647133681 0
1747650050610 4.294794708818168e-05 0
1747650050620 -0.0004741583688952851 0
1747650050639 0.004560260586319273 0
1747650050650 0.0018676014251234497 0
1747650050662 0.00030490072135043705 0
1747650050669 -0.0020859859670034455 0
1747650050681 0.00032173553339161876 0
1747650050693 0.0003860175852455647 0
1747650050711 -8.726764988229533e-05 0
1747650050732 0.0011492122335496704 0
1747650050756 0.0004438329412808136 0
1747650050768 -0.00048561369430612597 0
1747650050780 0.00026180947750313984 0
1747650050796 -0.002682662165420745 0
1747650050807 -0.002367402686091491 0
1747650050820 0.0 0
1747650050831 -0.003850980052788656 0
1747650050841 -0.0009311812699539197 0
1747650050851 0.0008731381612737268 0
1747650050862 0.001084937521107755 0
1747650050872 0.0007376185458376895 0
1747650050884 -0.0018161648995175645 0
1747650050896 -0.0009658066388502823 0
1747650050913 0.00010449320794142588 0
1747650050932 -0.0021007422622660804 0
1747650050947 -0.00039333300555578543 0
1747650050958 0.00458002221652578 0
1747650050972 -0.00019424264791573773 0
1747650050982 5.2375216047830206e-05 0
1747650051005 -0.0001939864209504949 0
1747650051017 -0.0013032009874254426 0
1747650051028 0.0014307004470939441 0
1747650051038 0.0005933889490034367 0
1747650051046 7.47440017939474e-05 0
1747650051057 -8.796428649963238e-05 0
1747650051070 -0.0018785222291797833 0
1747650051085 0.001379398157972873 0
1747650051097 0.00020774472328413486 0
1747650051115 -0.0038077995756080727 0
1747650051127 0.00012900451515803543 0
1747650051139 0.00012795905310304976 0
1747650051170 0.0 0
1747650051181 0.0 0
1747650051203 -0.0005238736716060225 0
1747650051215 0.0010726072607260644 0
1747650051238 -0.0002481058075843679 0
1747650051256 -0.0022284725227174717 0
1747650051265 -0.0012983299016243643 0
1747650051276 0.00018330125561349936 0
1747650051288 0.00012570710245129327 0
1747650051301 -0.0004658746797112305 0
1747650051313 0.0017262515323609381 0
1747650051330 0.0002627855265818724 0
1747650051346 -0.002732862673650618 0
1747650051357 0.0046998351013879955 0
1747650051369 -0.006837999082147816 0
1747650051376 0.002312406058503824 0
1747650051388 0.0012820512820512781 0
1747650051397 0.00021258503401356315 0
1747650051408 0.00042016806722695643 0
1747650051419 -0.00016912604118224752 0
1747650051432 0.0006747638326585951 0
1747650051442 -0.0016561998200879612 0
1747650051450 0.004268139593271379 0
1747650051459 -0.00012296593843505815 0
1747650051474 0.001408241921138462 0
1747650051493 0.0007889054974256084 0
1747650051506 -0.004389395914819604 0
1747650051535 0.00016801639840045046 0
1747650051559 0.0015365572580989955 0
1747650051567 -0.0008102789674731726 0
1747650051576 0.0007659574468085397 0
1747650051585 -0.0008582881395895622 0
1747650051600 -0.00010284891494389033 0
1747650051614 0.00115570965017557 0
1747650051630 0.0005292709867451246 0
1747650051642 0.0 0
1747650051657 -0.0007948753915929985 0
1747650051668 0.0019363102862759605 0
1747650051680 0.00020864847947427552 0
1747650051691 0.0007135636558244904 0
1747650051701 0.0013212832302733541 0
1747650051713 0.004311268846914335 0
1747650051721 -0.0007722802862585887 0
1747650051741 -0.0014783593356819513 0
1747650051755 -0.00022202486678503576 0
1747650051767 0.0004262082560090455 0
1747650051778 0.0005719336556958993 0
1747650051789 -0.0027796477665095903 0
1747650051799 -0.0005172950746118163 0
1747650051811 -0.009151636606546457 0
1747650051822 -0.002753677857412282 0
1747650051834 0.001281503630927003 0
1747650051841 0.0006774780878180225 0
1747650051853 0.0004772919190805935 0
1747650051866 0.0005386963548213528 0
1747650051875 0.0 0
1747650051884 0.0007479431563201038 0
1747650051896 0.0006207091131383999 0
1747650051907 -0.0004304778303916492 0
1747650051919 -0.0015224656516895792 0
1747650051932 0.0004610419548177967 0
1747650051945 -0.00046515561569685524 0
1747650051960 -0.002164215095249674 0
1747650051971 -0.004104567333043691 0
1747650051983 -0.0010084925690020357 0
1747650051992 0.000361617493778116 0
1747650052004 -0.0012895071691475023 0
1747650052029 -0.0002866698518872541 0
1747650052040 0.000594601022713852 0
1747650052060 0.0003933689238548972 0
1747650052071 0.0015509887553314908 0
1747650052083 -0.0003735524841240778 0
1747650052099 -0.000560381059120057 0
1747650052117 0.0017237030185823748 0
1747650052135 0.0007147962830592494 0
1747650052148 0.0001355748373102405 0
1747650052160 -0.0018981635267877922 0
1747650052171 -0.012332845059774097 0
1747650052183 -0.0010514325768860471 0
1747650052200 4.155930512832139e-05 0
1747650052212 -0.0006801178871004565 0
1747650052229 -0.001483679525222558 0
1747650052240 0.0 0
1747650052251 0.00014790711433211741 0
1747650052265 -0.0003528581510233438 0
1747650052276 -0.0002983547864632789 0
1747650052284 0.0006351626016260403 0
1747650052297 0.0007257532438971025 0
1747650052305 0.0015368494586098667 0
1747650052317 0.00010368066355618931 0
1747650052351 -0.0007199177236887181 0
1747650052371 -0.003523234928383887 0
1747650052388 -0.00046082949308750686 0
1747650052399 1.9443904335945352e-05 0
1747650052410 0.000698094612352146 0
1747650052425 0.001039591094169666 0
1747650052433 -0.0004842321893347327 0
1747650052442 0.0005058702021373208 0
1747650052454 -0.00132467876539948 0
1747650052462 0.0012231440119125315 0
1747650052471 0.0011532396620301606 0
1747650052482 0.0015389350569407281 0
1747650052493 0.0012376995407827683 0
1747650052505 -0.0005764020981037272 0
1747650052517 -0.0015834932821497721 0
1747650052535 0.0018277455138112002 0
1747650052560 0.001907521429433795 0
1747650052575 0.001586791036774875 0
1747650052587 0.001404949746028266 0
1747650052602 0.0011318036835066374 0
1747650052620 -0.0037759165179184206 0
1747650052630 0.0003663842454774041 0
1747650052641 0.0024249061326657387 0
1747650052658 0.000861786333192813 0
1747650052669 -0.0016711144999364024 0
1747650052683 0.0007070885628425752 0
1747650052695 0.00020605810838652402 0
1747650052702 -0.0032298477077868527 0
1747650052712 0.00045167118337857107 0
1747650052724 -0.0012535910159311 0
1747650052733 0.0004995580832339901 0
1747650052743 0.005741303613644097 0
1747650052754 -0.0002823826450947794 0
1747650052773 0.0006398537477147782 0
1747650052789 0.0 0
1747650052797 -0.00021881838074393894 0
1747650052812 -5.601613264627056e-05 0
1747650052824 8.581481163644089e-05 0
1747650052832 -0.000350339391285269 0
1747650052855 -0.006836308393467517 0
1747650052866 -0.0007274490785645281 0
1747650052877 -0.0045515241692418865 0
1747650052888 -0.0016278312636621617 0
1747650052905 -0.0034841565045434374 0
1747650052916 -0.0008333333333333648 0
1747650052930 0.0034265869900527916 0
1747650052942 0.0014580295771714285 0
1747650052955 0.0006336060666533039 0
1747650052973 0.0012280897621970786 0
1747650052993 0.0011669746183020962 0
1747650053005 0.0016151361329024728 0
1747650053018 0.0025710149268634 0
1747650053029 0.002371494634493339 0
1747650053036 -0.00298973092421678 0
1747650053048 -0.0007613636363636115 0
1747650053062 -0.0011440677966100623 0
1747650053071 -0.0010828025477706664 0
1747650053078 0.002360495656593069 0
1747650053090 0.00017257248044179208 0
1747650053101 -0.00021255114511917653 0
1747650053118 0.0008821453775582028 0
1747650053142 -0.00047637301495731586 0
1747650053155 -0.0001850481125092156 0
1747650053167 -0.0015571330432792522 0
1747650053180 -0.004221926483410525 0
1747650053188 -0.0010367618471640637 0
1747650053207 0.003402412619857663 0
1747650053216 -0.002083333333333289 0
1747650053228 0.0003131850923895399 0
1747650053236 -0.0010574550581600682 0
1747650053243 -7.469244288238767e-05 0
1747650053255 -0.001951792617297103 0
1747650053266 -0.0012860892388451 0
1747650053278 0.0015903669203679819 0
1747650053286 -0.00019944724620331926 0
1747650053294 0.0022141888838680293 0
1747650053304 0.00026941469657166834 0
1747650053316 -0.0002576434215046473 0
1747650053325 0.0003007777252610944 0
1747650053347 0.00039145752685835073 0
1747650053360 0.00040187052462367504 0
1747650053371 0.00021453702909117846 0
1747650053392 -0.0013592657342658273 0
1747650053404 0.0012771392081735882 0
1747650053419 -0.0054599177800616055 0
1747650053431 0.0006697578567747617 0
1747650053439 -0.0023875114784204423 0
1747650053452 -0.0014391534391533934 0
1747650053470 -0.0007486897928625191 0
1747650053481 0.0008401819782800088 0
1747650053489 0.0006777363605557122 0
1747650053496 0.0011848447988466505 0
1747650053507 -0.00018331805682865883 0
1747650053525 0.007894633224396508 0
1747650053548 0.00033600739216273977 0
1747650053560 -0.0022967386311438086 0
1747650053573 0.0009339975093400106 0
1747650053593 0.002983692306073119 0
1747650053608 -0.00018559270355537018 0
1747650053635 -0.0013848066922902862 0
1747650053647 -0.0011485451761101904 0
1747650053658 0.001460111448120175 0
1747650053667 0.0035142348754448674 0
1747650053675 0.0008255041471756278 0
1747650053692 -0.0003488866691837844 0
1747650053717 0.0013374944271066045 0
1747650053729 0.011010113941876802 0
1747650053736 -0.0031703536705651476 0
1747650053762 -0.0001045946955547471 0
1747650053774 0.0009007076989063176 0
1747650053793 4.247727465810985e-05 0
1747650053805 0.0011139330749007966 0
1747650053829 0.0027792083251940015 0
1747650053838 0.0004204109517052456 0
1747650053847 -0.00017614937466977877 0
1747650053859 -0.0060302916978310275 0
1747650053871 0.0017951981740770332 0
1747650053888 0.000688964048603234 0
1747650053896 -0.0004861812334044533 0
1747650053913 -0.0003516019865511853 0
1747650053931 0.0014307004470939441 0
1747650053940 -0.0028700287002869727 0
1747650053957 0.00021244051665544517 0
1747650053981 0.003691648822269876 0
1747650053993 5.090094675749106e-05 0
1747650054005 -0.00046709873299484277 0
1747650054047 0.0013293102356889026 0
1747650054061 -0.002021631456585541 0
1747650054075 -0.0005612197175194301 0
1747650054087 0.0002706237878309606 0
1747650054098 0.002057848405167564 0
1747650054115 -0.00036376864314297485 0
1747650054135 0.0011543888152550782 0
1747650054144 -0.000644606789858211 0
1747650054155 -0.0009315156834996893 0
1747650054164 0.0010214178556608902 0
1747650054178 0.0013818988313571733 0
1747650054200 0.00022313061173484075 0
1747650054218 0.0005155746509128637 0
1747650054230 0.0010440593025683265 0
1747650054242 0.0016849199663015648 0
1747650054254 0.0008751945804744535 0
1747650054261 -5.09450303121743e-05 0
1747650054273 0.0002900971385874195 0
1747650054281 9.672115291608914e-05 0
1747650054289 -0.000211014982063797 0
1747650054304 0.0015225185403468572 0
1747650054315 0.0004371686354757422 0
1747650054335 -0.00043936731107196877 0
1747650054346 -0.00032000000000005 0
1747650054357 0.002192570318862267 0
1747650054366 -0.0004639175257732135 0
1747650054379 -8.501955449763834e-05 0
1747650054392 0.0007610629206475838 0
1747650054403 0.00021536871123358913 0
1747650054419 -0.00011584353400008163 0
1747650054431 -0.0009331259720062562 0
1747650054444 0.0005151983513653562 0
1747650054461 0.0007747933884297815 0
1747650054473 0.0006077795786061819 0
1747650054481 0.0017064059401373903 0
1747650054501 0.00020849622100587874 0
1747650054513 -0.0004540295119182919 0
1747650054525 0.0006854009595613693 0
1747650054537 -0.0006512047287482681 0
1747650054552 -0.0006101015383274217 0
1747650054563 0.0025417887299673037 0
1747650054576 -0.00379867046533722 0
1747650054584 0.0003690445436764794 0
1747650054597 0.0016344922030303941 0
1747650054615 0.0007943475897822612 0
1747650054628 -0.00281774580335735 0
1747650054646 -0.0003387725142566895 0
1747650054657 0.002103212777017601 0
1747650054666 -0.006648659879493046 0
1747650054679 0.00048327137546461433 0
1747650054688 0.0005637845318025336 0
1747650054700 0.0 0
1747650054714 0.0048163013275702 0
1747650054725 -0.0033872954425480262 0
1747650054742 -0.0017947537965944743 0
1747650054754 -0.00015073861923416428 0
1747650054762 -0.0002436290990595432 0
1747650054772 0.0001341621573274949 0
1747650054784 0.00037359134781351415 0
1747650054802 0.001256799849934416 0
1747650054820 0.00320588005317063 0
1747650054829 -0.0006652253450857222 0
1747650054845 -0.0004742226136441603 0
1747650054860 -0.0021240916713248428 0
1747650054881 0.0006151322534345117 0
1747650054897 0.0013111872104309642 0
1747650054907 0.0013672602637657303 0
1747650054917 0.0008880317538625562 0
1747650054925 0.00010284891494389033 0
1747650054937 -0.0021005881646861207 0
1747650054948 -0.0021864036202775845 0
1747650054964 5.91715976329982e-05 0
1747650054975 0.00034470719775143006 0
1747650054987 -0.0002260568156129993 0
1747650055006 -3.7004144464093744e-05 0
1747650055026 -0.0007590132827323643 0
1747650055041 -0.004034607003387293 0
1747650055050 0.0005631230499962345 0
1747650055060 6.242586928030602e-05 0
1747650055074 0.0024407231684158734 0
1747650055086 -0.00020979020979021773 0
1747650055099 0.001562829989440297 0
1747650055110 0.0 0
1747650055118 -0.003402412619857663 0
1747650055128 0.0005398526973354161 0
1747650055137 -0.0002581444576384432 0
1747650055149 0.00018852510525985757 0
1747650055160 -0.0005933309600093753 0
1747650055173 0.0014724911873634041 0
1747650055187 -0.001211499930105764 0
1747650055198 -0.0016592920353982927 0
1747650055217 -0.0031512306833343215 0
1747650055228 -0.0005566379070414907 0
1747650055237 -0.00022143489813990282 0
1747650055246 0.0003041925671208254 0
1747650055258 0.0 0
1747650055269 0.004929700462841663 0
1747650055281 -0.001269501376567697 0
1747650055288 0.0011571498509056833 0
1747650055305 0.00026096033402917565 0
1747650055316 -0.0015464394851375275 0
1747650055328 -0.0005974225484338716 0
1747650055344 -0.0008726003490402759 0
1747650055360 -0.002885426377236262 0
1747650055377 -0.006330392619031545 0
1747650055388 -0.0003023203083666812 0
1747650055412 -0.0005290031740190369 0
1747650055423 5.147541405539424e-05 0
1747650055448 -0.00035691790888087144 0
1747650055456 0.0002073016238626463 0
1747650055469 0.0009578544061303045 0
1747650055485 -0.0010016112877237159 0
1747650055496 0.00033067416194778123 0
1747650055522 0.0031418486482292975 0
1747650055539 8.698677800984883e-05 0
1747650055577 9.311853990124273e-05 0
1747650055590 0.0005200748907841694 0
1747650055609 0.0004992186143428382 0
1747650055628 0.0015225185403468572 0
1747650055652 0.002718687398645529 0
1747650055668 -0.001561822125813508 0
1747650055687 -0.0007421150278292978 0
1747650055697 0.0021851258988235516 0
1747650055709 0.00036900369003695804 0
1747650055718 0.0022310335712398166 0
1747650055741 -0.0007863008911410397 0
1747650055750 -0.002736797092153092 0
1747650055761 0.000983108410045512 0
1747650055770 -0.0028973614442621754 0
1747650055782 -0.0005954507562225535 0
1747650055792 0.0012705404031848695 0
1747650055804 -0.00031673969276251003 0
1747650055817 0.0007730180388169609 0
1747650055845 -0.0005366800148618307 0
1747650055859 -0.002019301374174061 0
1747650055871 -4.284123040003725e-05 0
1747650055879 -0.00017335028313880235 0
1747650055889 0.004870757639615992 0
1747650055908 0.00012373685295937774 0
1747650055919 -0.000601658859426677 0
1747650055936 0.000976645435244148 0
1747650055948 -9.188220701056147e-05 0
1747650055958 -0.0004398504508467809 0
1747650055974 -0.000851284328965863 0
1747650055988 0.0018396443354285537 0
1747650056018 -0.0010017028949213449 0
1747650056038 9.918893967013929e-05 0
1747650056053 -0.00041931651408206217 0
1747650056062 0.00044260027662512414 0
1747650056074 0.0004860267314701773 0
1747650056090 -0.00036186770428014173 0
1747650056102 -0.0018792924147325067 0
1747650056114 0.008762000586928253 0
1747650056122 -0.004973680938367698 0
1747650056133 -0.018052638634434064 0
1747650056143 0.0008305647840530983 0
1747650056155 -0.005021520803443401 0
1747650056166 0.0007966904455620134 0
1747650056176 -0.007404965384322786 0
1747650056187 0.0030294659300183894 0
1747650056196 4.1955108034305406e-05 0
1747650056207 -0.0007706139224248944 0
1747650056219 0.004721649138697415 0
1747650056231 -0.0022618414050027467 0
1747650056283 0.0015497011290679717 0
1747650056298 -0.002832369942196502 0
1747650056318 -0.0011271319807748983 0
1747650056330 0.00030317467192160323 0
1747650056342 0.00015220038267520214 0
1747650056357 0.0 0
1747650056374 -0.0024668867888724914 0
1747650056382 -0.0010116906474819196 0
1747650056393 0.00033600739216273977 0
1747650056406 0.00035788845809723994 0
1747650056416 0.00021108922037707073 0
1747650056428 7.475238273229095e-05 0
1747650056447 -0.0004304654766685836 0
1747650056460 0.0006079819342510682 0
1747650056477 -0.000504490795110574 0
1747650056488 0.00012791813239530975 0
1747650056499 -0.0012883109123668335 0
1747650056509 0.00023056526918496052 0
1747650056517 -0.002342772491172782 0
1747650056529 0.0012539345394989249 0
1747650056540 -0.002586698233153626 0
1747650056551 -0.0028349007784727012 0
1747650056562 -0.000404367165386186 0
1747650056572 0.0004595493104689887 0
1747650056584 0.0017913897717422023 0
1747650056594 -0.0002362055933484035 0
1747650056603 -0.0028414243395200166 0
1747650056615 -0.00034184138559709593 0
1747650056625 0.0013216798124066854 0
1747650056635 -0.00015533244932756593 0
1747650056654 -0.0036987781564291676 0
1747650056686 -0.0019384540828688707 0
1747650056695 0.0005134348793428228 0
1747650056704 -0.0015625996555902637 0
1747650056716 0.0007483551381987917 0
1747650056734 -0.0008484848484848088 0
1747650056746 0.0010511562718991288 0
1747650056757 -0.0004762935700367713 0
1747650056766 -0.006349901467046182 0
1747650056775 0.0012358211590236437 0
1747650056784 -0.0018731988472623189 0
1747650056795 -0.00040864279511667353 0
1747650056809 4.272591326629649e-05 0
1747650056821 0.0 0
1747650056834 -0.000663570006635679 0
1747650056847 -0.0018318889593461425 0
1747650056859 -0.0005000500050004005 0
1747650056871 0.0 0
1747650056880 0.00017046665246116922 0
1747650056892 5.2578999947485264e-05 0
1747650056903 0.00028487323141203243 0
1747650056912 0.0002151925973746075 0
1747650056923 0.0017116391461942445 0
1747650056940 0.00037844383893422684 0
1747650056956 -0.002105490704712503 0
1747650056968 0.00022703193582564808 0
1747650056979 0.0003052201238934766 0
1747650056995 0.0 0
1747650057006 -0.00042326250740716 0
1747650057017 7.307647668213841e-05 0
1747650057029 0.0035252643948296227 0
1747650057055 -0.00016403095558553031 0
1747650057078 -0.0016653482659560828 0
1747650057091 0.0008933756197793171 0
1747650057103 0.00023080030004046713 0
1747650057115 -0.014122556965327089 0
1747650057135 -0.005578690971949378 0
1747650057159 0.0008215984867303507 0
1747650057168 0.00021003990758239888 0
1747650057177 -0.0024249061326657387 0
1747650057189 0.0023632229009676207 0
1747650057211 -0.0006836348338240495 0
1747650057218 0.0014576657527005817 0
1747650057228 -0.0006916064130776003 0
1747650057242 0.0019776374838366014 0
1747650057255 -0.0008289725920935827 0
1747650057269 0.0019465717286069337 0
1747650057282 0.0017553605154982917 0
1747650057290 -0.0023336623664135547 0
1747650057304 -0.000476364968852991 0
1747650057312 -0.0006614030011161916 0
1747650057324 0.0015104436388745097 0
1747650057334 -0.0001924310455420214 0
1747650057345 0.0002606882168925446 0
1747650057364 0.0017271157167529857 0
1747650057376 0.0015807080101459127 0
1747650057386 -0.006001221622722301 0
1747650057396 -0.0005503577325261629 0
1747650057412 0.0121436434726493 0
1747650057423 -0.0003045820563095741 0
1747650057434 0.001521298174442048 0
1747650057458 0.0 0
1747650057503 0.0013591947689368536 0
1747650057517 0.0011204481792716303 0
1747650057529 0.00011929170549858892 0
1747650057543 -0.0015020732842514588 0
1747650057555 0.00360677738634466 0
1747650057567 4.7454088169753816e-05 0
1747650057575 -0.0009644892590968201 0
1747650057587 0.0006109357499236562 0
1747650057598 -0.0007531584062197744 0
1747650057610 -0.0020697077572645567 0
1747650057624 -0.0002580756161555434 0
1747650057636 0.0003196055154781047 0
1747650057648 -0.00037023324694563357 0
1747650057661 -0.0033066259697316293 0
1747650057678 0.0010726072607260644 0
1747650057691 0.0006885327991988613 0
1747650057711 -0.00025826446280986597 0
1747650057725 0.0 0
1747650057737 0.0035252643948296227 0
1747650057760 0.000974805038992194 0
1747650057771 -0.0029275936005277075 0
1747650057785 -0.00023681250370027448 0
1747650057799 0.0005215287049398903 0
1747650057821 -0.0033364661654134375 0
1747650057833 -0.00256314853859197 0
1747650057844 0.00483525247993626 0
1747650057856 -0.0012049742710119407 0
1747650057886 0.0013456686291000851 0
1747650057898 -0.0022042615723731752 0
1747650057910 -0.0017599214696396102 0
1747650057917 -0.00020714655618857256 0
1747650057926 0.000755287009063428 0
1747650057938 -3.3393760137313645e-05 0
1747650057955 -0.0001445504481063946 0
1747650057967 0.0002731494127286806 0
1747650057990 0.004702784048156408 0
1747650057998 -0.006351376545895322 0
1747650058013 0.001564529460384853 0
1747650058022 -0.00017613386173497735 0
1747650058052 0.0021056589584507383 0
1747650058070 0.0006884681583476007 0
1747650058083 -0.0003455652460096157 0
1747650058110 0.0001836166836942743 0
1747650058123 -8.890996384328475e-05 0
1747650058138 0.000980437928941631 0
1747650058156 -0.0022342064714946006 0
1747650058167 -0.0008061420345489748 0
1747650058181 -0.006750752571141274 0
1747650058197 0.0005058702021373208 0
1747650058209 -0.0008582881395895622 0
1747650058220 0.0033666397460699 0
1747650058229 -0.0007801899592944263 0
1747650058245 0.006535947712418384 0
1747650058262 0.00041067761806978657 0
1747650058282 -0.001897898435576514 0
1747650058297 -0.00023768494860070924 0
1747650058315 0.0013544668587897447 0
1747650058322 0.00014107688690336768 0
1747650058334 -0.0007845774490023894 0
1747650058346 0.0018552875695733103 0
1747650058359 -0.00041931651408206217 0
1747650058370 0.0009311812699539197 0
1747650058380 7.401376656053926e-05 0
1747650058391 -0.0009089031191903334 0
1747650058402 0.0012820512820513306 0
1747650058413 -0.000191168036704225 0
1747650058421 0.003126372178800432 0
1747650058434 -0.0002488181139585583 0
1747650058449 -0.00385045892097598 0
1747650058460 0.00041483939789033127 0
1747650058473 -0.0015599886546280254 0
1747650058485 -0.0005599104143335953 0
1747650058497 -0.0006599026643569347 0
1747650058509 -0.0008636075767171725 0
1747650058536 0.0006564551422319723 0
1747650058547 -0.0037057062052902345 0
1747650058563 -0.0010672988900935862 0
1747650058575 0.0033339198144914216 0
1747650058589 0.00034538337554687013 0
1747650058612 -0.00023304591004428757 0
1747650058624 -0.0002991213310898904 0
1747650058638 0.0009139574356966007 0
1747650058649 -0.002778891613902068 0
1747650058666 0.0012680163996786672 0
1747650058684 -0.0001792315447519362 0
1747650058717 -0.00013041777159501428 0
1747650058728 -0.0013819543509271937 0
1747650058737 -0.00313271311942294 0
1747650058754 -0.0011943203432565588 0
1747650058766 -0.00019109497420214048 0
1747650058775 0.0022342064714946006 0
1747650058788 0.0027981957901770872 0
1747650058804 -0.00023310023310010392 0
1747650058819 0.0011194290911635076 0
1747650058831 0.00014816461088274014 0
1747650058844 0.00020833333333334123 0
1747650058854 0.0 0
1747650058866 0.0004286326618087446 0
1747650058885 0.000560795309711916 0
1747650058903 -0.002113804330973208 0
1747650058914 0.0015077108641337186 0
1747650058926 -0.009010714644925798 0
1747650058938 0.0006813492634711593 0
1747650058949 0.0023764156800618248 0
1747650058960 -0.004294661497166667 0
1747650058968 -0.0015598741758952428 0
1747650058980 0.00022703193582564808 0
1747650058991 0.0010030569354222772 0
1747650059001 0.0001445504481063946 0
1747650059016 0.0010167768174887202 0
1747650059031 0.0002731494127286806 0
1747650059048 -0.0030766404922624863 0
1747650059065 0.00197010578611501 0
1747650059077 0.0006740058413839843 0
1747650059089 -0.00104471374843287 0
1747650059101 0.0003131850923895399 0
1747650059114 0.00042854081851287807 0
1747650059130 0.0005011589300256292 0
1747650059142 0.000676275413162086 0
1747650059158 -8.803204366384487e-05 0
1747650059173 -0.0007424229190322063 0
1747650059183 -0.00018472859975731906 0
1747650059197 0.003200160008000403 0
1747650059209 -0.0010870037827732568 0
1747650059223 -0.0005202913631634529 0
1747650059230 -0.0002203047549109685 0
1747650059243 -0.0004300047778308811 0
1747650059265 -0.0006339010269196876 0
1747650059276 -0.004125491302850045 0
1747650059288 -0.00041900018294381363 0
1747650059298 0.0004711425206124334 0
1747650059316 0.010255442305272446 0
1747650059328 -0.0011278725504018055 0
1747650059340 -0.00038390605592988436 0
1747650059351 0.003715279825440865 0
1747650059363 -4.17710944027244e-05 0
1747650059374 -0.0003442510081635633 0
1747650059385 -0.0014800917239941203 0
1747650059395 0.0003861003861004465 0
1747650059406 -0.0011922777089925162 0
1747650059417 0.00047494656851099015 0
1747650059438 0.0006422607578677186 0
1747650059446 -0.0021191085129703994 0
1747650059457 -0.00280693190139144 0
1747650059486 -0.0013655524550258082 0
1747650059498 0.001144119619678854 0
1747650059510 0.0011424702746160463 0
1747650059540 -0.0005202913631634529 0
1747650059554 -0.0006918110074818341 0
1747650059566 0.00017118890695888624 0
1747650059574 0.0002210799756812765 0
1747650059585 -0.0011417938850593087 0
1747650059598 0.001321564937893681 0
1747650059608 0.0 0
1747650059616 0.0048139181352401155 0
1747650059629 0.0 0
1747650059641 -0.00030910706696028436 0
1747650059655 -0.003246832507384778 0
1747650059667 -0.002911299612524784 0
1747650059678 0.00033428046130714825 0
1747650059686 0.001080256719832208 0
1747650059698 0.000612048614147038 0
1747650059733 0.0010513036164844804 0
1747650059746 -0.0003997412201574797 0
1747650059757 0.0 0
1747650059767 -5.91715976329982e-05 0
1747650059784 0.0006973987028383978 0
1747650059794 0.002083478019306852 0
1747650059805 -0.000881629622755413 0
1747650059821 0.0025507246376811187 0
1747650059832 -0.0021127872995813785 0
1747650059841 0.00115570965017557 0
1747650059853 0.0009354536950419726 0
1747650059862 -0.0011798017932989101 0
1747650059873 -0.00029431550622273166 0
1747650059885 0.002053388090349105 0
1747650059896 -0.000629663070854926 0
1747650059908 0.0005892404690355054 0
1747650059920 -0.0007950563480411152 0
1747650059932 0.0032885906040268113 0
1747650059944 0.00035268703434286115 0
1747650060868 0.0020274293707879796 0
1747650060887 -0.0005549594879574001 0
1747650060897 -0.00038459894876288796 0
1747650060912 -0.0015269118208424042 0
1747650060951 -0.0021574376279248726 0
1747650060959 -0.0002496878901374117 0
1747650060971 0.001460111448120175 0
1747650060979 -0.00013428827215756998 0
1747650060990 0.0006614194060453592 0
1747650061001 -4.478280340354779e-05 0
1747650061030 0.005217235670499721 0
1747650061044 0.0008868917400816276 0
1747650061059 0.0 0
1747650061071 -0.0002260568156129993 0
1747650061108 0.00039443286189223245 0
1747650061128 -6.877579092155749e-05 0
1747650061154 -0.0010998307952622588 0
1747650061166 -0.00021413276231274335 0
1747650061185 0.0006524292114305846 0
1747650061200 7.061149555147847e-05 0
1747650061215 -0.0003007777252610944 0
1747650061226 0.0008364083640836144 0
1747650061233 0.000679427406695789 0
1747650061242 0.0 0
1747650061260 0.0005221737346611222 0
1747650061274 -0.0013656641680070926 0
1747650061325 -0.0013793103448275568 0
1747650061343 0.0014535587964533718 0
1747650061352 0.0006607444387343323 0
1747650061360 -0.00014755791648222487 0
1747650061371 0.00034320034320045785 0
1747650061379 0.0007644164158426157 0
1747650061391 0.000976811347999647 0
1747650061404 -0.002661128951295179 0
1747650061426 -0.0015298317185110217 0
1747650061438 0.0014749262536874414 0
1747650061455 -0.0003932517991270425 0
1747650061467 0.002381692036864418 0
1747650061494 0.0 0
1747650061526 0.0002714195241110712 0
1747650061535 0.0 0
1747650061555 -0.0010422094841062832 0
1747650061568 0.0006287613401600153 0
1747650061595 0.000665188470066544 0
1747650061612 -0.0003642987249545381 0
1747650061620 0.0019379844961241045 0
1747650061630 -5.646208570951512e-05 0
1747650061645 -0.0003824741829926625 0
1747650061660 -6.766357669662668e-05 0
1747650061672 0.0009153783563873414 0
1747650061700 -8.698677800984883e-05 0
1747650061733 -0.001393282120801423 0
1747650061742 -0.0011085056491154702 0
1747650061764 -0.0002674099291364764 0
1747650061773 0.0006539235412473906 0
1747650061785 -0.000679706970772626 0
1747650061799 0.0007679508511455558 0
1747650061811 0.0005920663114269724 0
1747650061820 0.00017257248044179208 0
1747650061837 -0.0005053057099544496 0
1747650061851 -0.0007257513661201955 0
1747650061871 0.0 0
1747650061880 -0.0012049742710119407 0
1747650061896 -0.0037140007215772227 0
1747650061908 0.000622148486105374 0
1747650061927 0.0005927243091057936 0
1747650061941 -0.0011548331907612263 0
1747650061953 0.0006250000000000977 0
1747650061967 -0.0032781943554768354 0
1747650061982 -0.00036269430051812617 0
1747650061993 -0.00013354700854693454 0
1747650062008 3.865929562768091e-05 0
1747650062026 0.0023771118091519203 0
1747650062037 -0.001186361995151374 0
1747650062049 -0.0015218641144442392 0
1747650062059 -0.0005700254319038027 0
1747650062066 -0.0002673439379762165 0
1747650062086 -0.0008769588591908982 0
1747650062100 0.0007886435331230583 0
1747650062124 0.00024722897523590706 0
1747650062136 -0.0005424832169254166 0
1747650062151 3.8839476443905005e-05 0
1747650062168 -0.0005190760446404366 0
1747650062181 -0.002452040963507954 0
1747650062192 -0.0006398172441482831 0
1747650062205 -0.0011571498509056833 0
1747650062221 0.004227613271494797 0
1747650062232 0.0034859768657898352 0
1747650062247 0.0007653061224488273 0
1747650062267 -0.001178967224711086 0
1747650062277 -0.0012989956758263901 0
1747650062289 -0.0008257279443720949 0
1747650062297 0.0003405000486429346 0
1747650062316 0.0009352946178046943 0
1747650062338 -0.0010504201680672667 0
1747650062351 -0.0013477088948786774 0
1747650062363 -0.00016801639840045046 0
1747650062375 -0.001474912264061395 0
1747650062394 -0.0007468259895444202 0
1747650062408 -0.00059382422802857 0
1747650062417 -7.515689000784982e-05 0
1747650062429 -0.0011579434923575484 0
1747650062452 -0.00014008218154651258 0
1747650062476 0.0007271171941830393 0
1747650062488 6.0116475671607136e-05 0
1747650062506 0.0 0
1747650062521 0.00035591938425942604 0
1747650062541 -0.0037435456110156327 0
1747650062553 0.0008011393982553268 0
1747650062561 -0.001360443622920499 0
1747650062607 -0.0017097670442401858 0
1747650062625 -8.24130542278904e-05 0
1747650062636 0.00033029773981970047 0
1747650062644 0.0013117621337997874 0
1747650062653 4.514672686235766e-05 0
1747650062661 0.001391465677179851 0
1747650062672 -0.0018954175493365436 0
1747650062688 -0.0003368893879842913 0
1747650062699 0.0 0
1747650062712 -0.0005496518871381667 0
1747650062724 -0.0011556240369800129 0
1747650062737 -7.345109993031123e-05 0
1747650062760 0.0005549594879574001 0
1747650062772 0.0022949713128586364 0
1747650062788 -0.00042211903756851036 0
1747650062798 -0.0017370945205996515 0
1747650062817 -3.8889320992503004e-05 0
1747650062828 0.0023639274726932847 0
1747650062840 -0.000834706205381586 0
1747650062851 -0.0005764020981037272 0
1747650062860 0.0 0
1747650062868 0.0010256410256410037 0
1747650062876 -0.00020278948198554204 0
1747650062883 -0.0002606202762576262 0
1747650062894 0.000669036169768003 0
1747650062906 0.0028120347736587457 0
1747650062919 0.0002141511050196593 0
1747650062931 0.0005543710021321162 0
1747650062954 0.0 0
1747650062976 -0.002110564354913115 0
1747650062989 4.403152657292367e-05 0
1747650063001 -0.00013075313807531876 0
1747650063025 0.0005150656708730559 0
1747650063037 -0.0003298969072164585 0
1747650063049 8.583690987119706e-05 0
1747650063065 0.0003632323404983337 0
1747650063082 -0.0014527845036318443 0
1747650063093 0.00023679848448977835 0
1747650063105 -0.00014107688690336768 0
1747650063125 -0.000364778131781842 0
1747650063172 0.0002203586440874577 0
1747650063188 0.0008846947803008298 0
1747650063200 0.0 0
1747650063211 -0.0002973914521200378 0
1747650063221 -0.0013111872104309642 0
1747650063245 0.0004199034222128075 0
1747650063274 -0.0016638935108154412 0
1747650063285 -0.0002731494127286806 0
1747650063293 -5.641112427377572e-05 0
1747650063304 -0.000934361130576948 0
1747650063316 -0.0026982699328077023 0
1747650063332 0.0014795144157815432 0
1747650063344 0.00014806588932079717 0
1747650063362 0.00042256496936395564 0
1747650063376 -0.0008255041471756278 0
1747650063387 0.0014159555837090678 0
1747650063395 0.000256235052955254 0
1747650063405 -0.0005651313930489722 0
1747650063428 -0.0029144587433762954 0
1747650063439 -0.00041067761806978657 0
1747650063450 -0.00038390172115939774 0
1747650063464 -0.00014719952896142575 0
1747650063475 0.00309863183486682 0
1747650063489 -0.0011058888581698427 0
1747650063500 -0.0005679335954566044 0
1747650063510 0.004657933042212522 0
1747650063522 -0.0004273504273504942 0
1747650063534 0.0008346512036549774 0
1747650063565 0.0002606202762576262 0
1747650063580 0.001215516330197637 0
1747650063594 0.0005643340857786688 0
1747650063605 0.0010251737099897871 0
1747650063625 4.403152657292367e-05 0
1747650063633 0.001147501792971595 0
1747650063644 -0.0008239551935251048 0
1747650063652 0.00151827071538851 0
1747650063669 -0.0016470015274610305 0
1747650063681 -0.0011879507848959988 0
1747650063689 -0.0011025358324144908 0
1747650063710 0.00041237113402068303 0
1747650063722 -0.000381242851696658 0
1747650063734 0.000449034575662305 0
1747650063752 -0.0003248055942986283 0
1747650063784 0.0011964789334244377 0
1747650063796 0.00015405946695425018 0
1747650063805 0.002971710856392967 0
1747650063817 0.0018181818181817674 0
1747650063828 -0.0011563296255743592 0
1747650063845 -8.410782623318438e-05 0
1747650063866 0.0004393054001409161 0
1747650063880 0.0023771118091519203 0
1747650063892 -0.004396838018616455 0
1747650063902 -0.0013153407706923087 0
1747650063923 -0.001289767841788527 0
1747650063943 -0.0018161648995175645 0
1747650063965 -0.0006771397616467895 0
1747650063978 -0.0001164208892337653 0
1747650063990 -0.0007586400674345683 0
1747650064002 0.0010560021801334924 0
1747650064010 0.0 0
1747650064018 0.0003402517863218407 0
1747650064049 -0.0009936242444316017 0
1747650064071 -0.0015384615384615968 0
1747650064088 -0.0017237030185823748 0
1747650064100 -0.002269043760129669 0
1747650064110 0.00045709061821507847 0
1747650064123 0.00015441630636195766 0
1747650064139 0.0018383138814073476 0
1747650064152 -0.0006691947356681048 0
1747650064177 0.0012589928057554966 0
1747650064195 8.802042073756233e-05 0
1747650064215 -0.0008547008547009884 0
1747650064225 -0.0013698630136986115 0
1747650064237 -0.0002059018971052254 0
1747650064249 0.0009099581712775756 0
1747650064262 0.0019776374838366014 0
1747650064269 0.00030887349424177954 0
1747650064281 -0.001788130678523054 0
1747650064290 0.006010131364299844 0
1747650064300 -0.00042680324370471885 0
1747650064312 -0.002886115444617848 0
1747650064322 -0.0007322536181943255 0
1747650064333 -0.0020774595637335263 0
1747650064343 0.0031041761516494696 0
1747650064355 0.0012191267440284225 0
1747650064368 0.0 0
1747650064380 -0.0008006834884749603 0
1747650064389 -0.0009337068160599031 0
1747650064399 -0.001032856951473059 0
1747650064409 -0.0002064409578861502 0
1747650064419 4.74023511566753e-05 0
1747650064434 0.0037057062052902345 0
1747650064446 -0.006389615616824254 0
1747650064463 0.0019475624057631832 0
1747650064479 -4.26985482494117e-05 0
1747650064493 -0.001728876673464025 0
1747650064504 -0.0002706359945871988 0
1747650064517 7.005253940463902e-05 0
1747650064529 -0.0005031511787743995 0
1747650064543 0.0008817427385891835 0
1747650064559 -0.000933093269900518 0
1747650064578 0.00042326250740716 0
1747650064588 0.003941267387944408 0
1747650064599 -0.0011110037677518928 0
1747650064611 0.0008468834688346703 0
1747650064623 -0.0018893486141115497 0
1747650064634 -0.0003709886848450384 0
1747650064645 0.00069897483690576 0
1747650064657 -0.00011145372812721007 0
1747650064669 7.475797106862376e-05 0
1747650064680 0.000766675185279752 0
1747650064703 0.000991320237551355 0
1747650064717 -0.00025199496010080757 0
1747650064741 0.00323925832154292 0
1747650064750 -0.0005359719645434622 0
1747650064766 -0.00017391304347831894 0
1747650064779 -0.0002712967986977455 0
1747650064800 0.00021267545725219076 0
1747650064815 0.00048579062424089866 0
1747650064823 -0.0013386880856760882 0
1747650064839 0.0012267749202596238 0
1747650064859 -0.0010126582278481022 0
1747650064883 0.0012532252119425902 0
1747650064895 0.00018684603886407166 0
1747650064913 0.0020168855534708845 0
1747650064926 0.0005041246562786083 0
1747650064945 0.0 0
1747650064973 0.0004418912947414057 0
1747650064987 0.0021093000958773 0
1747650065002 -0.0008728905145897745 0
1747650065014 -0.0003716858016023929 0
1747650065029 0.0021437271619975874 0
1747650065041 0.00017963625848348017 0
1747650065059 -0.001561822125813508 0
1747650065076 -0.0010019529591577584 0
1747650065088 0.01667627835447911 0
1747650065096 0.0012325571158162915 0
1747650065105 -0.00025795356835755265 0
1747650065117 0.00033967391304344085 0
1747650065129 0.0002794466955427944 0
1747650065141 -0.0022132545323340744 0
1747650065158 -0.0016623129897886555 0
1747650065171 0.0008399244068034194 0
1747650065197 0.0008576329331046129 0
1747650065220 0.0005217968787059073 0
1747650065230 0.0016462480857580115 0
1747650065242 0.0006165919282510781 0
1747650065254 -0.0008488964346349153 0
1747650065272 -0.001768158992856663 0
1747650065281 0.0007021415316715656 0
1747650065293 -0.003144130529443358 0
1747650065305 -0.0005217968787059073 0
1747650065317 0.0007679508511455558 0
1747650065344 0.00208188757807074 0
1747650065356 -4.7018995674142814e-05 0
1747650065367 0.00016681958461929 0
1747650065380 0.00023702299123010218 0
1747650065410 -0.0035313187449345805 0
1747650065419 0.001593202336696686 0
1747650065444 0.0003520816829504057 0
1747650065456 0.0009262664650675138 0
1747650065466 -0.0026982699328077023 0
1747650065479 -0.0019776374838366014 0
1747650065498 -0.0006813492634711593 0
1747650065505 -0.0007322536181943255 0
1747650065512 -0.00012385434728759447 0
1747650065523 0.0005416384563303398 0
1747650065534 -0.00019323671497580697 0
1747650065551 -0.002128676310873604 0
1747650065569 -0.0017425939756036029 0
1747650065581 -0.00015651085141903765 0
1747650065595 0.0008674280757552469 0
1747650065633 0.0003333111125925065 0
1747650065662 0.00014951035359203615 0
1747650065701 0.0002199252254233123 0
1747650065713 -0.00631708938918983 0
1747650065724 -3.664480193476014e-05 0
1747650065736 0.0003424804144014158 0
1747650065744 -0.00033978933061503156 0
1747650065761 0.0002794076557697373 0
1747650065773 0.0011660571367996218 0
1747650065786 -0.004305705059203426 0
1747650065807 -0.0016637397171641469 0
1747650065828 0.011945694941689403 0
1747650065840 0.0006186113647745249 0
1747650065865 -0.00035095928872252145 0
1747650065890 0.0001582528881152141 0
1747650065903 -0.0011889377100025686 0
1747650065915 -5.9199621122497165e-05 0
1747650065933 -0.001515566928654101 0
1747650065950 0.0002845216002853113 0
1747650065959 0.0002963841138116513 0
1747650065987 0.0 0
1747650066008 -0.0011922777089925162 0
1747650066045 0.0033112711623690424 0
1747650066068 5.09450303121743e-05 0
1747650066077 0.002793079370005537 0
1747650066085 0.002368524935304114 0
1747650066102 0.0002175805047867278 0
1747650066114 -0.0017174654789437757 0
1747650066125 -0.001522202409428963 0
1747650066140 -0.0009673731422037843 0
1747650066151 -0.002665482007996389 0
1747650066163 -0.0002637246714430235 0
1747650066172 -0.00037844383893422684 0
1747650066187 -1.1661807580147748e-05 0
1747650066199 0.0003560619547800925 0
1747650066219 0.00022123893805310572 0
1747650066232 -0.000823335685721038 0
1747650066239 0.0008168599901976005 0
1747650066251 0.0 0
1747650066269 0.0001164208892337653 0
1747650066284 0.0005952380952379768 0
1747650066295 0.0015413070283601807 0
1747650066306 -0.003961780470752613 0
1747650066323 -0.003078185922429831 0
1747650066333 -0.003580908257323544 0
1747650066349 -0.010777821062199815 0
1747650066360 -0.00011853959222373705 0
1747650066381 4.6509464676118416e-05 0
1747650066402 -0.0007742662067995361 0
1747650066415 -4.695056105926204e-05 0
1747650066426 -0.00181870503597121 0
1747650066438 -0.002995726683994794 0
1747650066447 0.0005132152938158359 0
1747650066467 0.0021883820608425723 0
1747650066479 0.0045515241692418865 0
1747650066497 0.00013935987364705317 0
1747650066510 0.00013296457823642587 0
1747650066521 0.0017781213761113015 0
1747650066544 0.0018587360594795805 0
1747650066561 -9.569988516014144e-05 0
1747650066575 0.0 0
1747650066597 0.0014932126696833145 0
1747650066609 -0.008155607458743249 0
1747650066630 0.00033909799932173654 0
1747650066650 0.00034381983840463807 0
1747650066668 0.0016849199663015648 0
1747650066681 0.0002147674068982864 0
1747650066693 0.0004203446826398303 0
1747650066705 0.00227959497428825 0
1747650066733 0.004657933042212522 0
1747650066747 0.0021005881646861207 0
1747650066766 0.0002888642819315501 0
1747650066781 -0.001053518752633737 0
1747650066793 -0.0011510898221381441 0
1747650066804 0.0024263226417327714 0
1747650066814 0.00035659099013432945 0
1747650066838 0.0006745575339341058 0
1747650066850 0.0010082339102672202 0
1747650066862 -0.000771803447388761 0
1747650066877 0.0008493019799353358 0
1747650066887 -0.0015877589996552393 0
1747650066904 0.002621483375958989 0
1747650066921 0.0 0
1747650066935 -0.0019276619489676991 0
1747650066989 0.0008006834884749603 0
1747650066998 -0.000675949709341559 0
1747650067015 -0.0029331932405218535 0
1747650067027 0.0014309184376491084 0
1747650067040 0.0 0
1747650067058 -0.0002147674068982864 0
1747650067070 0.0017853157777281475 0
1747650067083 -0.003084832904884253 0
