1747650029571 0.0 0
1747650029585 inf 0
1747650029597 inf 0
1747650029640 0.0 0
1747650029688 0.0 0
1747650029704 inf 0
1747650029716 inf 0
1747650029732 0.0 0
1747650029744 0.0 0
1747650029754 0.0 0
1747650029775 0.0 0
1747650029788 inf 0
1747650029800 inf 0
1747650029815 inf 0
1747650029826 0.0 0
1747650029839 0.0 0
1747650029872 0.0 0
1747650029892 0.0 0
1747650029923 inf 0
1747650029933 0.0 0
1747650029944 inf 0
1747650029955 0.0 0
1747650029971 0.0 0
1747650029984 0.0 0
1747650030000 0.0 0
1747650030011 inf 0
1747650030022 inf 0
1747650030032 inf 0
1747650030056 0.0 0
1747650030071 inf 0
1747650030086 inf 0
1747650030101 inf 0
1747650030115 inf 0
1747650030129 inf 0
1747650030139 0.0 0
1747650030153 0.0 0
1747650030167 inf 0
1747650030192 0.0 0
1747650030207 0.0 0
1747650030221 0.0 0
1747650030236 inf 0
1747650030253 inf 0
1747650030284 0.0 0
1747650030298 0.0 0
1747650030309 0.0 0
1747650030322 inf 0
1747650030337 0.0 0
1747650030361 inf 0
1747650030374 0.0 0
1747650030388 inf 0
1747650030404 inf 0
1747650030430 0.0 0
1747650030445 0.0 0
1747650030467 0.0 0
1747650030481 0.0 0
1747650030495 inf 0
1747650030522 0.0 0
1747650030539 0.0 0
1747650030566 inf 0
1747650030577 inf 0
1747650030588 0.0 0
1747650030599 inf 0
1747650030608 inf 0
1747650030617 0.0 0
1747650030625 0.0 0
1747650030637 0.0 0
1747650030649 0.0 0
1747650030663 inf 0
1747650030692 0.0 0
1747650030703 0.0 0
1747650030712 inf 0
1747650030722 0.0 0
1747650030742 0.0 0
1747650030763 inf 0
1747650030774 0.0 0
1747650030785 0.0 0
1747650030797 0.0 0
1747650030815 0.0 0
1747650030839 inf 0
1747650030848 inf 0
1747650030869 0.0 0
1747650030897 0.0 0
1747650030908 0.0 0
1747650030919 inf 0
1747650030930 0.0 0
1747650030938 0.0 0
1747650030970 inf 0
1747650030981 inf 0
1747650031001 0.0 0
1747650031014 0.0 0
1747650031029 inf 0
1747650031043 inf 0
1747650031055 inf 0
1747650031072 inf 0
1747650031085 inf 0
1747650031101 inf 0
1747650031116 inf 0
1747650031130 inf 0
1747650031144 0.0 0
1747650031164 inf 0
1747650031184 0.0 0
1747650031202 inf 0
1747650031217 inf 0
1747650031230 inf 0
1747650031243 0.0 0
1747650031256 0.0 0
1747650031274 0.0 0
1747650031284 0.0 0
1747650031301 0.0 0
1747650031313 inf 0
1747650031329 inf 0
1747650031352 inf 0
1747650031365 inf 0
1747650031377 inf 0
1747650031388 0.0 0
1747650031399 inf 0
1747650031411 inf 0
1747650031428 inf 0
1747650031446 inf 0
1747650031457 0.0 0
1747650031475 inf 0
1747650031487 inf 0
1747650031499 inf 0
1747650031511 0.0 0
1747650031522 0.0 0
1747650031532 inf 0
1747650031543 inf 0
1747650031555 inf 0
1747650031566 inf 0
1747650031579 inf 0
1747650031605 inf 0
1747650031619 0.0 0
1747650031632 0.0 0
1747650031646 0.0 0
1747650031669 inf 0
1747650031684 0.0 0
1747650031698 inf 0
1747650031723 inf 0
1747650031735 inf 0
1747650031746 inf 0
1747650031762 inf 0
1747650031775 inf 0
1747650031789 0.0 0
1747650031803 0.0 0
1747650031816 0.0 0
1747650031828 0.0 0
1747650031846 0.0 0
1747650031855 0.0 0
1747650031885 inf 0
1747650031901 inf 0
1747650031914 inf 0
1747650031927 0.0 0
1747650031938 0.0 0
1747650031970 inf 0
1747650031985 inf 0
1747650031995 0.0 0
1747650032004 0.0 0
1747650032013 0.0 0
1747650032025 inf 0
1747650032036 inf 0
1747650032045 0.0 0
1747650032064 0.0 0
1747650032076 inf 0
1747650032086 0.0 0
1747650032102 inf 0
1747650032116 0.0 0
1747650032125 0.0 0
1747650032134 inf 0
1747650032146 0.0 0
1747650032156 0.0 0
1747650032171 inf 0
1747650032182 0.0 0
1747650032195 0.0 0
1747650032213 inf 0
1747650032225 inf 0
1747650032236 inf 0
1747650032261 inf 0
1747650032273 inf 0
1747650032303 0.0 0
1747650032324 inf 0
1747650032355 inf 0
1747650032381 inf 0
1747650032400 0.0 0
1747650032413 0.0 0
1747650032427 inf 0
1747650032439 0.0 0
1747650032451 0.0 0
1747650032463 inf 0
1747650032481 0.0 0
1747650032509 inf 0
1747650032523 0.0 0
1747650032539 0.0 0
1747650032555 0.0 0
1747650032566 inf 0
1747650032588 inf 0
1747650032601 inf 0
1747650032610 inf 0
1747650032623 inf 0
1747650032642 0.0 0
1747650032655 0.0 0
1747650032666 inf 0
1747650032679 inf 0
1747650032691 inf 0
1747650032700 0.0 0
1747650032712 0.0 0
1747650032726 0.0 0
1747650032740 inf 0
1747650032753 inf 0
1747650032766 0.0 0
1747650032776 0.0 0
1747650032788 inf 0
1747650032799 inf 0
1747650032817 0.0 0
1747650032826 inf 0
1747650032840 inf 0
1747650032849 0.0 0
1747650032860 inf 0
1747650032870 0.0 0
1747650032882 0.0 0
1747650032899 0.0 0
1747650032907 inf 0
1747650032918 inf 0
1747650032929 inf 0
1747650032941 inf 0
1747650032954 0.0 0
1747650032974 inf 0
1747650032991 0.0 0
1747650033002 0.0 0
1747650033014 0.0 0
1747650033025 0.0 0
1747650033037 inf 0
1747650033054 inf 0
1747650033065 0.0 0
1747650033073 inf 0
1747650033085 0.0 0
1747650033095 inf 0
1747650033109 inf 0
1747650033121 inf 0
1747650033134 inf 0
1747650033146 0.0 0
1747650033157 inf 0
1747650033169 0.0 0
1747650033177 inf 0
1747650033186 inf 0
1747650033198 0.0 0
1747650033217 0.0 0
1747650033233 0.0 0
1747650033244 inf 0
1747650033255 inf 0
1747650033266 0.0 0
1747650033278 inf 0
1747650033288 inf 0
1747650033299 inf 0
1747650033313 0.0 0
1747650033320 inf 0
1747650033339 inf 0
1747650033352 inf 0
1747650033365 0.0 0
1747650033377 0.0 0
1747650033387 inf 0
1747650033401 0.0 0
1747650033412 0.0 0
1747650033419 0.0 0
1747650033431 inf 0
1747650033440 inf 0
1747650033472 0.0 0
1747650033479 inf 0
1747650033507 inf 0
1747650033518 inf 0
1747650033529 inf 0
1747650033540 inf 0
1747650033557 inf 0
1747650033569 inf 0
1747650033582 0.0 0
1747650033601 inf 0
1747650033610 inf 0
1747650033625 inf 0
1747650033642 0.0 0
1747650033656 0.0 0
1747650033671 inf 0
1747650033684 inf 0
1747650033712 0.0 0
1747650033726 0.0 0
1747650033739 0.0 0
1747650033754 0.0 0
1747650033788 0.0 0
1747650033804 0.0 0
1747650033825 inf 0
1747650033838 inf 0
1747650033861 0.0 0
1747650033872 0.0 0
1747650033885 inf 0
1747650033908 inf 0
1747650033919 inf 0
1747650033928 inf 0
1747650033942 inf 0
1747650033960 0.0 0
1747650033976 inf 0
1747650033995 0.0 0
1747650034008 0.0 0
1747650034020 inf 0
1747650034029 0.0 0
1747650034043 inf 0
1747650034051 0.0 0
1747650034067 0.0 0
1747650034081 0.0 0
1747650034093 inf 0
1747650034104 inf 0
1747650034117 inf 0
1747650034127 inf 0
1747650034136 0.0 0
1747650034151 inf 0
1747650034165 0.0 0
1747650034185 0.0 0
1747650034194 0.0 0
1747650034203 inf 0
1747650034227 inf 0
1747650034236 inf 0
1747650034255 inf 0
1747650034262 inf 0
1747650034285 inf 0
1747650034297 0.0 0
1747650034304 inf 0
1747650034313 inf 0
1747650034328 0.0 0
1747650034336 0.0 0
1747650034348 0.0 0
1747650034361 inf 0
1747650034377 0.0 0
1747650034406 inf 0
1747650034418 inf 0
1747650034430 0.0 0
1747650034438 0.0 0
1747650034454 0.0 0
1747650034465 0.0 0
1747650034474 inf 0
1747650034514 0.0 0
1747650034527 inf 0
1747650034538 inf 0
1747650034550 inf 0
1747650034567 0.0 0
1747650034594 0.0 0
1747650034612 0.0 0
1747650034624 0.0 0
1747650034632 0.0 0
1747650034644 inf 0
1747650034653 0.0 0
1747650034661 0.0 0
1747650034669 0.0 0
1747650034681 0.0 0
1747650034690 0.0 0
1747650034700 0.0 0
1747650034715 inf 0
1747650034724 inf 0
1747650034733 0.0 0
1747650034744 inf 0
1747650034760 inf 0
1747650034771 0.0 0
1747650034784 0.0 0
1747650034794 0.0 0
1747650034806 inf 0
1747650034816 inf 0
1747650034833 0.0 0
1747650034842 inf 0
1747650034860 inf 0
1747650034871 0.0 0
1747650034883 0.0 0
1747650034904 0.0 0
1747650034920 inf 0
1747650034931 inf 0
1747650034952 inf 0
1747650034963 0.0 0
1747650034976 inf 0
1747650034988 0.0 0
1747650035005 0.0 0
1747650035017 inf 0
1747650035025 inf 0
1747650035036 inf 0
1747650035047 inf 0
1747650035059 inf 0
1747650035066 0.0 0
1747650035075 inf 0
1747650035086 0.0 0
1747650035103 inf 0
1747650035115 0.0 0
1747650035126 0.0 0
1747650035136 0.0 0
1747650035159 inf 0
1747650035173 inf 0
1747650035196 inf 0
1747650035208 inf 0
1747650035219 0.0 0
1747650035242 inf 0
1747650035255 0.0 0
1747650035265 inf 0
1747650035285 inf 0
1747650035301 0.0 0
1747650035317 inf 0
1747650035328 inf 0
1747650035340 0.0 0
1747650035354 inf 0
1747650035375 inf 0
1747650035385 0.0 0
1747650035397 inf 0
1747650035409 0.0 0
1747650035423 0.0 0
1747650035447 0.0 0
1747650035459 inf 0
1747650035470 0.0 0
1747650035481 inf 0
1747650035490 inf 0
1747650035498 inf 0
1747650035510 0.0 0
1747650035519 0.0 0
1747650035531 0.0 0
1747650035541 0.0 0
1747650035549 inf 0
1747650035557 inf 0
1747650035567 inf 0
1747650035575 inf 0
1747650035588 inf 0
1747650035602 inf 0
1747650035613 0.0 0
1747650035623 inf 0
1747650035634 0.0 0
1747650035661 inf 0
1747650035671 inf 0
1747650035687 inf 0
1747650035698 inf 0
1747650035710 0.0 0
1747650035721 inf 0
1747650035729 inf 0
1747650035740 inf 0
1747650035751 inf 0
1747650035763 inf 0
1747650035774 0.0 0
1747650035791 0.0 0
1747650035803 inf 0
1747650035816 0.0 0
1747650035827 inf 0
1747650035839 0.0 0
1747650035846 0.0 0
1747650035863 0.0 0
1747650035876 inf 0
1747650035886 0.0 0
1747650035895 0.0 0
1747650035903 0.0 0
1747650035911 0.0 0
1747650035922 inf 0
1747650035929 inf 0
1747650035941 inf 0
1747650035953 inf 0
1747650035964 0.0 0
1747650035976 inf 0
1747650035987 inf 0
1747650036003 0.0 0
1747650036022 inf 0
1747650036039 inf 0
1747650036050 inf 0
1747650036067 inf 0
1747650036076 0.0 0
1747650036087 inf 0
1747650036099 0.0 0
1747650036108 0.0 0
1747650036119 inf 0
1747650036131 inf 0
1747650036142 inf 0
1747650036152 inf 0
1747650036170 inf 0
1747650036178 0.0 0
1747650036193 inf 0
1747650036202 inf 0
1747650036214 inf 0
1747650036227 inf 0
1747650036239 0.0 0
1747650036255 0.0 0
1747650036272 inf 0
1747650036289 inf 0
1747650036303 0.0 0
1747650036317 0.0 0
1747650036333 0.0 0
1747650036344 inf 0
1747650036357 inf 0
1747650036367 inf 0
1747650036374 0.0 0
1747650036383 inf 0
1747650036391 inf 0
1747650036401 0.0 0
1747650036416 0.0 0
1747650036433 0.0 0
1747650036443 0.0 0
1747650036459 inf 0
1747650036470 inf 0
1747650036482 0.0 0
1747650036493 0.0 0
1747650036504 0.0 0
1747650036517 inf 0
1747650036528 0.0 0
1747650036539 0.0 0
1747650036548 inf 0
1747650036559 inf 0
1747650036566 inf 0
1747650036587 0.0 0
1747650036601 inf 0
1747650036611 0.0 0
1747650036623 inf 0
1747650036635 0.0 0
1747650036645 inf 0
1747650036652 0.0 0
1747650036664 inf 0
1747650036675 inf 0
1747650036686 0.0 0
1747650036696 0.0 0
1747650036708 0.0 0
1747650036726 inf 0
1747650036740 inf 0
1747650036757 0.0 0
1747650036768 inf 0
1747650036785 0.0 0
1747650036792 inf 0
1747650036809 inf 0
1747650036842 inf 0
1747650036854 inf 0
1747650036870 0.0 0
1747650036884 inf 0
1747650036893 0.0 0
1747650036902 0.0 0
1747650036916 0.0 0
1747650036927 0.0 0
1747650036934 0.0 0
1747650036942 0.0 0
1747650036950 0.0 0
1747650036958 0.0 0
1747650036971 0.0 0
1747650036984 inf 0
1747650036995 0.0 0
1747650037016 inf 0
1747650037029 0.0 0
1747650037067 0.0 0
1747650037106 inf 0
1747650037129 0.0 0
1747650037151 0.0 0
1747650037160 0.0 0
1747650037177 0.0 0
1747650037190 0.0 0
1747650037209 inf 0
1747650037221 inf 0
1747650037233 inf 0
1747650037245 inf 0
1747650037267 0.0 0
1747650037280 0.0 0
1747650037295 inf 0
1747650037305 inf 0
1747650037323 0.0 0
1747650037336 inf 0
1747650037343 0.0 0
1747650037355 0.0 0
1747650037366 inf 0
1747650037376 0.0 0
1747650037387 0.0 0
1747650037395 0.0 0
1747650037408 inf 0
1747650037424 0.0 0
1747650037453 0.0 0
1747650037466 0.0 0
1747650037479 0.0 0
1747650037487 0.0 0
1747650037504 0.0 0
1747650037516 inf 0
1747650037527 0.0 0
1747650037538 inf 0
1747650037555 inf 0
1747650037565 0.0 0
1747650037575 inf 0
1747650037591 inf 0
1747650037600 inf 0
1747650037617 inf 0
1747650037628 inf 0
1747650037641 inf 0
1747650037652 0.0 0
1747650037669 0.0 0
1747650037681 0.0 0
1747650037697 0.0 0
1747650037712 inf 0
1747650037726 inf 0
1747650037738 inf 0
1747650037746 inf 0
1747650037754 inf 0
1747650037766 inf 0
1747650037782 inf 0
1747650037794 inf 0
1747650037808 0.0 0
1747650037818 0.0 0
1747650037828 0.0 0
1747650037841 0.0 0
1747650037853 inf 0
1747650037865 0.0 0
1747650037877 0.0 0
1747650037884 0.0 0
1747650037891 inf 0
1747650037902 inf 0
1747650037921 inf 0
1747650037932 inf 0
1747650037974 inf 0
1747650037996 inf 0
1747650038009 inf 0
1747650038026 0.0 0
1747650038037 inf 0
1747650038051 0.0 0
1747650038064 inf 0
1747650038075 0.0 0
1747650038085 0.0 0
1747650038095 inf 0
1747650038112 inf 0
1747650038123 0.0 0
1747650038145 0.0 0
1747650038156 inf 0
1747650038168 inf 0
1747650038179 0.0 0
1747650038196 0.0 0
1747650038213 inf 0
1747650038224 inf 0
1747650038247 0.0 0
1747650038265 inf 0
1747650038287 inf 0
1747650038298 inf 0
1747650038320 0.0 0
1747650038337 0.0 0
1747650038348 0.0 0
1747650038360 0.0 0
1747650038376 0.0 0
1747650038393 inf 0
1747650038403 0.0 0
1747650038411 inf 0
1747650038433 0.0 0
1747650038444 0.0 0
1747650038453 0.0 0
1747650038473 inf 0
1747650038484 inf 0
1747650038495 0.0 0
1747650038512 0.0 0
1747650038529 inf 0
1747650038539 0.0 0
1747650038551 inf 0
1747650038562 0.0 0
1747650038573 inf 0
1747650038584 inf 0
1747650038596 0.0 0
1747650038607 inf 0
1747650038618 0.0 0
1747650038629 0.0 0
1747650038646 0.0 0
1747650038658 inf 0
1747650038702 0.0 0
1747650038714 inf 0
1747650038727 inf 0
1747650038739 0.0 0
1747650038757 inf 0
1747650038769 0.0 0
1747650038780 0.0 0
1747650038791 inf 0
1747650038803 0.0 0
1747650038814 inf 0
1747650038825 inf 0
1747650038837 inf 0
1747650038853 0.0 0
1747650038871 0.0 0
1747650038883 inf 0
1747650038899 inf 0
1747650038910 0.0 0
1747650038927 0.0 0
1747650038940 inf 0
1747650038950 inf 0
1747650038958 0.0 0
1747650038969 inf 0
1747650038980 0.0 0
1747650038991 inf 0
1747650039017 0.0 0
1747650039036 inf 0
1747650039047 inf 0
1747650039058 inf 0
1747650039075 inf 0
1747650039092 0.0 0
1747650039106 inf 0
1747650039116 inf 0
1747650039132 inf 0
1747650039143 0.0 0
1747650039153 0.0 0
1747650039164 0.0 0
1747650039175 inf 0
1747650039198 0.0 0
1747650039226 0.0 0
1747650039241 0.0 0
1747650039252 inf 0
1747650039263 inf 0
1747650039275 inf 0
1747650039289 inf 0
1747650039301 0.0 0
1747650039312 inf 0
1747650039333 0.0 0
1747650039345 0.0 0
1747650039356 0.0 0
1747650039373 inf 0
1747650039383 inf 0
1747650039395 0.0 0
1747650039411 0.0 0
1747650039432 inf 0
1747650039441 inf 0
1747650039458 0.0 0
1747650039469 0.0 0
1747650039481 0.0 0
1747650039493 inf 0
1747650039504 inf 0
1747650039515 0.0 0
1747650039533 0.0 0
1747650039549 inf 0
1747650039560 0.0 0
1747650039576 0.0 0
1747650039587 inf 0
1747650039604 0.0 0
1747650039615 inf 0
1747650039626 inf 0
1747650039643 0.0 0
1747650039658 inf 0
1747650039669 inf 0
1747650039680 inf 0
1747650039695 inf 0
1747650039715 inf 0
1747650039726 inf 0
1747650039735 0.0 0
1747650039750 inf 0
1747650039760 inf 0
1747650039777 inf 0
1747650039787 0.0 0
1747650039814 inf 0
1747650039825 inf 0
1747650039841 0.0 0
1747650039851 0.0 0
1747650039867 0.0 0
1747650039877 inf 0
1747650039889 0.0 0
1747650039901 0.0 0
1747650039913 inf 0
1747650039933 inf 0
1747650039950 0.0 0
1747650039961 0.0 0
1747650039973 inf 0
1747650039987 0.0 0
1747650039995 inf 0
1747650040006 inf 0
1747650040018 0.0 0
1747650040034 inf 0
1747650040045 0.0 0
1747650040057 0.0 0
1747650040073 0.0 0
1747650040085 0.0 0
1747650040099 inf 0
1747650040112 0.0 0
1747650040123 inf 0
1747650040135 0.0 0
1747650040145 inf 0
1747650040154 0.0 0
1747650040161 inf 0
1747650040176 inf 0
1747650040188 inf 0
1747650040198 inf 0
1747650040211 inf 0
1747650040223 0.0 0
1747650040232 inf 0
1747650040241 0.0 0
1747650040257 inf 0
1747650040265 inf 0
1747650040275 0.0 0
1747650040288 0.0 0
1747650040300 inf 0
1747650040312 inf 0
1747650040329 0.0 0
1747650040344 0.0 0
1747650040356 0.0 0
1747650040373 inf 0
1747650040383 inf 0
1747650040394 inf 0
1747650040407 0.0 0
1747650040420 inf 0
1747650040431 inf 0
1747650040440 0.0 0
1747650040454 0.0 0
1747650040461 0.0 0
1747650040472 inf 0
1747650040482 inf 0
1747650040497 inf 0
1747650040509 0.0 0
1747650040524 inf 0
1747650040538 0.0 0
1747650040548 0.0 0
1747650040560 0.0 0
1747650040578 0.0 0
1747650040587 inf 0
1747650040594 inf 0
1747650040607 inf 0
1747650040625 0.0 0
1747650040642 inf 0
1747650040650 0.0 0
1747650040658 0.0 0
1747650040667 0.0 0
1747650040679 0.0 0
1747650040686 0.0 0
1747650040698 0.0 0
1747650040712 inf 0
1747650040730 inf 0
1747650040741 inf 0
1747650040754 0.0 0
1747650040766 0.0 0
1747650040777 inf 0
1747650040786 inf 0
1747650040803 0.0 0
1747650040811 0.0 0
1747650040822 inf 0
1747650040830 inf 0
1747650040843 0.0 0
1747650040855 inf 0
1747650040866 inf 0
1747650040878 inf 0
1747650040895 0.0 0
1747650040912 inf 0
1747650040924 0.0 0
1747650040932 inf 0
1747650040943 0.0 0
1747650041879 0.0 0
1747650041890 0.0 0
1747650041902 0.0 0
1747650041913 0.0 0
1747650041928 inf 0
1747650041939 inf 0
1747650041956 0.0 0
1747650041971 0.0 0
1747650041991 inf 0
1747650042008 0.0 0
1747650042034 inf 0
1747650042048 0.0 0
1747650042062 0.0 0
1747650042075 inf 0
1747650042093 inf 0
1747650042109 inf 0
1747650042124 inf 0
1747650042156 0.0 0
1747650042174 inf 0
1747650042189 0.0 0
1747650042202 0.0 0
1747650042211 inf 0
1747650042219 0.0 0
1747650042232 0.0 0
1747650042244 0.0 0
1747650042261 inf 0
1747650042274 0.0 0
1747650042294 inf 0
1747650042307 inf 0
1747650042319 inf 0
1747650042331 0.0 0
1747650042343 0.0 0
1747650042355 inf 0
1747650042364 0.0 0
1747650042376 inf 0
1747650042390 inf 0
1747650042411 inf 0
1747650042422 0.0 0
1747650042444 0.0 0
1747650042457 0.0 0
1747650042471 inf 0
1747650042494 0.0 0
1747650042506 inf 0
1747650042519 0.0 0
1747650042531 0.0 0
1747650042546 inf 0
1747650042557 inf 0
1747650042568 0.0 0
1747650042582 0.0 0
1747650042593 inf 0
1747650042602 0.0 0
1747650042614 inf 0
1747650042626 inf 0
1747650042638 inf 0
1747650042652 0.0 0
1747650042663 0.0 0
1747650042673 inf 0
1747650042702 inf 0
1747650042714 0.0 0
1747650042732 0.0 0
1747650042744 0.0 0
1747650042754 0.0 0
1747650042765 0.0 0
1747650042776 inf 0
1747650042787 inf 0
1747650042798 0.0 0
1747650042819 0.0 0
1747650042829 inf 0
1747650042837 0.0 0
1747650042845 inf 0
1747650042856 0.0 0
1747650042868 inf 0
1747650042879 0.0 0
1747650042891 0.0 0
1747650042904 0.0 0
1747650042916 inf 0
1747650042927 0.0 0
1747650042947 0.0 0
1747650042959 0.0 0
1747650042972 0.0 0
1747650042983 0.0 0
1747650042994 0.0 0
1747650043004 inf 0
1747650043016 inf 0
1747650043032 inf 0
1747650043051 inf 0
1747650043061 0.0 0
1747650043073 inf 0
1747650043102 inf 0
1747650043113 inf 0
1747650043122 0.0 0
1747650043133 inf 0
1747650043144 inf 0
1747650043156 inf 0
1747650043178 0.0 0
1747650043189 inf 0
1747650043200 0.0 0
1747650043212 0.0 0
1747650043221 inf 0
1747650043232 inf 0
1747650043249 0.0 0
1747650043260 0.0 0
1747650043272 0.0 0
1747650043279 0.0 0
1747650043294 inf 0
1747650043320 0.0 0
1747650043341 0.0 0
1747650043373 inf 0
1747650043386 0.0 0
1747650043395 0.0 0
1747650043411 inf 0
1747650043427 0.0 0
1747650043438 0.0 0
1747650043449 0.0 0
1747650043460 0.0 0
1747650043471 inf 0
1747650043482 inf 0
1747650043494 0.0 0
1747650043518 inf 0
1747650043541 inf 0
1747650043561 inf 0
1747650043577 0.0 0
1747650043594 0.0 0
1747650043607 inf 0
1747650043619 0.0 0
1747650043632 inf 0
1747650043642 0.0 0
1747650043661 inf 0
1747650043672 0.0 0
1747650043686 0.0 0
1747650043713 0.0 0
1747650043729 inf 0
1747650043743 inf 0
1747650043754 inf 0
1747650043767 0.0 0
1747650043779 0.0 0
1747650043788 0.0 0
1747650043800 0.0 0
1747650043811 inf 0
1747650043823 inf 0
1747650043842 inf 0
1747650043854 0.0 0
1747650043865 inf 0
1747650043881 0.0 0
1747650043894 0.0 0
1747650043905 inf 0
1747650043933 inf 0
1747650043948 inf 0
1747650043961 0.0 0
1747650043974 inf 0
1747650043987 inf 0
1747650044002 inf 0
1747650044015 inf 0
1747650044028 inf 0
1747650044041 inf 0
1747650044054 0.0 0
1747650044063 0.0 0
1747650044074 0.0 0
1747650044097 0.0 0
1747650044111 inf 0
1747650044125 0.0 0
1747650044136 inf 0
1747650044149 0.0 0
1747650044167 0.0 0
1747650044176 inf 0
1747650044185 0.0 0
1747650044198 0.0 0
1747650044213 0.0 0
1747650044221 inf 0
1747650044234 inf 0
1747650044246 inf 0
1747650044258 0.0 0
1747650044270 inf 0
1747650044285 inf 0
1747650044296 0.0 0
1747650044320 0.0 0
1747650044346 0.0 0
1747650044359 inf 0
1747650044369 0.0 0
1747650044379 inf 0
1747650044391 0.0 0
1747650044405 inf 0
1747650044417 0.0 0
1747650044432 0.0 0
1747650044442 0.0 0
1747650044453 0.0 0
1747650044466 inf 0
1747650044483 inf 0
1747650044494 0.0 0
1747650044505 0.0 0
1747650044516 inf 0
1747650044529 inf 0
1747650044543 inf 0
1747650044552 inf 0
1747650044567 inf 0
1747650044575 0.0 0
1747650044587 inf 0
1747650044594 inf 0
1747650044611 0.0 0
1747650044621 inf 0
1747650044633 inf 0
1747650044645 0.0 0
1747650044656 inf 0
1747650044671 0.0 0
1747650044682 0.0 0
1747650044700 0.0 0
1747650044711 inf 0
1747650044729 inf 0
1747650044747 0.0 0
1747650044759 inf 0
1747650044772 0.0 0
1747650044783 inf 0
1747650044801 inf 0
1747650044823 inf 0
1747650044837 0.0 0
1747650044848 inf 0
1747650044864 0.0 0
1747650044875 inf 0
1747650044892 inf 0
1747650044902 inf 0
1747650044913 0.0 0
1747650044941 0.0 0
1747650044954 0.0 0
1747650044982 0.0 0
1747650044992 inf 0
1747650045003 inf 0
1747650045015 0.0 0
1747650045035 inf 0
1747650045044 0.0 0
1747650045053 inf 0
1747650045067 inf 0
1747650045077 inf 0
1747650045097 inf 0
1747650045109 0.0 0
1747650045117 inf 0
1747650045129 0.0 0
1747650045140 0.0 0
1747650045168 inf 0
1747650045178 0.0 0
1747650045192 0.0 0
1747650045206 0.0 0
1747650045215 inf 0
1747650045226 inf 0
1747650045234 0.0 0
1747650045244 0.0 0
1747650045257 0.0 0
1747650045266 inf 0
1747650045275 inf 0
1747650045283 0.0 0
1747650045294 0.0 0
1747650045311 0.0 0
1747650045329 inf 0
1747650045355 0.0 0
1747650045369 inf 0
1747650045379 0.0 0
1747650045391 0.0 0
1747650045402 inf 0
1747650045413 inf 0
1747650045423 0.0 0
1747650045435 0.0 0
1747650045446 inf 0
1747650045454 inf 0
1747650045465 0.0 0
1747650045477 0.0 0
1747650045486 0.0 0
1747650045494 0.0 0
1747650045505 0.0 0
1747650045531 inf 0
1747650045549 0.0 0
1747650045561 0.0 0
1747650045573 inf 0
1747650045585 0.0 0
1747650045592 inf 0
1747650045599 inf 0
1747650045611 inf 0
1747650045621 0.0 0
1747650045633 inf 0
1747650045645 0.0 0
1747650045658 inf 0
1747650045669 0.0 0
1747650045692 0.0 0
1747650045709 inf 0
1747650045721 0.0 0
1747650045732 inf 0
1747650045744 0.0 0
1747650045757 inf 0
1747650045774 0.0 0
1747650045785 0.0 0
1747650045797 0.0 0
1747650045806 0.0 0
1747650045819 0.0 0
1747650045833 inf 0
1747650045844 0.0 0
1747650045856 0.0 0
1747650045872 0.0 0
1747650045882 0.0 0
1747650045898 inf 0
1747650045909 inf 0
1747650045921 0.0 0
1747650045948 inf 0
1747650045985 inf 0
1747650045997 inf 0
1747650046011 0.0 0
1747650046027 0.0 0
1747650046042 0.0 0
1747650046053 0.0 0
1747650046066 0.0 0
1747650046079 0.0 0
1747650046088 inf 0
1747650046096 0.0 0
1747650046108 0.0 0
1747650046130 0.0 0
1747650046144 inf 0
1747650046156 0.0 0
1747650046183 inf 0
1747650046208 0.0 0
1747650046222 0.0 0
1747650046233 0.0 0
1747650046252 inf 0
1747650046265 inf 0
1747650046277 inf 0
1747650046287 inf 0
1747650046296 inf 0
1747650046311 0.0 0
1747650046321 0.0 0
1747650046332 0.0 0
1747650046342 inf 0
1747650046350 0.0 0
1747650046359 0.0 0
1747650046374 0.0 0
1747650046384 inf 0
1747650046396 0.0 0
1747650046409 0.0 0
1747650046418 inf 0
1747650046427 inf 0
1747650046439 0.0 0
1747650046447 0.0 0
1747650046458 inf 0
1747650046473 inf 0
1747650046490 inf 0
1747650046502 inf 0
1747650046513 0.0 0
1747650046524 inf 0
1747650046539 inf 0
1747650046550 0.0 0
1747650046565 0.0 0
1747650046579 inf 0
1747650046587 0.0 0
1747650046604 0.0 0
1747650046617 0.0 0
1747650046625 0.0 0
1747650046635 inf 0
1747650046647 inf 0
1747650046659 inf 0
1747650046677 inf 0
1747650046688 inf 0
1747650046700 0.0 0
1747650046708 inf 0
1747650046719 inf 0
1747650046730 0.0 0
1747650046744 0.0 0
1747650046755 0.0 0
1747650046765 inf 0
1747650046776 0.0 0
1747650046788 0.0 0
1747650046801 inf 0
1747650046818 inf 0
1747650046828 inf 0
1747650046840 inf 0
1747650046850 0.0 0
1747650046858 inf 0
1747650046869 inf 0
1747650046877 0.0 0
1747650046886 inf 0
1747650046896 0.0 0
1747650046905 inf 0
1747650046913 inf 0
1747650046921 inf 0
1747650046928 0.0 0
1747650046940 0.0 0
1747650046951 inf 0
1747650046961 inf 0
1747650046973 0.0 0
1747650046986 0.0 0
1747650046998 0.0 0
1747650047010 0.0 0
1747650047020 0.0 0
1747650047028 inf 0
1747650047037 0.0 0
1747650047048 inf 0
1747650047059 0.0 0
1747650047067 0.0 0
1747650047075 0.0 0
1747650047084 inf 0
1747650047094 0.0 0
1747650047109 inf 0
1747650047117 0.0 0
1747650047128 inf 0
1747650047141 inf 0
1747650047150 inf 0
1747650047161 0.0 0
1747650047170 0.0 0
1747650047188 inf 0
1747650047204 inf 0
1747650047216 0.0 0
1747650047227 0.0 0
1747650047242 0.0 0
1747650047260 inf 0
1747650047269 0.0 0
1747650047281 inf 0
1747650047292 inf 0
1747650047303 inf 0
1747650047320 inf 0
1747650047332 0.0 0
1747650047344 0.0 0
1747650047355 0.0 0
1747650047366 inf 0
1747650047387 inf 0
1747650047400 inf 0
1747650047438 0.0 0
1747650047450 0.0 0
1747650047467 0.0 0
1747650047477 0.0 0
1747650047490 0.0 0
1747650047503 inf 0
1747650047515 0.0 0
1747650047526 0.0 0
1747650047541 inf 0
1747650047552 inf 0
1747650047563 0.0 0
1747650047575 inf 0
1747650047586 inf 0
1747650047600 0.0 0
1747650047612 inf 0
1747650047625 0.0 0
1747650047636 inf 0
1747650047649 inf 0
1747650047660 inf 0
1747650047672 0.0 0
1747650047693 0.0 0
1747650047702 inf 0
1747650047713 0.0 0
1747650047724 inf 0
1747650047732 0.0 0
1747650047746 inf 0
1747650047763 inf 0
1747650047777 inf 0
1747650047788 inf 0
1747650047796 inf 0
1747650047830 inf 0
1747650047845 inf 0
1747650047856 0.0 0
1747650047869 0.0 0
1747650047877 inf 0
1747650047888 0.0 0
1747650047899 0.0 0
1747650047911 0.0 0
1747650047919 inf 0
1747650047927 0.0 0
1747650047938 inf 0
1747650047955 inf 0
1747650047966 inf 0
1747650047984 inf 0
1747650047991 0.0 0
1747650048006 inf 0
1747650048015 inf 0
1747650048024 inf 0
1747650048036 inf 0
1747650048049 inf 0
1747650048058 0.0 0
1747650048070 inf 0
1747650048079 inf 0
1747650048086 inf 0
1747650048100 inf 0
1747650048112 0.0 0
1747650048123 0.0 0
1747650048132 inf 0
1747650048155 0.0 0
1747650048167 0.0 0
1747650048180 0.0 0
1747650048191 0.0 0
1747650048204 inf 0
1747650048221 inf 0
1747650048244 0.0 0
1747650048256 inf 0
1747650048267 inf 0
1747650048279 inf 0
1747650048286 0.0 0
1747650048298 inf 0
1747650048309 inf 0
1747650048316 inf 0
1747650048327 inf 0
1747650048334 inf 0
1747650048344 0.0 0
1747650048355 0.0 0
1747650048365 0.0 0
1747650048375 inf 0
1747650048384 inf 0
1747650048396 inf 0
1747650048407 0.0 0
1747650048416 0.0 0
1747650048433 inf 0
1747650048445 0.0 0
1747650048454 0.0 0
1747650048469 inf 0
1747650048476 inf 0
1747650048489 0.0 0
1747650048512 0.0 0
1747650048538 inf 0
1747650048549 inf 0
1747650048560 0.0 0
1747650048576 inf 0
1747650048592 inf 0
1747650048603 0.0 0
1747650048614 0.0 0
1747650048630 inf 0
1747650048642 inf 0
1747650048667 0.0 0
1747650048682 0.0 0
1747650048693 inf 0
1747650048705 0.0 0
1747650048716 0.0 0
1747650048732 inf 0
1747650048741 0.0 0
1747650048756 inf 0
1747650048767 inf 0
1747650048775 inf 0
1747650048786 0.0 0
1747650048797 0.0 0
1747650048810 inf 0
1747650048825 inf 0
1747650048837 inf 0
1747650048849 0.0 0
1747650048867 0.0 0
1747650048890 0.0 0
1747650048899 inf 0
1747650048907 0.0 0
1747650048921 inf 0
1747650048934 0.0 0
1747650048942 inf 0
1747650048949 0.0 0
1747650048960 inf 0
1747650048971 0.0 0
1747650048992 0.0 0
1747650049009 0.0 0
1747650049031 inf 0
1747650049044 inf 0
1747650049056 inf 0
1747650049068 inf 0
1747650049081 0.0 0
1747650049092 0.0 0
1747650049100 0.0 0
1747650049118 0.0 0
1747650049130 0.0 0
1747650049137 0.0 0
1747650049148 0.0 0
1747650049167 inf 0
1747650049177 inf 0
1747650049188 0.0 0
1747650049200 0.0 0
1747650049209 inf 0
1747650049217 0.0 0
1747650049233 0.0 0
1747650049261 0.0 0
1747650049273 0.0 0
1747650049285 0.0 0
1747650049296 0.0 0
1747650049308 0.0 0
1747650049318 0.0 0
1747650049329 0.0 0
1747650049339 0.0 0
1747650049351 0.0 0
1747650049367 inf 0
1747650049379 inf 0
1747650049390 0.0 0
1747650049403 inf 0
1747650049432 inf 0
1747650049447 0.0 0
1747650049459 inf 0
1747650049472 inf 0
1747650049485 0.0 0
1747650049496 0.0 0
1747650049514 0.0 0
1747650049521 inf 0
1747650049547 inf 0
1747650049556 inf 0
1747650049565 0.0 0
1747650049576 0.0 0
1747650049587 0.0 0
1747650049602 0.0 0
1747650049612 0.0 0
1747650049623 inf 0
1747650049632 inf 0
1747650049643 0.0 0
1747650049652 0.0 0
1747650049665 inf 0
1747650049677 0.0 0
1747650049700 0.0 0
1747650049711 inf 0
1747650049720 0.0 0
1747650049732 0.0 0
1747650049743 inf 0
1747650049751 0.0 0
1747650049763 inf 0
1747650049774 0.0 0
1747650049783 inf 0
1747650049792 0.0 0
1747650049808 0.0 0
1747650049828 inf 0
1747650049840 inf 0
1747650049848 0.0 0
1747650049864 inf 0
1747650049885 inf 0
1747650049897 0.0 0
1747650049908 0.0 0
1747650049921 0.0 0
1747650049932 inf 0
1747650049950 inf 0
1747650049962 inf 0
1747650049973 0.0 0
1747650049990 0.0 0
1747650050000 inf 0
1747650050008 inf 0
1747650050021 0.0 0
1747650050031 inf 0
1747650050040 0.0 0
1747650050052 0.0 0
1747650050059 0.0 0
1747650050071 0.0 0
1747650050083 0.0 0
1747650050100 inf 0
1747650050115 inf 0
1747650050125 0.0 0
1747650050137 0.0 0
1747650050152 0.0 0
1747650050168 inf 0
1747650050179 inf 0
1747650050191 0.0 0
1747650050202 0.0 0
1747650050219 inf 0
1747650050249 0.0 0
1747650050261 0.0 0
1747650050284 0.0 0
1747650050302 0.0 0
1747650050317 0.0 0
1747650050328 0.0 0
1747650050337 inf 0
1747650050348 0.0 0
1747650050357 inf 0
1747650050366 0.0 0
1747650050411 inf 0
1747650050425 0.0 0
1747650050441 inf 0
1747650050452 0.0 0
1747650050461 inf 0
1747650050480 inf 0
1747650050494 0.0 0
1747650050508 inf 0
1747650050519 0.0 0
1747650050531 0.0 0
1747650050540 inf 0
1747650050552 0.0 0
1747650050564 0.0 0
1747650050581 0.0 0
1747650050592 inf 0
1747650050609 inf 0
1747650050619 0.0 0
1747650050638 inf 0
1747650050649 inf 0
1747650050661 inf 0
1747650050668 0.0 0
1747650050680 inf 0
1747650050692 inf 0
1747650050710 0.0 0
1747650050731 inf 0
1747650050755 inf 0
1747650050767 0.0 0
1747650050779 inf 0
1747650050795 0.0 0
1747650050806 0.0 0
1747650050819 inf 0
1747650050830 0.0 0
1747650050840 0.0 0
1747650050850 inf 0
1747650050861 inf 0
1747650050871 inf 0
1747650050883 0.0 0
1747650050895 0.0 0
1747650050912 inf 0
1747650050931 0.0 0
1747650050946 0.0 0
1747650050957 inf 0
1747650050971 0.0 0
1747650050981 inf 0
1747650051004 0.0 0
1747650051015 0.0 0
1747650051027 inf 0
1747650051037 inf 0
1747650051045 inf 0
1747650051056 0.0 0
1747650051069 0.0 0
1747650051084 inf 0
1747650051096 inf 0
1747650051114 0.0 0
1747650051126 inf 0
1747650051138 inf 0
1747650051168 inf 0
1747650051179 inf 0
1747650051202 0.0 0
1747650051214 inf 0
1747650051237 0.0 0
1747650051255 0.0 0
1747650051264 0.0 0
1747650051275 inf 0
1747650051287 inf 0
1747650051300 0.0 0
1747650051312 inf 0
1747650051329 inf 0
1747650051345 0.0 0
1747650051356 inf 0
1747650051368 0.0 0
1747650051375 inf 0
1747650051387 inf 0
1747650051396 inf 0
1747650051407 inf 0
1747650051417 0.0 0
1747650051431 inf 0
1747650051441 0.0 0
1747650051449 inf 0
1747650051458 0.0 0
1747650051473 inf 0
1747650051492 inf 0
1747650051505 0.0 0
1747650051534 inf 0
1747650051558 inf 0
1747650051566 0.0 0
1747650051575 inf 0
1747650051584 0.0 0
1747650051599 0.0 0
1747650051613 inf 0
1747650051629 inf 0
1747650051641 inf 0
1747650051656 0.0 0
1747650051667 inf 0
1747650051679 inf 0
1747650051690 inf 0
1747650051700 inf 0
1747650051712 inf 0
1747650051720 0.0 0
1747650051738 0.0 0
1747650051754 0.0 0
1747650051766 inf 0
1747650051777 inf 0
1747650051788 0.0 0
1747650051798 0.0 0
1747650051810 0.0 0
1747650051821 0.0 0
1747650051833 inf 0
1747650051840 inf 0
1747650051852 inf 0
1747650051865 inf 0
1747650051874 inf 0
1747650051883 inf 0
1747650051895 inf 0
1747650051905 0.0 0
1747650051918 0.0 0
1747650051931 inf 0
1747650051944 0.0 0
1747650051959 0.0 0
1747650051970 0.0 0
1747650051982 0.0 0
1747650051991 inf 0
1747650052003 0.0 0
1747650052028 0.0 0
1747650052039 inf 0
1747650052059 inf 0
1747650052070 inf 0
1747650052081 0.0 0
1747650052098 0.0 0
1747650052116 inf 0
1747650052134 inf 0
1747650052147 inf 0
1747650052159 0.0 0
1747650052170 0.0 0
1747650052181 0.0 0
1747650052199 inf 0
1747650052211 0.0 0
1747650052228 0.0 0
1747650052239 inf 0
1747650052250 inf 0
1747650052264 0.0 0
1747650052275 0.0 0
1747650052283 inf 0
1747650052296 inf 0
1747650052304 inf 0
1747650052316 inf 0
1747650052349 0.0 0
1747650052369 0.0 0
1747650052387 0.0 0
1747650052398 inf 0
1747650052409 inf 0
1747650052423 inf 0
1747650052432 0.0 0
1747650052441 inf 0
1747650052452 0.0 0
1747650052461 inf 0
1747650052470 inf 0
1747650052481 inf 0
1747650052492 inf 0
1747650052504 0.0 0
1747650052516 0.0 0
1747650052533 inf 0
1747650052552 inf 0
1747650052574 inf 0
1747650052586 inf 0
1747650052601 inf 0
1747650052618 0.0 0
1747650052629 inf 0
1747650052640 inf 0
1747650052657 inf 0
1747650052668 0.0 0
1747650052682 inf 0
1747650052693 inf 0
1747650052701 0.0 0
1747650052711 inf 0
1747650052723 0.0 0
1747650052732 inf 0
1747650052742 inf 0
1747650052753 0.0 0
1747650052771 inf 0
1747650052788 inf 0
1747650052796 0.0 0
1747650052811 0.0 0
1747650052823 inf 0
1747650052831 0.0 0
1747650052854 0.0 0
1747650052865 0.0 0
1747650052876 0.0 0
1747650052887 0.0 0
1747650052904 0.0 0
1747650052915 0.0 0
1747650052929 inf 0
1747650052941 inf 0
1747650052954 inf 0
1747650052972 inf 0
1747650052991 inf 0
1747650053004 inf 0
1747650053017 inf 0
1747650053028 inf 0
1747650053035 0.0 0
1747650053047 0.0 0
1747650053060 0.0 0
1747650053070 0.0 0
1747650053077 inf 0
1747650053089 inf 0
1747650053100 0.0 0
1747650053117 inf 0
1747650053141 0.0 0
1747650053154 0.0 0
1747650053166 0.0 0
1747650053178 0.0 0
1747650053187 0.0 0
1747650053207 inf 0
1747650053215 0.0 0
1747650053227 inf 0
1747650053235 0.0 0
1747650053242 0.0 0
1747650053253 0.0 0
1747650053265 0.0 0
1747650053277 inf 0
1747650053285 0.0 0
1747650053293 inf 0
1747650053303 inf 0
1747650053315 0.0 0
1747650053324 inf 0
1747650053346 inf 0
1747650053358 inf 0
1747650053370 inf 0
1747650053391 0.0 0
1747650053402 inf 0
1747650053418 0.0 0
1747650053430 inf 0
1747650053438 0.0 0
1747650053451 0.0 0
1747650053469 0.0 0
1747650053480 inf 0
1747650053488 inf 0
1747650053495 inf 0
1747650053506 0.0 0
1747650053523 inf 0
1747650053547 inf 0
1747650053559 0.0 0
1747650053572 inf 0
1747650053592 inf 0
1747650053607 0.0 0
1747650053634 0.0 0
1747650053646 0.0 0
1747650053657 inf 0
1747650053666 inf 0
1747650053674 inf 0
1747650053691 0.0 0
1747650053715 inf 0
1747650053727 inf 0
1747650053735 0.0 0
1747650053761 0.0 0
1747650053773 inf 0
1747650053792 inf 0
1747650053803 inf 0
1747650053827 inf 0
1747650053837 inf 0
1747650053846 0.0 0
1747650053858 0.0 0
1747650053870 inf 0
1747650053887 inf 0
1747650053895 0.0 0
1747650053912 0.0 0
1747650053930 inf 0
1747650053939 0.0 0
1747650053956 inf 0
1747650053980 inf 0
1747650053992 inf 0
1747650054004 0.0 0
1747650054043 inf 0
1747650054060 0.0 0
1747650054074 0.0 0
1747650054086 inf 0
1747650054096 inf 0
1747650054114 0.0 0
1747650054134 inf 0
1747650054143 0.0 0
1747650054154 0.0 0
1747650054163 inf 0
1747650054177 inf 0
1747650054198 inf 0
1747650054217 inf 0
1747650054229 inf 0
1747650054241 inf 0
1747650054253 inf 0
1747650054260 0.0 0
1747650054272 inf 0
1747650054280 inf 0
1747650054287 0.0 0
1747650054303 inf 0
1747650054314 inf 0
1747650054334 0.0 0
1747650054345 0.0 0
1747650054356 inf 0
1747650054365 0.0 0
1747650054378 0.0 0
1747650054390 inf 0
1747650054402 inf 0
1747650054418 0.0 0
1747650054430 0.0 0
1747650054443 inf 0
1747650054460 inf 0
1747650054472 inf 0
1747650054480 inf 0
1747650054500 inf 0
1747650054512 0.0 0
1747650054524 inf 0
1747650054535 0.0 0
1747650054551 0.0 0
1747650054562 inf 0
1747650054575 0.0 0
1747650054583 inf 0
1747650054596 inf 0
1747650054614 inf 0
1747650054627 0.0 0
1747650054644 0.0 0
1747650054656 inf 0
1747650054665 0.0 0
1747650054678 inf 0
1747650054687 inf 0
1747650054699 inf 0
1747650054713 inf 0
1747650054724 0.0 0
1747650054741 0.0 0
1747650054752 0.0 0
1747650054761 0.0 0
1747650054771 inf 0
1747650054783 inf 0
1747650054800 inf 0
1747650054819 inf 0
1747650054828 0.0 0
1747650054844 0.0 0
1747650054859 0.0 0
1747650054880 inf 0
1747650054896 inf 0
1747650054906 inf 0
1747650054916 inf 0
1747650054924 inf 0
1747650054936 0.0 0
1747650054947 0.0 0
1747650054963 inf 0
1747650054974 inf 0
1747650054986 0.0 0
1747650055005 0.0 0
1747650055017 0.0 0
1747650055039 0.0 0
1747650055049 inf 0
1747650055059 inf 0
1747650055073 inf 0
1747650055084 0.0 0
1747650055098 inf 0
1747650055109 inf 0
1747650055117 0.0 0
1747650055127 inf 0
1747650055137 0.0 0
1747650055148 inf 0
1747650055159 0.0 0
1747650055172 inf 0
1747650055186 0.0 0
1747650055197 0.0 0
1747650055215 0.0 0
1747650055227 0.0 0
1747650055236 0.0 0
1747650055245 inf 0
1747650055257 inf 0
1747650055268 inf 0
1747650055279 0.0 0
1747650055287 inf 0
1747650055304 inf 0
1747650055315 0.0 0
1747650055326 0.0 0
1747650055343 0.0 0
1747650055359 0.0 0
1747650055376 0.0 0
1747650055387 0.0 0
1747650055411 0.0 0
1747650055422 inf 0
1747650055447 0.0 0
1747650055455 inf 0
1747650055468 inf 0
1747650055484 0.0 0
1747650055495 inf 0
1747650055520 inf 0
1747650055538 inf 0
1747650055575 inf 0
1747650055589 inf 0
1747650055608 inf 0
1747650055627 inf 0
1747650055650 inf 0
1747650055667 0.0 0
1747650055685 0.0 0
1747650055696 inf 0
1747650055708 inf 0
1747650055717 inf 0
1747650055740 0.0 0
1747650055749 0.0 0
1747650055760 inf 0
1747650055769 0.0 0
1747650055781 0.0 0
1747650055791 inf 0
1747650055803 0.0 0
1747650055816 inf 0
1747650055842 0.0 0
1747650055858 0.0 0
1747650055869 0.0 0
1747650055878 0.0 0
1747650055888 inf 0
1747650055907 inf 0
1747650055918 0.0 0
1747650055935 inf 0
1747650055947 0.0 0
1747650055957 0.0 0
1747650055973 0.0 0
1747650055987 inf 0
1747650056017 0.0 0
1747650056037 inf 0
1747650056052 0.0 0
1747650056061 inf 0
1747650056073 inf 0
1747650056089 0.0 0
1747650056101 0.0 0
1747650056112 inf 0
1747650056121 0.0 0
1747650056132 0.0 0
1747650056142 inf 0
1747650056154 0.0 0
1747650056164 inf 0
1747650056175 0.0 0
1747650056186 inf 0
1747650056195 inf 0
1747650056206 0.0 0
1747650056218 inf 0
1747650056230 0.0 0
1747650056282 inf 0
1747650056296 0.0 0
1747650056317 0.0 0
1747650056329 inf 0
1747650056341 inf 0
1747650056356 inf 0
1747650056373 0.0 0
1747650056381 0.0 0
1747650056392 inf 0
1747650056405 inf 0
1747650056415 inf 0
1747650056427 inf 0
1747650056445 0.0 0
1747650056459 inf 0
1747650056475 0.0 0
1747650056487 inf 0
1747650056498 0.0 0
1747650056508 inf 0
1747650056516 0.0 0
1747650056527 inf 0
1747650056539 0.0 0
1747650056550 0.0 0
1747650056561 0.0 0
1747650056571 inf 0
1747650056583 inf 0
1747650056593 0.0 0
1747650056602 0.0 0
1747650056614 0.0 0
1747650056624 inf 0
1747650056634 0.0 0
1747650056647 0.0 0
1747650056684 0.0 0
1747650056694 inf 0
1747650056703 0.0 0
1747650056715 inf 0
1747650056732 0.0 0
1747650056745 inf 0
1747650056756 0.0 0
1747650056765 0.0 0
1747650056774 inf 0
1747650056783 0.0 0
1747650056794 0.0 0
1747650056808 inf 0
1747650056820 inf 0
1747650056833 0.0 0
1747650056846 0.0 0
1747650056857 0.0 0
1747650056870 inf 0
1747650056879 inf 0
1747650056891 inf 0
1747650056902 inf 0
1747650056911 inf 0
1747650056922 inf 0
1747650056939 inf 0
1747650056955 0.0 0
1747650056966 inf 0
1747650056977 inf 0
1747650056994 inf 0
1747650057005 0.0 0
1747650057016 inf 0
1747650057028 inf 0
1747650057054 0.0 0
1747650057077 0.0 0
1747650057090 inf 0
1747650057101 inf 0
1747650057114 0.0 0
1747650057134 0.0 0
1747650057157 inf 0
1747650057167 inf 0
1747650057176 0.0 0
1747650057188 inf 0
1747650057209 0.0 0
1747650057217 inf 0
1747650057227 0.0 0
1747650057241 inf 0
1747650057254 0.0 0
1747650057268 inf 0
1747650057281 inf 0
1747650057289 0.0 0
1747650057303 0.0 0
1747650057311 0.0 0
1747650057323 inf 0
1747650057333 0.0 0
1747650057344 inf 0
1747650057362 inf 0
1747650057375 inf 0
1747650057385 0.0 0
1747650057395 0.0 0
1747650057411 inf 0
1747650057422 0.0 0
1747650057433 inf 0
1747650057456 inf 0
1747650057502 inf 0
1747650057516 inf 0
1747650057527 inf 0
1747650057542 0.0 0
1747650057554 inf 0
1747650057566 inf 0
1747650057574 0.0 0
1747650057586 inf 0
1747650057597 0.0 0
1747650057609 0.0 0
1747650057622 0.0 0
1747650057635 inf 0
1747650057647 0.0 0
1747650057659 0.0 0
1747650057677 inf 0
1747650057690 inf 0
1747650057710 0.0 0
1747650057724 inf 0
1747650057735 inf 0
1747650057759 inf 0
1747650057770 0.0 0
1747650057784 0.0 0
1747650057798 inf 0
1747650057820 0.0 0
1747650057832 0.0 0
1747650057843 inf 0
1747650057855 0.0 0
1747650057884 inf 0
1747650057897 0.0 0
1747650057908 0.0 0
1747650057916 0.0 0
1747650057925 inf 0
1747650057937 0.0 0
1747650057954 0.0 0
1747650057966 inf 0
1747650057989 inf 0
1747650057997 0.0 0
1747650058011 inf 0
1747650058021 0.0 0
1747650058051 inf 0
1747650058069 inf 0
1747650058082 0.0 0
1747650058108 inf 0
1747650058122 0.0 0
1747650058137 inf 0
1747650058154 0.0 0
1747650058166 0.0 0
1747650058180 0.0 0
1747650058196 inf 0
1747650058207 0.0 0
1747650058219 inf 0
1747650058228 0.0 0
1747650058244 inf 0
1747650058261 inf 0
1747650058280 0.0 0
1747650058296 0.0 0
1747650058314 inf 0
1747650058321 inf 0
1747650058333 0.0 0
1747650058345 inf 0
1747650058358 0.0 0
1747650058369 inf 0
1747650058379 inf 0
1747650058390 0.0 0
1747650058401 inf 0
1747650058412 0.0 0
1747650058420 inf 0
1747650058433 0.0 0
1747650058448 0.0 0
1747650058459 inf 0
1747650058472 0.0 0
1747650058484 0.0 0
1747650058496 0.0 0
1747650058508 0.0 0
1747650058535 inf 0
1747650058546 0.0 0
1747650058562 0.0 0
1747650058573 inf 0
1747650058588 inf 0
1747650058610 0.0 0
1747650058623 0.0 0
1747650058637 inf 0
1747650058648 0.0 0
1747650058665 inf 0
1747650058682 0.0 0
1747650058716 0.0 0
1747650058727 0.0 0
1747650058736 0.0 0
1747650058753 0.0 0
1747650058765 0.0 0
1747650058774 inf 0
1747650058787 inf 0
1747650058803 0.0 0
1747650058818 inf 0
1747650058829 inf 0
1747650058843 inf 0
1747650058853 inf 0
1747650058865 inf 0
1747650058883 inf 0
1747650058902 0.0 0
1747650058913 inf 0
1747650058925 0.0 0
1747650058937 inf 0
1747650058948 inf 0
1747650058959 0.0 0
1747650058967 0.0 0
1747650058979 inf 0
1747650058990 inf 0
1747650059000 inf 0
1747650059015 inf 0
1747650059030 inf 0
1747650059047 0.0 0
1747650059064 inf 0
1747650059075 inf 0
1747650059088 0.0 0
1747650059100 inf 0
1747650059113 inf 0
1747650059129 inf 0
1747650059141 inf 0
1747650059157 0.0 0
1747650059172 0.0 0
1747650059182 0.0 0
1747650059196 inf 0
1747650059208 0.0 0
1747650059222 0.0 0
1747650059229 0.0 0
1747650059242 0.0 0
1747650059263 0.0 0
1747650059275 0.0 0
1747650059287 0.0 0
1747650059297 inf 0
1747650059315 inf 0
1747650059327 0.0 0
1747650059339 0.0 0
1747650059350 inf 0
1747650059362 0.0 0
1747650059373 0.0 0
1747650059384 0.0 0
1747650059394 inf 0
1747650059405 0.0 0
1747650059416 inf 0
1747650059436 inf 0
1747650059445 0.0 0
1747650059456 0.0 0
1747650059485 0.0 0
1747650059497 inf 0
1747650059509 inf 0
1747650059538 0.0 0
1747650059553 0.0 0
1747650059565 inf 0
1747650059572 inf 0
1747650059584 0.0 0
1747650059596 inf 0
1747650059607 inf 0
1747650059615 inf 0
1747650059628 inf 0
1747650059640 0.0 0
1747650059654 0.0 0
1747650059665 0.0 0
1747650059677 inf 0
1747650059685 inf 0
1747650059697 inf 0
1747650059731 inf 0
1747650059745 0.0 0
1747650059756 inf 0
1747650059766 0.0 0
1747650059783 inf 0
1747650059793 inf 0
1747650059804 0.0 0
1747650059820 inf 0
1747650059831 0.0 0
1747650059840 inf 0
1747650059852 inf 0
1747650059861 0.0 0
1747650059872 0.0 0
1747650059884 inf 0
1747650059895 0.0 0
1747650059907 inf 0
1747650059919 0.0 0
1747650059931 inf 0
1747650059943 inf 0
1747650060866 inf 0
1747650060886 0.0 0
1747650060896 0.0 0
1747650060911 0.0 0
1747650060949 0.0 0
1747650060958 0.0 0
1747650060970 inf 0
1747650060977 0.0 0
1747650060989 inf 0
1747650061000 0.0 0
1747650061029 inf 0
1747650061043 inf 0
1747650061058 inf 0
1747650061070 0.0 0
1747650061106 inf 0
1747650061127 0.0 0
1747650061152 0.0 0
1747650061165 0.0 0
1747650061184 inf 0
1747650061199 inf 0
1747650061214 0.0 0
1747650061225 inf 0
1747650061232 inf 0
1747650061241 inf 0
1747650061258 inf 0
1747650061273 0.0 0
1747650061322 0.0 0
1747650061342 inf 0
1747650061351 inf 0
1747650061359 0.0 0
1747650061370 inf 0
1747650061378 inf 0
1747650061390 inf 0
1747650061402 0.0 0
1747650061424 0.0 0
1747650061437 inf 0
1747650061454 0.0 0
1747650061465 inf 0
1747650061492 inf 0
1747650061524 inf 0
1747650061534 inf 0
1747650061553 0.0 0
1747650061567 inf 0
1747650061594 inf 0
1747650061611 0.0 0
1747650061619 inf 0
1747650061629 0.0 0
1747650061644 0.0 0
1747650061659 0.0 0
1747650061670 inf 0
1747650061699 0.0 0
1747650061732 0.0 0
1747650061741 0.0 0
1747650061763 0.0 0
1747650061772 inf 0
1747650061784 0.0 0
1747650061798 inf 0
1747650061810 inf 0
1747650061819 inf 0
1747650061836 0.0 0
1747650061850 0.0 0
1747650061870 inf 0
1747650061879 0.0 0
1747650061895 0.0 0
1747650061907 inf 0
1747650061925 inf 0
1747650061940 0.0 0
1747650061952 inf 0
1747650061966 0.0 0
1747650061981 0.0 0
1747650061992 0.0 0
1747650062007 inf 0
1747650062025 inf 0
1747650062036 0.0 0
1747650062048 0.0 0
1747650062058 0.0 0
1747650062065 0.0 0
1747650062085 0.0 0
1747650062099 inf 0
1747650062122 inf 0
1747650062135 0.0 0
1747650062149 inf 0
1747650062167 0.0 0
1747650062180 0.0 0
1747650062191 0.0 0
1747650062204 0.0 0
1747650062220 inf 0
1747650062231 inf 0
1747650062246 inf 0
1747650062265 0.0 0
1747650062276 0.0 0
1747650062288 0.0 0
1747650062296 inf 0
1747650062315 inf 0
1747650062337 0.0 0
1747650062350 0.0 0
1747650062362 0.0 0
1747650062374 0.0 0
1747650062392 0.0 0
1747650062407 0.0 0
1747650062416 0.0 0
1747650062428 0.0 0
1747650062451 0.0 0
1747650062474 inf 0
1747650062486 inf 0
1747650062505 inf 0
1747650062520 inf 0
1747650062539 0.0 0
1747650062552 inf 0
1747650062560 0.0 0
1747650062606 0.0 0
1747650062624 0.0 0
1747650062635 inf 0
1747650062643 inf 0
1747650062652 inf 0
1747650062660 inf 0
1747650062671 0.0 0
1747650062687 0.0 0
1747650062698 inf 0
1747650062710 0.0 0
1747650062723 0.0 0
1747650062736 0.0 0
1747650062759 inf 0
1747650062771 inf 0
1747650062787 0.0 0
1747650062797 0.0 0
1747650062816 0.0 0
1747650062827 inf 0
1747650062838 0.0 0
1747650062850 0.0 0
1747650062859 inf 0
1747650062867 inf 0
1747650062875 0.0 0
1747650062882 0.0 0
1747650062893 inf 0
1747650062905 inf 0
1747650062918 inf 0
1747650062930 inf 0
1747650062952 inf 0
1747650062975 0.0 0
1747650062988 inf 0
1747650063000 0.0 0
1747650063023 inf 0
1747650063036 0.0 0
1747650063048 inf 0
1747650063064 inf 0
1747650063081 0.0 0
1747650063092 inf 0
1747650063104 0.0 0
1747650063124 0.0 0
1747650063171 inf 0
1747650063187 inf 0
1747650063198 inf 0
1747650063210 0.0 0
1747650063220 0.0 0
1747650063244 inf 0
1747650063272 0.0 0
1747650063284 0.0 0
1747650063292 0.0 0
1747650063303 0.0 0
1747650063315 0.0 0
1747650063331 inf 0
1747650063342 inf 0
1747650063361 inf 0
1747650063375 0.0 0
1747650063386 inf 0
1747650063394 inf 0
1747650063404 0.0 0
1747650063426 0.0 0
1747650063438 0.0 0
1747650063449 0.0 0
1747650063463 0.0 0
1747650063474 inf 0
1747650063488 0.0 0
1747650063498 0.0 0
1747650063509 inf 0
1747650063520 0.0 0
1747650063533 inf 0
1747650063563 inf 0
1747650063579 inf 0
1747650063593 inf 0
1747650063604 inf 0
1747650063624 inf 0
1747650063632 inf 0
1747650063643 0.0 0
1747650063651 inf 0
1747650063668 0.0 0
1747650063680 0.0 0
1747650063688 0.0 0
1747650063709 inf 0
1747650063721 0.0 0
1747650063733 inf 0
1747650063751 0.0 0
1747650063783 inf 0
1747650063795 inf 0
1747650063804 inf 0
1747650063816 inf 0
1747650063827 0.0 0
1747650063844 0.0 0
1747650063865 inf 0
1747650063878 inf 0
1747650063891 0.0 0
1747650063900 0.0 0
1747650063921 0.0 0
1747650063942 0.0 0
1747650063964 0.0 0
1747650063977 0.0 0
1747650063989 0.0 0
1747650064000 inf 0
1747650064008 inf 0
1747650064017 inf 0
1747650064047 0.0 0
1747650064070 0.0 0
1747650064087 0.0 0
1747650064099 0.0 0
1747650064109 inf 0
1747650064122 inf 0
1747650064138 inf 0
1747650064151 0.0 0
1747650064174 inf 0
1747650064194 inf 0
1747650064213 0.0 0
1747650064224 0.0 0
1747650064235 0.0 0
1747650064247 inf 0
1747650064260 inf 0
1747650064268 inf 0
1747650064280 0.0 0
1747650064289 inf 0
1747650064299 0.0 0
1747650064310 0.0 0
1747650064321 0.0 0
1747650064332 0.0 0
1747650064342 inf 0
1747650064354 inf 0
1747650064366 inf 0
1747650064379 0.0 0
1747650064387 0.0 0
1747650064398 0.0 0
1747650064408 0.0 0
1747650064418 inf 0
1747650064433 inf 0
1747650064444 0.0 0
1747650064462 inf 0
1747650064478 0.0 0
1747650064492 0.0 0
1747650064503 0.0 0
1747650064516 inf 0
1747650064528 0.0 0
1747650064542 inf 0
1747650064558 0.0 0
1747650064577 inf 0
1747650064586 inf 0
1747650064598 0.0 0
1747650064610 inf 0
1747650064621 0.0 0
1747650064633 0.0 0
1747650064644 inf 0
1747650064656 0.0 0
1747650064668 inf 0
1747650064679 inf 0
1747650064701 inf 0
1747650064716 0.0 0
1747650064739 inf 0
1747650064749 0.0 0
1747650064765 0.0 0
1747650064778 0.0 0
1747650064790 inf 0
1747650064813 inf 0
1747650064822 0.0 0
1747650064838 inf 0
1747650064857 0.0 0
1747650064882 inf 0
1747650064893 inf 0
1747650064912 inf 0
1747650064925 inf 0
1747650064943 inf 0
1747650064972 inf 0
1747650064986 inf 0
1747650065001 0.0 0
1747650065013 0.0 0
1747650065028 inf 0
1747650065040 inf 0
1747650065058 0.0 0
1747650065075 0.0 0
1747650065086 inf 0
1747650065095 inf 0
1747650065104 0.0 0
1747650065115 inf 0
1747650065128 inf 0
1747650065139 0.0 0
1747650065157 0.0 0
1747650065169 inf 0
1747650065195 inf 0
1747650065219 inf 0
1747650065229 inf 0
1747650065241 inf 0
1747650065252 0.0 0
1747650065271 0.0 0
1747650065280 inf 0
1747650065292 0.0 0
1747650065304 0.0 0
1747650065316 inf 0
1747650065343 inf 0
1747650065355 0.0 0
1747650065366 inf 0
1747650065379 inf 0
1747650065408 0.0 0
1747650065418 inf 0
1747650065443 inf 0
1747650065455 inf 0
1747650065465 0.0 0
1747650065478 0.0 0
1747650065497 0.0 0
1747650065504 0.0 0
1747650065511 0.0 0
1747650065522 inf 0
1747650065533 0.0 0
1747650065550 0.0 0
1747650065568 0.0 0
1747650065579 0.0 0
1747650065593 inf 0
1747650065630 inf 0
1747650065659 inf 0
1747650065699 inf 0
1747650065712 0.0 0
1747650065723 0.0 0
1747650065734 inf 0
1747650065743 0.0 0
1747650065760 inf 0
1747650065772 inf 0
1747650065785 0.0 0
1747650065806 0.0 0
1747650065826 inf 0
1747650065839 inf 0
1747650065864 0.0 0
1747650065889 inf 0
1747650065902 0.0 0
1747650065914 0.0 0
1747650065932 0.0 0
1747650065949 inf 0
1747650065958 inf 0
1747650065986 inf 0
1747650066003 0.0 0
1747650066044 inf 0
1747650066067 inf 0
1747650066076 inf 0
1747650066084 inf 0
1747650066101 inf 0
1747650066113 0.0 0
1747650066124 0.0 0
1747650066139 0.0 0
1747650066150 0.0 0
1747650066162 0.0 0
1747650066171 0.0 0
1747650066186 0.0 0
1747650066198 inf 0
1747650066218 inf 0
1747650066230 0.0 0
1747650066238 inf 0
1747650066250 inf 0
1747650066268 inf 0
1747650066283 inf 0
1747650066294 inf 0
1747650066305 0.0 0
1747650066322 0.0 0
1747650066332 0.0 0
1747650066348 0.0 0
1747650066359 0.0 0
1747650066380 inf 0
1747650066401 0.0 0
1747650066414 0.0 0
1747650066425 0.0 0
1747650066437 0.0 0
1747650066446 inf 0
1747650066466 inf 0
1747650066478 inf 0
1747650066496 inf 0
1747650066509 inf 0
1747650066520 inf 0
1747650066543 inf 0
1747650066560 0.0 0
1747650066574 inf 0
1747650066596 inf 0
1747650066608 0.0 0
1747650066624 inf 0
1747650066648 inf 0
1747650066667 inf 0
1747650066679 inf 0
1747650066692 inf 0
1747650066703 inf 0
1747650066732 inf 0
1747650066746 inf 0
1747650066764 inf 0
1747650066780 0.0 0
1747650066791 0.0 0
1747650066802 inf 0
1747650066813 inf 0
1747650066837 inf 0
1747650066849 inf 0
1747650066861 0.0 0
1747650066876 inf 0
1747650066886 0.0 0
1747650066903 inf 0
1747650066920 inf 0
1747650066934 0.0 0
1747650066988 inf 0
1747650066997 0.0 0
1747650067014 0.0 0
1747650067026 inf 0
1747650067039 inf 0
1747650067057 0.0 0
1747650067069 inf 0
1747650067082 0.0 0
