1747650029573 -0.08537034784841376 0
1747650029587 nan 0
1747650029599 nan 0
1747650029664 nan 0
1747650029691 nan 0
1747650029706 nan 0
1747650029719 nan 0
1747650029734 nan 0
1747650029746 nan 0
1747650029757 nan 0
1747650029778 nan 0
1747650029790 nan 0
1747650029802 nan 0
1747650029817 nan 0
1747650029829 nan 0
1747650029841 nan 0
1747650029874 nan 0
1747650029895 nan 0
1747650029925 nan 0
1747650029935 nan 0
1747650029946 nan 0
1747650029957 nan 0
1747650029972 nan 0
1747650029986 nan 0
1747650030002 nan 0
1747650030013 nan 0
1747650030024 nan 0
1747650030034 nan 0
1747650030058 nan 0
1747650030073 nan 0
1747650030088 nan 0
1747650030104 nan 0
1747650030117 nan 0
1747650030131 nan 0
1747650030143 nan 0
1747650030155 nan 0
1747650030169 nan 0
1747650030196 nan 0
1747650030210 nan 0
1747650030224 nan 0
1747650030239 nan 0
1747650030256 nan 0
1747650030287 nan 0
1747650030302 nan 0
1747650030312 nan 0
1747650030325 nan 0
1747650030339 nan 0
1747650030363 nan 0
1747650030377 nan 0
1747650030390 nan 0
1747650030406 nan 0
1747650030433 nan 0
1747650030448 nan 0
1747650030470 nan 0
1747650030484 nan 0
1747650030498 nan 0
1747650030525 nan 0
1747650030542 nan 0
1747650030568 nan 0
1747650030580 nan 0
1747650030591 nan 0
1747650030601 nan 0
1747650030610 nan 0
1747650030619 nan 0
1747650030627 nan 0
1747650030639 nan 0
1747650030652 nan 0
1747650030665 nan 0
1747650030694 nan 0
1747650030705 nan 0
1747650030714 nan 0
1747650030724 nan 0
1747650030745 nan 0
1747650030765 nan 0
1747650030776 nan 0
1747650030787 nan 0
1747650030799 nan 0
1747650030818 nan 0
1747650030841 nan 0
1747650030850 nan 0
1747650030872 nan 0
1747650030899 nan 0
1747650030910 nan 0
1747650030921 nan 0
1747650030932 nan 0
1747650030940 nan 0
1747650030973 nan 0
1747650030984 nan 0
1747650031004 nan 0
1747650031017 nan 0
1747650031031 nan 0
1747650031045 nan 0
1747650031059 nan 0
1747650031076 nan 0
1747650031088 nan 0
1747650031103 nan 0
1747650031119 nan 0
1747650031133 nan 0
1747650031146 nan 0
1747650031168 nan 0
1747650031190 nan 0
1747650031205 nan 0
1747650031220 nan 0
1747650031232 nan 0
1747650031246 nan 0
1747650031258 nan 0
1747650031277 nan 0
1747650031287 nan 0
1747650031303 nan 0
1747650031315 nan 0
1747650031331 nan 0
1747650031354 nan 0
1747650031367 nan 0
1747650031379 nan 0
1747650031390 nan 0
1747650031402 nan 0
1747650031413 nan 0
1747650031431 nan 0
1747650031448 nan 0
1747650031459 nan 0
1747650031477 nan 0
1747650031489 nan 0
1747650031501 nan 0
1747650031513 nan 0
1747650031525 nan 0
1747650031534 nan 0
1747650031545 nan 0
1747650031557 nan 0
1747650031568 nan 0
1747650031581 nan 0
1747650031608 nan 0
1747650031621 nan 0
1747650031635 nan 0
1747650031648 nan 0
1747650031672 nan 0
1747650031686 nan 0
1747650031701 nan 0
1747650031725 nan 0
1747650031737 nan 0
1747650031749 nan 0
1747650031764 nan 0
1747650031777 nan 0
1747650031792 nan 0
1747650031805 nan 0
1747650031818 nan 0
1747650031831 nan 0
1747650031848 nan 0
1747650031858 nan 0
1747650031888 nan 0
1747650031903 nan 0
1747650031916 nan 0
1747650031929 nan 0
1747650031941 nan 0
1747650031972 nan 0
1747650031987 nan 0
1747650031998 nan 0
1747650032006 nan 0
1747650032015 nan 0
1747650032028 nan 0
1747650032039 nan 0
1747650032047 nan 0
1747650032066 nan 0
1747650032078 nan 0
1747650032089 nan 0
1747650032104 nan 0
1747650032118 nan 0
1747650032128 nan 0
1747650032137 nan 0
1747650032148 nan 0
1747650032159 nan 0
1747650032173 nan 0
1747650032185 nan 0
1747650032197 nan 0
1747650032215 nan 0
1747650032227 nan 0
1747650032238 nan 0
1747650032263 nan 0
1747650032277 nan 0
1747650032306 nan 0
1747650032327 nan 0
1747650032358 nan 0
1747650032383 nan 0
1747650032403 nan 0
1747650032415 nan 0
1747650032429 nan 0
1747650032441 nan 0
1747650032453 nan 0
1747650032465 nan 0
1747650032485 nan 0
1747650032512 nan 0
1747650032527 nan 0
1747650032541 nan 0
1747650032557 nan 0
1747650032568 nan 0
1747650032591 nan 0
1747650032604 nan 0
1747650032612 nan 0
1747650032626 nan 0
1747650032645 nan 0
1747650032657 nan 0
1747650032669 nan 0
1747650032681 nan 0
1747650032693 nan 0
1747650032702 nan 0
1747650032715 nan 0
1747650032728 nan 0
1747650032742 nan 0
1747650032755 nan 0
1747650032768 nan 0
1747650032778 nan 0
1747650032791 nan 0
1747650032802 nan 0
1747650032819 nan 0
1747650032828 nan 0
1747650032842 nan 0
1747650032851 nan 0
1747650032863 nan 0
1747650032872 nan 0
1747650032884 nan 0
1747650032901 nan 0
1747650032909 nan 0
1747650032921 nan 0
1747650032931 nan 0
1747650032943 nan 0
1747650032956 nan 0
1747650032976 nan 0
1747650032994 nan 0
1747650033005 nan 0
1747650033016 nan 0
1747650033028 nan 0
1747650033039 nan 0
1747650033056 nan 0
1747650033067 nan 0
1747650033075 nan 0
1747650033087 nan 0
1747650033097 nan 0
1747650033111 nan 0
1747650033124 nan 0
1747650033136 nan 0
1747650033148 nan 0
1747650033160 nan 0
1747650033171 nan 0
1747650033179 nan 0
1747650033188 nan 0
1747650033200 nan 0
1747650033220 nan 0
1747650033235 nan 0
1747650033246 nan 0
1747650033257 nan 0
1747650033268 nan 0
1747650033280 nan 0
1747650033290 nan 0
1747650033301 nan 0
1747650033315 nan 0
1747650033322 nan 0
1747650033342 nan 0
1747650033354 nan 0
1747650033368 nan 0
1747650033379 nan 0
1747650033389 nan 0
1747650033403 nan 0
1747650033414 nan 0
1747650033421 nan 0
1747650033433 nan 0
1747650033442 nan 0
1747650033474 nan 0
1747650033481 nan 0
1747650033509 nan 0
1747650033520 nan 0
1747650033531 nan 0
1747650033542 nan 0
1747650033559 nan 0
1747650033571 nan 0
1747650033585 nan 0
1747650033603 nan 0
1747650033613 nan 0
1747650033627 nan 0
1747650033645 nan 0
1747650033658 nan 0
1747650033673 nan 0
1747650033686 nan 0
1747650033715 nan 0
1747650033728 nan 0
1747650033742 nan 0
1747650033756 nan 0
1747650033791 nan 0
1747650033806 nan 0
1747650033828 nan 0
1747650033840 nan 0
1747650033863 nan 0
1747650033874 nan 0
1747650033887 nan 0
1747650033910 nan 0
1747650033921 nan 0
1747650033930 nan 0
1747650033945 nan 0
1747650033962 nan 0
1747650033978 nan 0
1747650033997 nan 0
1747650034010 nan 0
1747650034022 nan 0
1747650034032 nan 0
1747650034045 nan 0
1747650034053 nan 0
1747650034069 nan 0
1747650034084 nan 0
1747650034095 nan 0
1747650034106 nan 0
1747650034119 nan 0
1747650034130 nan 0
1747650034138 nan 0
1747650034153 nan 0
1747650034168 nan 0
1747650034187 nan 0
1747650034197 nan 0
1747650034205 nan 0
1747650034229 nan 0
1747650034238 nan 0
1747650034257 nan 0
1747650034264 nan 0
1747650034288 nan 0
1747650034299 nan 0
1747650034306 nan 0
1747650034315 nan 0
1747650034330 nan 0
1747650034338 nan 0
1747650034350 nan 0
1747650034364 nan 0
1747650034379 nan 0
1747650034408 nan 0
1747650034420 nan 0
1747650034432 nan 0
1747650034439 nan 0
1747650034456 nan 0
1747650034468 nan 0
1747650034477 nan 0
1747650034516 nan 0
1747650034529 nan 0
1747650034541 nan 0
1747650034552 nan 0
1747650034570 nan 0
1747650034596 nan 0
1747650034615 nan 0
1747650034626 nan 0
1747650034634 nan 0
1747650034646 nan 0
1747650034655 nan 0
1747650034663 nan 0
1747650034671 nan 0
1747650034684 nan 0
1747650034692 nan 0
1747650034702 nan 0
1747650034717 nan 0
1747650034726 nan 0
1747650034735 nan 0
1747650034746 nan 0
1747650034762 nan 0
1747650034774 nan 0
1747650034786 nan 0
1747650034796 nan 0
1747650034809 nan 0
1747650034819 nan 0
1747650034835 nan 0
1747650034845 nan 0
1747650034862 nan 0
1747650034874 nan 0
1747650034885 nan 0
1747650034907 nan 0
1747650034922 nan 0
1747650034934 nan 0
1747650034955 nan 0
1747650034966 nan 0
1747650034978 nan 0
1747650034990 nan 0
1747650035007 nan 0
1747650035019 nan 0
1747650035026 nan 0
1747650035038 nan 0
1747650035049 nan 0
1747650035061 nan 0
1747650035068 nan 0
1747650035077 nan 0
1747650035088 nan 0
1747650035105 nan 0
1747650035117 nan 0
1747650035128 nan 0
1747650035138 nan 0
1747650035161 nan 0
1747650035175 nan 0
1747650035198 nan 0
1747650035210 nan 0
1747650035221 nan 0
1747650035245 nan 0
1747650035257 nan 0
1747650035268 nan 0
1747650035288 nan 0
1747650035303 nan 0
1747650035319 nan 0
1747650035330 nan 0
1747650035342 nan 0
1747650035356 nan 0
1747650035378 nan 0
1747650035387 nan 0
1747650035400 nan 0
1747650035411 nan 0
1747650035425 nan 0
1747650035450 nan 0
1747650035461 nan 0
1747650035473 nan 0
1747650035484 nan 0
1747650035492 nan 0
1747650035500 nan 0
1747650035512 nan 0
1747650035521 nan 0
1747650035534 nan 0
1747650035543 nan 0
1747650035551 nan 0
1747650035559 nan 0
1747650035569 nan 0
1747650035577 nan 0
1747650035590 nan 0
1747650035604 nan 0
1747650035615 nan 0
1747650035625 nan 0
1747650035636 nan 0
1747650035663 nan 0
1747650035673 nan 0
1747650035689 nan 0
1747650035701 nan 0
1747650035712 nan 0
1747650035723 nan 0
1747650035731 nan 0
1747650035742 nan 0
1747650035754 nan 0
1747650035765 nan 0
1747650035776 nan 0
1747650035793 nan 0
1747650035806 nan 0
1747650035818 nan 0
1747650035830 nan 0
1747650035841 nan 0
1747650035848 nan 0
1747650035866 nan 0
1747650035877 nan 0
1747650035889 nan 0
1747650035897 nan 0
1747650035905 nan 0
1747650035913 nan 0
1747650035924 nan 0
1747650035931 nan 0
1747650035943 nan 0
1747650035955 nan 0
1747650035966 nan 0
1747650035977 nan 0
1747650035989 nan 0
1747650036005 nan 0
1747650036024 nan 0
1747650036041 nan 0
1747650036052 nan 0
1747650036069 nan 0
1747650036078 nan 0
1747650036090 nan 0
1747650036101 nan 0
1747650036110 nan 0
1747650036122 nan 0
1747650036133 nan 0
1747650036144 nan 0
1747650036154 nan 0
1747650036172 nan 0
1747650036180 nan 0
1747650036195 nan 0
1747650036204 nan 0
1747650036216 nan 0
1747650036229 nan 0
1747650036241 nan 0
1747650036257 nan 0
1747650036275 nan 0
1747650036292 nan 0
1747650036305 nan 0
1747650036319 nan 0
1747650036335 nan 0
1747650036347 nan 0
1747650036359 nan 0
1747650036369 nan 0
1747650036376 nan 0
1747650036385 nan 0
1747650036393 nan 0
1747650036403 nan 0
1747650036418 nan 0
1747650036436 nan 0
1747650036446 nan 0
1747650036461 nan 0
1747650036472 nan 0
1747650036484 nan 0
1747650036495 nan 0
1747650036506 nan 0
1747650036519 nan 0
1747650036530 nan 0
1747650036541 nan 0
1747650036550 nan 0
1747650036561 nan 0
1747650036568 nan 0
1747650036589 nan 0
1747650036604 nan 0
1747650036613 nan 0
1747650036626 nan 0
1747650036637 nan 0
1747650036647 nan 0
1747650036654 nan 0
1747650036666 nan 0
1747650036677 nan 0
1747650036688 nan 0
1747650036698 nan 0
1747650036710 nan 0
1747650036728 nan 0
1747650036742 nan 0
1747650036759 nan 0
1747650036770 nan 0
1747650036787 nan 0
1747650036794 nan 0
1747650036812 nan 0
1747650036844 nan 0
1747650036856 nan 0
1747650036872 nan 0
1747650036886 nan 0
1747650036896 nan 0
1747650036904 nan 0
1747650036918 nan 0
1747650036929 nan 0
1747650036936 nan 0
1747650036944 nan 0
1747650036952 nan 0
1747650036960 nan 0
1747650036973 nan 0
1747650036986 nan 0
1747650036998 nan 0
1747650037018 nan 0
1747650037031 nan 0
1747650037080 nan 0
1747650037109 nan 0
1747650037132 nan 0
1747650037153 nan 0
1747650037163 nan 0
1747650037179 nan 0
1747650037192 nan 0
1747650037212 nan 0
1747650037223 nan 0
1747650037236 nan 0
1747650037248 nan 0
1747650037270 nan 0
1747650037283 nan 0
1747650037297 nan 0
1747650037307 nan 0
1747650037326 nan 0
1747650037338 nan 0
1747650037346 nan 0
1747650037358 nan 0
1747650037368 nan 0
1747650037378 nan 0
1747650037389 nan 0
1747650037397 nan 0
1747650037411 nan 0
1747650037426 nan 0
1747650037456 nan 0
1747650037468 nan 0
1747650037481 nan 0
1747650037489 nan 0
1747650037506 nan 0
1747650037518 nan 0
1747650037529 nan 0
1747650037541 nan 0
1747650037557 nan 0
1747650037567 nan 0
1747650037577 nan 0
1747650037593 nan 0
1747650037602 nan 0
1747650037619 nan 0
1747650037631 nan 0
1747650037643 nan 0
1747650037655 nan 0
1747650037671 nan 0
1747650037683 nan 0
1747650037700 nan 0
1747650037714 nan 0
1747650037728 nan 0
1747650037740 nan 0
1747650037749 nan 0
1747650037756 nan 0
1747650037768 nan 0
1747650037785 nan 0
1747650037796 nan 0
1747650037809 nan 0
1747650037820 nan 0
1747650037830 nan 0
1747650037843 nan 0
1747650037855 nan 0
1747650037867 nan 0
1747650037879 nan 0
1747650037886 nan 0
1747650037893 nan 0
1747650037904 nan 0
1747650037924 nan 0
1747650037935 nan 0
1747650037976 nan 0
1747650037998 nan 0
1747650038011 nan 0
1747650038028 nan 0
1747650038039 nan 0
1747650038054 nan 0
1747650038066 nan 0
1747650038077 nan 0
1747650038088 nan 0
1747650038097 nan 0
1747650038114 nan 0
1747650038126 nan 0
1747650038147 nan 0
1747650038158 nan 0
1747650038170 nan 0
1747650038181 nan 0
1747650038199 nan 0
1747650038215 nan 0
1747650038226 nan 0
1747650038249 nan 0
1747650038268 nan 0
1747650038290 nan 0
1747650038300 nan 0
1747650038323 nan 0
1747650038339 nan 0
1747650038350 nan 0
1747650038362 nan 0
1747650038378 nan 0
1747650038395 nan 0
1747650038406 nan 0
1747650038413 nan 0
1747650038435 nan 0
1747650038446 nan 0
1747650038456 nan 0
1747650038475 nan 0
1747650038487 nan 0
1747650038498 nan 0
1747650038514 nan 0
1747650038531 nan 0
1747650038542 nan 0
1747650038553 nan 0
1747650038564 nan 0
1747650038576 nan 0
1747650038587 nan 0
1747650038598 nan 0
1747650038609 nan 0
1747650038620 nan 0
1747650038631 nan 0
1747650038648 nan 0
1747650038660 nan 0
1747650038704 nan 0
1747650038716 nan 0
1747650038729 nan 0
1747650038742 nan 0
1747650038759 nan 0
1747650038771 nan 0
1747650038782 nan 0
1747650038793 nan 0
1747650038805 nan 0
1747650038816 nan 0
1747650038828 nan 0
1747650038839 nan 0
1747650038856 nan 0
1747650038873 nan 0
1747650038885 nan 0
1747650038901 nan 0
1747650038912 nan 0
1747650038929 nan 0
1747650038942 nan 0
1747650038952 nan 0
1747650038960 nan 0
1747650038971 nan 0
1747650038982 nan 0
1747650038993 nan 0
1747650039019 nan 0
1747650039038 nan 0
1747650039050 nan 0
1747650039061 nan 0
1747650039077 nan 0
1747650039095 nan 0
1747650039108 nan 0
1747650039118 nan 0
1747650039134 nan 0
1747650039145 nan 0
1747650039156 nan 0
1747650039165 nan 0
1747650039177 nan 0
1747650039201 nan 0
1747650039228 nan 0
1747650039243 nan 0
1747650039254 nan 0
1747650039265 nan 0
1747650039278 nan 0
1747650039292 nan 0
1747650039303 nan 0
1747650039314 nan 0
1747650039336 nan 0
1747650039347 nan 0
1747650039359 nan 0
1747650039375 nan 0
1747650039386 nan 0
1747650039397 nan 0
1747650039413 nan 0
1747650039434 nan 0
1747650039443 nan 0
1747650039460 nan 0
1747650039471 nan 0
1747650039483 nan 0
1747650039495 nan 0
1747650039507 nan 0
1747650039518 nan 0
1747650039535 nan 0
1747650039551 nan 0
1747650039562 nan 0
1747650039578 nan 0
1747650039590 nan 0
1747650039606 nan 0
1747650039617 nan 0
1747650039628 nan 0
1747650039645 nan 0
1747650039660 nan 0
1747650039671 nan 0
1747650039683 nan 0
1747650039698 nan 0
1747650039717 nan 0
1747650039728 nan 0
1747650039738 nan 0
1747650039752 nan 0
1747650039763 nan 0
1747650039779 nan 0
1747650039789 nan 0
1747650039816 nan 0
1747650039827 nan 0
1747650039843 nan 0
1747650039854 nan 0
1747650039869 nan 0
1747650039880 nan 0
1747650039892 nan 0
1747650039904 nan 0
1747650039915 nan 0
1747650039936 nan 0
1747650039952 nan 0
1747650039964 nan 0
1747650039975 nan 0
1747650039989 nan 0
1747650039997 nan 0
1747650040008 nan 0
1747650040020 nan 0
1747650040036 nan 0
1747650040047 nan 0
1747650040059 nan 0
1747650040075 nan 0
1747650040088 nan 0
1747650040101 nan 0
1747650040114 nan 0
1747650040125 nan 0
1747650040138 nan 0
1747650040147 nan 0
1747650040156 nan 0
1747650040163 nan 0
1747650040178 nan 0
1747650040191 nan 0
1747650040201 nan 0
1747650040213 nan 0
1747650040225 nan 0
1747650040234 nan 0
1747650040243 nan 0
1747650040259 nan 0
1747650040267 nan 0
1747650040277 nan 0
1747650040290 nan 0
1747650040302 nan 0
1747650040314 nan 0
1747650040331 nan 0
1747650040346 nan 0
1747650040359 nan 0
1747650040375 nan 0
1747650040385 nan 0
1747650040396 nan 0
1747650040409 nan 0
1747650040422 nan 0
1747650040433 nan 0
1747650040442 nan 0
1747650040456 nan 0
1747650040463 nan 0
1747650040474 nan 0
1747650040485 nan 0
1747650040499 nan 0
1747650040511 nan 0
1747650040526 nan 0
1747650040540 nan 0
1747650040551 nan 0
1747650040562 nan 0
1747650040580 nan 0
1747650040589 nan 0
1747650040596 nan 0
1747650040609 nan 0
1747650040627 nan 0
1747650040644 nan 0
1747650040652 nan 0
1747650040660 nan 0
1747650040669 nan 0
1747650040681 nan 0
1747650040688 nan 0
1747650040701 nan 0
1747650040715 nan 0
1747650040733 nan 0
1747650040743 nan 0
1747650040756 nan 0
1747650040768 nan 0
1747650040779 nan 0
1747650040788 nan 0
1747650040805 nan 0
1747650040813 nan 0
1747650040824 nan 0
1747650040832 nan 0
1747650040845 nan 0
1747650040857 nan 0
1747650040868 nan 0
1747650040880 nan 0
1747650040897 nan 0
1747650040914 nan 0
1747650040926 nan 0
1747650040934 nan 0
1747650040945 nan 0
1747650041881 nan 0
1747650041892 nan 0
1747650041904 nan 0
1747650041916 nan 0
1747650041930 nan 0
1747650041942 nan 0
1747650041959 nan 0
1747650041973 nan 0
1747650041993 nan 0
1747650042010 nan 0
1747650042036 nan 0
1747650042050 nan 0
1747650042064 nan 0
1747650042077 nan 0
1747650042096 nan 0
1747650042111 nan 0
1747650042126 nan 0
1747650042158 nan 0
1747650042176 nan 0
1747650042192 nan 0
1747650042204 nan 0
1747650042213 nan 0
1747650042221 nan 0
1747650042234 nan 0
1747650042246 nan 0
1747650042263 nan 0
1747650042277 nan 0
1747650042296 nan 0
1747650042309 nan 0
1747650042321 nan 0
1747650042333 nan 0
1747650042345 nan 0
1747650042357 nan 0
1747650042367 nan 0
1747650042378 nan 0
1747650042392 nan 0
1747650042413 nan 0
1747650042424 nan 0
1747650042447 nan 0
1747650042459 nan 0
1747650042473 nan 0
1747650042496 nan 0
1747650042508 nan 0
1747650042521 nan 0
1747650042533 nan 0
1747650042548 nan 0
1747650042559 nan 0
1747650042570 nan 0
1747650042584 nan 0
1747650042596 nan 0
1747650042604 nan 0
1747650042616 nan 0
1747650042628 nan 0
1747650042640 nan 0
1747650042654 nan 0
1747650042665 nan 0
1747650042675 nan 0
1747650042704 nan 0
1747650042717 nan 0
1747650042734 nan 0
1747650042746 nan 0
1747650042756 nan 0
1747650042767 nan 0
1747650042778 nan 0
1747650042789 nan 0
1747650042800 nan 0
1747650042822 nan 0
1747650042831 nan 0
1747650042839 nan 0
1747650042847 nan 0
1747650042859 nan 0
1747650042870 nan 0
1747650042881 nan 0
1747650042893 nan 0
1747650042906 nan 0
1747650042918 nan 0
1747650042929 nan 0
1747650042949 nan 0
1747650042961 nan 0
1747650042974 nan 0
1747650042985 nan 0
1747650042996 nan 0
1747650043006 nan 0
1747650043018 nan 0
1747650043034 nan 0
1747650043054 nan 0
1747650043063 nan 0
1747650043075 nan 0
1747650043104 nan 0
1747650043115 nan 0
1747650043125 nan 0
1747650043135 nan 0
1747650043146 nan 0
1747650043158 nan 0
1747650043180 nan 0
1747650043191 nan 0
1747650043203 nan 0
1747650043214 nan 0
1747650043223 nan 0
1747650043234 nan 0
1747650043251 nan 0
1747650043262 nan 0
1747650043274 nan 0
1747650043281 nan 0
1747650043297 nan 0
1747650043323 nan 0
1747650043344 nan 0
1747650043376 nan 0
1747650043388 nan 0
1747650043397 nan 0
1747650043413 nan 0
1747650043429 nan 0
1747650043440 nan 0
1747650043452 nan 0
1747650043462 nan 0
1747650043473 nan 0
1747650043484 nan 0
1747650043496 nan 0
1747650043532 nan 0
1747650043544 nan 0
1747650043564 nan 0
1747650043579 nan 0
1747650043596 nan 0
1747650043609 nan 0
1747650043621 nan 0
1747650043634 nan 0
1747650043645 nan 0
1747650043663 nan 0
1747650043675 nan 0
1747650043688 nan 0
1747650043716 nan 0
1747650043731 nan 0
1747650043745 nan 0
1747650043756 nan 0
1747650043769 nan 0
1747650043781 nan 0
1747650043790 nan 0
1747650043803 nan 0
1747650043813 nan 0
1747650043825 nan 0
1747650043844 nan 0
1747650043856 nan 0
1747650043868 nan 0
1747650043883 nan 0
1747650043896 nan 0
1747650043908 nan 0
1747650043936 nan 0
1747650043950 nan 0
1747650043963 nan 0
1747650043977 nan 0
1747650043990 nan 0
1747650044004 nan 0
1747650044017 nan 0
1747650044030 nan 0
1747650044043 nan 0
1747650044056 nan 0
1747650044065 nan 0
1747650044077 nan 0
1747650044100 nan 0
1747650044113 nan 0
1747650044128 nan 0
1747650044138 nan 0
1747650044151 nan 0
1747650044169 nan 0
1747650044179 nan 0
1747650044188 nan 0
1747650044201 nan 0
1747650044215 nan 0
1747650044223 nan 0
1747650044236 nan 0
1747650044249 nan 0
1747650044260 nan 0
1747650044272 nan 0
1747650044287 nan 0
1747650044298 nan 0
1747650044323 nan 0
1747650044348 nan 0
1747650044361 nan 0
1747650044372 nan 0
1747650044381 nan 0
1747650044393 nan 0
1747650044408 nan 0
1747650044419 nan 0
1747650044434 nan 0
1747650044444 nan 0
1747650044456 nan 0
1747650044468 nan 0
1747650044485 nan 0
1747650044496 nan 0
1747650044507 nan 0
1747650044518 nan 0
1747650044531 nan 0
1747650044546 nan 0
1747650044555 nan 0
1747650044569 nan 0
1747650044577 nan 0
1747650044589 nan 0
1747650044596 nan 0
1747650044613 nan 0
1747650044624 nan 0
1747650044635 nan 0
1747650044647 nan 0
1747650044658 nan 0
1747650044673 nan 0
1747650044684 nan 0
1747650044702 nan 0
1747650044713 nan 0
1747650044731 nan 0
1747650044749 nan 0
1747650044761 nan 0
1747650044774 nan 0
1747650044786 nan 0
1747650044803 nan 0
1747650044825 nan 0
1747650044839 nan 0
1747650044850 nan 0
1747650044866 nan 0
1747650044877 nan 0
1747650044894 nan 0
1747650044904 nan 0
1747650044916 nan 0
1747650044944 nan 0
1747650044956 nan 0
1747650044984 nan 0
1747650044994 nan 0
1747650045006 nan 0
1747650045017 nan 0
1747650045037 nan 0
1747650045046 nan 0
1747650045055 nan 0
1747650045069 nan 0
1747650045080 nan 0
1747650045100 nan 0
1747650045111 nan 0
1747650045119 nan 0
1747650045131 nan 0
1747650045143 nan 0
1747650045170 nan 0
1747650045180 nan 0
1747650045194 nan 0
1747650045208 nan 0
1747650045217 nan 0
1747650045229 nan 0
1747650045236 nan 0
1747650045246 nan 0
1747650045259 nan 0
1747650045268 nan 0
1747650045277 nan 0
1747650045285 nan 0
1747650045297 nan 0
1747650045314 nan 0
1747650045331 nan 0
1747650045358 nan 0
1747650045371 nan 0
1747650045381 nan 0
1747650045393 nan 0
1747650045404 nan 0
1747650045416 nan 0
1747650045425 nan 0
1747650045437 nan 0
1747650045448 nan 0
1747650045456 nan 0
1747650045467 nan 0
1747650045480 nan 0
1747650045488 nan 0
1747650045496 nan 0
1747650045507 nan 0
1747650045534 nan 0
1747650045551 nan 0
1747650045563 nan 0
1747650045575 nan 0
1747650045587 nan 0
1747650045594 nan 0
1747650045602 nan 0
1747650045613 nan 0
1747650045623 nan 0
1747650045636 nan 0
1747650045647 nan 0
1747650045660 nan 0
1747650045671 nan 0
1747650045694 nan 0
1747650045712 nan 0
1747650045723 nan 0
1747650045734 nan 0
1747650045746 nan 0
1747650045759 nan 0
1747650045776 nan 0
1747650045788 nan 0
1747650045799 nan 0
1747650045808 nan 0
1747650045822 nan 0
1747650045835 nan 0
1747650045847 nan 0
1747650045858 nan 0
1747650045874 nan 0
1747650045885 nan 0
1747650045900 nan 0
1747650045911 nan 0
1747650045924 nan 0
1747650045960 nan 0
1747650045988 nan 0
1747650045999 nan 0
1747650046014 nan 0
1747650046029 nan 0
1747650046044 nan 0
1747650046056 nan 0
1747650046068 nan 0
1747650046081 nan 0
1747650046090 nan 0
1747650046098 nan 0
1747650046110 nan 0
1747650046132 nan 0
1747650046146 nan 0
1747650046158 nan 0
1747650046185 nan 0
1747650046211 nan 0
1747650046224 nan 0
1747650046236 nan 0
1747650046255 nan 0
1747650046267 nan 0
1747650046279 nan 0
1747650046289 nan 0
1747650046298 nan 0
1747650046313 nan 0
1747650046323 nan 0
1747650046335 nan 0
1747650046344 nan 0
1747650046352 nan 0
1747650046361 nan 0
1747650046377 nan 0
1747650046387 nan 0
1747650046399 nan 0
1747650046411 nan 0
1747650046421 nan 0
1747650046429 nan 0
1747650046441 nan 0
1747650046449 nan 0
1747650046460 nan 0
1747650046475 nan 0
1747650046493 nan 0
1747650046504 nan 0
1747650046516 nan 0
1747650046527 nan 0
1747650046541 nan 0
1747650046553 nan 0
1747650046567 nan 0
1747650046581 nan 0
1747650046589 nan 0
1747650046607 nan 0
1747650046619 nan 0
1747650046627 nan 0
1747650046637 nan 0
1747650046649 nan 0
1747650046661 nan 0
1747650046679 nan 0
1747650046690 nan 0
1747650046702 nan 0
1747650046710 nan 0
1747650046721 nan 0
1747650046732 nan 0
1747650046746 nan 0
1747650046757 nan 0
1747650046767 nan 0
1747650046778 nan 0
1747650046791 nan 0
1747650046803 nan 0
1747650046820 nan 0
1747650046830 nan 0
1747650046843 nan 0
1747650046852 nan 0
1747650046860 nan 0
1747650046872 nan 0
1747650046879 nan 0
1747650046888 nan 0
1747650046898 nan 0
1747650046907 nan 0
1747650046915 nan 0
1747650046923 nan 0
1747650046930 nan 0
1747650046942 nan 0
1747650046953 nan 0
1747650046963 nan 0
1747650046975 nan 0
1747650046988 nan 0
1747650047000 nan 0
1747650047012 nan 0
1747650047023 nan 0
1747650047030 nan 0
1747650047039 nan 0
1747650047050 nan 0
1747650047061 nan 0
1747650047069 nan 0
1747650047077 nan 0
1747650047086 nan 0
1747650047096 nan 0
1747650047111 nan 0
1747650047118 nan 0
1747650047130 nan 0
1747650047143 nan 0
1747650047152 nan 0
1747650047163 nan 0
1747650047172 nan 0
1747650047190 nan 0
1747650047206 nan 0
1747650047218 nan 0
1747650047230 nan 0
1747650047244 nan 0
1747650047262 nan 0
1747650047271 nan 0
1747650047283 nan 0
1747650047294 nan 0
1747650047305 nan 0
1747650047323 nan 0
1747650047334 nan 0
1747650047346 nan 0
1747650047357 nan 0
1747650047369 nan 0
1747650047389 nan 0
1747650047402 nan 0
1747650047440 nan 0
1747650047452 nan 0
1747650047470 nan 0
1747650047480 nan 0
1747650047492 nan 0
1747650047505 nan 0
1747650047517 nan 0
1747650047529 nan 0
1747650047543 nan 0
1747650047554 nan 0
1747650047566 nan 0
1747650047577 nan 0
1747650047589 nan 0
1747650047602 nan 0
1747650047614 nan 0
1747650047627 nan 0
1747650047639 nan 0
1747650047651 nan 0
1747650047663 nan 0
1747650047674 nan 0
1747650047696 nan 0
1747650047704 nan 0
1747650047715 nan 0
1747650047726 nan 0
1747650047734 nan 0
1747650047748 nan 0
1747650047765 nan 0
1747650047779 nan 0
1747650047791 nan 0
1747650047798 nan 0
1747650047833 nan 0
1747650047847 nan 0
1747650047858 nan 0
1747650047871 nan 0
1747650047879 nan 0
1747650047890 nan 0
1747650047902 nan 0
1747650047913 nan 0
1747650047921 nan 0
1747650047929 nan 0
1747650047941 nan 0
1747650047957 nan 0
1747650047969 nan 0
1747650047986 nan 0
1747650047993 nan 0
1747650048009 nan 0
1747650048018 nan 0
1747650048026 nan 0
1747650048039 nan 0
1747650048051 nan 0
1747650048060 nan 0
1747650048072 nan 0
1747650048081 nan 0
1747650048088 nan 0
1747650048102 nan 0
1747650048114 nan 0
1747650048125 nan 0
1747650048134 nan 0
1747650048157 nan 0
1747650048169 nan 0
1747650048182 nan 0
1747650048194 nan 0
1747650048206 nan 0
1747650048223 nan 0
1747650048247 nan 0
1747650048259 nan 0
1747650048269 nan 0
1747650048281 nan 0
1747650048288 nan 0
1747650048300 nan 0
1747650048311 nan 0
1747650048318 nan 0
1747650048329 nan 0
1747650048336 nan 0
1747650048346 nan 0
1747650048358 nan 0
1747650048367 nan 0
1747650048377 nan 0
1747650048386 nan 0
1747650048398 nan 0
1747650048410 nan 0
1747650048419 nan 0
1747650048436 nan 0
1747650048447 nan 0
1747650048457 nan 0
1747650048471 nan 0
1747650048478 nan 0
1747650048491 nan 0
1747650048515 nan 0
1747650048541 nan 0
1747650048552 nan 0
1747650048563 nan 0
1747650048578 nan 0
1747650048594 nan 0
1747650048605 nan 0
1747650048616 nan 0
1747650048632 nan 0
1747650048644 nan 0
1747650048669 nan 0
1747650048684 nan 0
1747650048696 nan 0
1747650048707 nan 0
1747650048718 nan 0
1747650048734 nan 0
1747650048743 nan 0
1747650048759 nan 0
1747650048769 nan 0
1747650048777 nan 0
1747650048788 nan 0
1747650048799 nan 0
1747650048812 nan 0
1747650048827 nan 0
1747650048839 nan 0
1747650048851 nan 0
1747650048869 nan 0
1747650048892 nan 0
1747650048901 nan 0
1747650048909 nan 0
1747650048923 nan 0
1747650048936 nan 0
1747650048944 nan 0
1747650048951 nan 0
1747650048962 nan 0
1747650048974 nan 0
1747650048994 nan 0
1747650049011 nan 0
1747650049034 nan 0
1747650049046 nan 0
1747650049058 nan 0
1747650049071 nan 0
1747650049083 nan 0
1747650049094 nan 0
1747650049102 nan 0
1747650049121 nan 0
1747650049132 nan 0
1747650049140 nan 0
1747650049150 nan 0
1747650049169 nan 0
1747650049179 nan 0
1747650049191 nan 0
1747650049203 nan 0
1747650049211 nan 0
1747650049219 nan 0
1747650049235 nan 0
1747650049263 nan 0
1747650049275 nan 0
1747650049287 nan 0
1747650049298 nan 0
1747650049310 nan 0
1747650049321 nan 0
1747650049332 nan 0
1747650049341 nan 0
1747650049353 nan 0
1747650049369 nan 0
1747650049381 nan 0
1747650049392 nan 0
1747650049405 nan 0
1747650049435 nan 0
1747650049449 nan 0
1747650049461 nan 0
1747650049474 nan 0
1747650049487 nan 0
1747650049499 nan 0
1747650049516 nan 0
1747650049523 nan 0
1747650049550 nan 0
1747650049558 nan 0
1747650049567 nan 0
1747650049578 nan 0
1747650049589 nan 0
1747650049604 nan 0
1747650049614 nan 0
1747650049625 nan 0
1747650049634 nan 0
1747650049645 nan 0
1747650049654 nan 0
1747650049667 nan 0
1747650049679 nan 0
1747650049702 nan 0
1747650049714 nan 0
1747650049722 nan 0
1747650049734 nan 0
1747650049745 nan 0
1747650049753 nan 0
1747650049765 nan 0
1747650049776 nan 0
1747650049786 nan 0
1747650049794 nan 0
1747650049810 nan 0
1747650049830 nan 0
1747650049842 nan 0
1747650049850 nan 0
1747650049866 nan 0
1747650049890 nan 0
1747650049899 nan 0
1747650049911 nan 0
1747650049923 nan 0
1747650049934 nan 0
1747650049952 nan 0
1747650049964 nan 0
1747650049975 nan 0
1747650049993 nan 0
1747650050003 nan 0
1747650050010 nan 0
1747650050023 nan 0
1747650050033 nan 0
1747650050042 nan 0
1747650050054 nan 0
1747650050061 nan 0
1747650050073 nan 0
1747650050085 nan 0
1747650050102 nan 0
1747650050117 nan 0
1747650050127 nan 0
1747650050140 nan 0
1747650050154 nan 0
1747650050170 nan 0
1747650050181 nan 0
1747650050193 nan 0
1747650050205 nan 0
1747650050222 nan 0
1747650050252 nan 0
1747650050263 nan 0
1747650050287 nan 0
1747650050304 nan 0
1747650050319 nan 0
1747650050331 nan 0
1747650050340 nan 0
1747650050350 nan 0
1747650050359 nan 0
1747650050368 nan 0
1747650050415 nan 0
1747650050427 nan 0
1747650050443 nan 0
1747650050454 nan 0
1747650050464 nan 0
1747650050482 nan 0
1747650050497 nan 0
1747650050510 nan 0
1747650050521 nan 0
1747650050533 nan 0
1747650050543 nan 0
1747650050554 nan 0
1747650050566 nan 0
1747650050583 nan 0
1747650050594 nan 0
1747650050611 nan 0
1747650050621 nan 0
1747650050640 nan 0
1747650050651 nan 0
1747650050663 nan 0
1747650050670 nan 0
1747650050682 nan 0
1747650050694 nan 0
1747650050719 nan 0
1747650050733 nan 0
1747650050757 nan 0
1747650050769 nan 0
1747650050781 nan 0
1747650050797 nan 0
1747650050808 nan 0
1747650050821 nan 0
1747650050832 nan 0
1747650050842 nan 0
1747650050852 nan 0
1747650050863 nan 0
1747650050873 nan 0
1747650050885 nan 0
1747650050897 nan 0
1747650050914 nan 0
1747650050934 nan 0
1747650050948 nan 0
1747650050959 nan 0
1747650050973 nan 0
1747650050984 nan 0
1747650051007 nan 0
1747650051018 nan 0
1747650051029 nan 0
1747650051039 nan 0
1747650051047 nan 0
1747650051058 nan 0
1747650051071 nan 0
1747650051086 nan 0
1747650051098 nan 0
1747650051116 nan 0
1747650051128 nan 0
1747650051140 nan 0
1747650051171 nan 0
1747650051182 nan 0
1747650051204 nan 0
1747650051216 nan 0
1747650051240 nan 0
1747650051257 nan 0
1747650051266 nan 0
1747650051277 nan 0
1747650051289 nan 0
1747650051302 nan 0
1747650051314 nan 0
1747650051332 nan 0
1747650051347 nan 0
1747650051358 nan 0
1747650051370 nan 0
1747650051377 nan 0
1747650051389 nan 0
1747650051398 nan 0
1747650051409 nan 0
1747650051420 nan 0
1747650051433 nan 0
1747650051444 nan 0
1747650051451 nan 0
1747650051460 nan 0
1747650051475 nan 0
1747650051494 nan 0
1747650051507 nan 0
1747650051537 nan 0
1747650051561 nan 0
1747650051568 nan 0
1747650051577 nan 0
1747650051586 nan 0
1747650051601 nan 0
1747650051615 nan 0
1747650051631 nan 0
1747650051643 nan 0
1747650051658 nan 0
1747650051669 nan 0
1747650051681 nan 0
1747650051693 nan 0
1747650051702 nan 0
1747650051714 nan 0
1747650051722 nan 0
1747650051743 nan 0
1747650051756 nan 0
1747650051768 nan 0
1747650051779 nan 0
1747650051790 nan 0
1747650051801 nan 0
1747650051812 nan 0
1747650051824 nan 0
1747650051835 nan 0
1747650051842 nan 0
1747650051854 nan 0
1747650051867 nan 0
1747650051876 nan 0
1747650051885 nan 0
1747650051897 nan 0
1747650051908 nan 0
1747650051920 nan 0
1747650051933 nan 0
1747650051946 nan 0
1747650051961 nan 0
1747650051973 nan 0
1747650051984 nan 0
1747650051993 nan 0
1747650052005 nan 0
1747650052030 nan 0
1747650052041 nan 0
1747650052061 nan 0
1747650052072 nan 0
1747650052084 nan 0
1747650052100 nan 0
1747650052119 nan 0
1747650052136 nan 0
1747650052149 nan 0
1747650052161 nan 0
1747650052172 nan 0
1747650052184 nan 0
1747650052201 nan 0
1747650052213 nan 0
1747650052230 nan 0
1747650052241 nan 0
1747650052252 nan 0
1747650052266 nan 0
1747650052277 nan 0
1747650052285 nan 0
1747650052299 nan 0
1747650052306 nan 0
1747650052318 nan 0
1747650052352 nan 0
1747650052372 nan 0
1747650052389 nan 0
1747650052400 nan 0
1747650052411 nan 0
1747650052426 nan 0
1747650052434 nan 0
1747650052443 nan 0
1747650052455 nan 0
1747650052463 nan 0
1747650052472 nan 0
1747650052483 nan 0
1747650052494 nan 0
1747650052506 nan 0
1747650052518 nan 0
1747650052536 nan 0
1747650052562 nan 0
1747650052576 nan 0
1747650052588 nan 0
1747650052603 nan 0
1747650052621 nan 0
1747650052632 nan 0
1747650052642 nan 0
1747650052659 nan 0
1747650052671 nan 0
1747650052684 nan 0
1747650052696 nan 0
1747650052703 nan 0
1747650052713 nan 0
1747650052725 nan 0
1747650052734 nan 0
1747650052744 nan 0
1747650052755 nan 0
1747650052774 nan 0
1747650052791 nan 0
1747650052798 nan 0
1747650052813 nan 0
1747650052825 nan 0
1747650052833 nan 0
1747650052857 nan 0
1747650052867 nan 0
1747650052878 nan 0
1747650052889 nan 0
1747650052906 nan 0
1747650052917 nan 0
1747650052931 nan 0
1747650052944 nan 0
1747650052956 nan 0
1747650052975 nan 0
1747650052994 nan 0
1747650053006 nan 0
1747650053019 nan 0
1747650053030 nan 0
1747650053037 nan 0
1747650053049 nan 0
1747650053063 nan 0
1747650053072 nan 0
1747650053079 nan 0
1747650053091 nan 0
1747650053102 nan 0
1747650053119 nan 0
1747650053144 nan 0
1747650053156 nan 0
1747650053169 nan 0
1747650053181 nan 0
1747650053189 nan 0
1747650053208 nan 0
1747650053217 nan 0
1747650053229 nan 0
1747650053237 nan 0
1747650053244 nan 0
1747650053256 nan 0
1747650053267 nan 0
1747650053279 nan 0
1747650053287 nan 0
1747650053295 nan 0
1747650053306 nan 0
1747650053317 nan 0
1747650053326 nan 0
1747650053348 nan 0
1747650053361 nan 0
1747650053380 nan 0
1747650053393 nan 0
1747650053405 nan 0
1747650053420 nan 0
1747650053432 nan 0
1747650053440 nan 0
1747650053454 nan 0
1747650053471 nan 0
1747650053483 nan 0
1747650053490 nan 0
1747650053497 nan 0
1747650053508 nan 0
1747650053526 nan 0
1747650053549 nan 0
1747650053561 nan 0
1747650053574 nan 0
1747650053594 nan 0
1747650053609 nan 0
1747650053636 nan 0
1747650053648 nan 0
1747650053659 nan 0
1747650053668 nan 0
1747650053676 nan 0
1747650053693 nan 0
1747650053718 nan 0
1747650053730 nan 0
1747650053737 nan 0
1747650053763 nan 0
1747650053775 nan 0
1747650053794 nan 0
1747650053806 nan 0
1747650053830 nan 0
1747650053839 nan 0
1747650053848 nan 0
1747650053860 nan 0
1747650053872 nan 0
1747650053889 nan 0
1747650053897 nan 0
1747650053914 nan 0
1747650053932 nan 0
1747650053941 nan 0
1747650053958 nan 0
1747650053983 nan 0
1747650053994 nan 0
1747650054006 nan 0
1747650054051 nan 0
1747650054062 nan 0
1747650054076 nan 0
1747650054088 nan 0
1747650054099 nan 0
1747650054116 nan 0
1747650054136 nan 0
1747650054145 nan 0
1747650054156 nan 0
1747650054165 nan 0
1747650054179 nan 0
1747650054201 nan 0
1747650054219 nan 0
1747650054231 nan 0
1747650054244 nan 0
1747650054255 nan 0
1747650054262 nan 0
1747650054274 nan 0
1747650054282 nan 0
1747650054290 nan 0
1747650054305 nan 0
1747650054316 nan 0
1747650054336 nan 0
1747650054347 nan 0
1747650054358 nan 0
1747650054367 nan 0
1747650054380 nan 0
1747650054393 nan 0
1747650054404 nan 0
1747650054420 nan 0
1747650054432 nan 0
1747650054445 nan 0
1747650054462 nan 0
1747650054474 nan 0
1747650054482 nan 0
1747650054502 nan 0
1747650054514 nan 0
1747650054526 nan 0
1747650054538 nan 0
1747650054553 nan 0
1747650054564 nan 0
1747650054577 nan 0
1747650054585 nan 0
1747650054598 nan 0
1747650054617 nan 0
1747650054629 nan 0
1747650054647 nan 0
1747650054659 nan 0
1747650054668 nan 0
1747650054680 nan 0
1747650054689 nan 0
1747650054701 nan 0
1747650054715 nan 0
1747650054726 nan 0
1747650054743 nan 0
1747650054755 nan 0
1747650054764 nan 0
1747650054773 nan 0
1747650054786 nan 0
1747650054803 nan 0
1747650054822 nan 0
1747650054830 nan 0
1747650054846 nan 0
1747650054861 nan 0
1747650054882 nan 0
1747650054898 nan 0
1747650054908 nan 0
1747650054918 nan 0
1747650054926 nan 0
1747650054938 nan 0
1747650054949 nan 0
1747650054965 nan 0
1747650054976 nan 0
1747650054988 nan 0
1747650055007 nan 0
1747650055029 nan 0
1747650055042 nan 0
1747650055051 nan 0
1747650055061 nan 0
1747650055075 nan 0
1747650055087 nan 0
1747650055100 nan 0
1747650055111 nan 0
1747650055119 nan 0
1747650055129 nan 0
1747650055138 nan 0
1747650055150 nan 0
1747650055161 nan 0
1747650055174 nan 0
1747650055188 nan 0
1747650055199 nan 0
1747650055218 nan 0
1747650055229 nan 0
1747650055238 nan 0
1747650055247 nan 0
1747650055259 nan 0
1747650055270 nan 0
1747650055282 nan 0
1747650055289 nan 0
1747650055306 nan 0
1747650055317 nan 0
1747650055329 nan 0
1747650055345 nan 0
1747650055361 nan 0
1747650055378 nan 0
1747650055389 nan 0
1747650055413 nan 0
1747650055424 nan 0
1747650055449 nan 0
1747650055457 nan 0
1747650055471 nan 0
1747650055486 nan 0
1747650055497 nan 0
1747650055523 nan 0
1747650055540 nan 0
1747650055578 nan 0
1747650055591 nan 0
1747650055610 nan 0
1747650055629 nan 0
1747650055653 nan 0
1747650055669 nan 0
1747650055688 nan 0
1747650055699 nan 0
1747650055710 nan 0
1747650055719 nan 0
1747650055742 nan 0
1747650055751 nan 0
1747650055762 nan 0
1747650055771 nan 0
1747650055783 nan 0
1747650055793 nan 0
1747650055806 nan 0
1747650055818 nan 0
1747650055847 nan 0
1747650055860 nan 0
1747650055872 nan 0
1747650055880 nan 0
1747650055890 nan 0
1747650055909 nan 0
1747650055920 nan 0
1747650055937 nan 0
1747650055949 nan 0
1747650055959 nan 0
1747650055975 nan 0
1747650055989 nan 0
1747650056019 nan 0
1747650056039 nan 0
1747650056054 nan 0
1747650056064 nan 0
1747650056075 nan 0
1747650056091 nan 0
1747650056103 nan 0
1747650056115 nan 0
1747650056124 nan 0
1747650056134 nan 0
1747650056144 nan 0
1747650056156 nan 0
1747650056167 nan 0
1747650056178 nan 0
1747650056188 nan 0
1747650056197 nan 0
1747650056208 nan 0
1747650056220 nan 0
1747650056232 nan 0
1747650056285 nan 0
1747650056299 nan 0
1747650056319 nan 0
1747650056331 nan 0
1747650056343 nan 0
1747650056358 nan 0
1747650056376 nan 0
1747650056383 nan 0
1747650056394 nan 0
1747650056407 nan 0
1747650056417 nan 0
1747650056429 nan 0
1747650056448 nan 0
1747650056461 nan 0
1747650056478 nan 0
1747650056489 nan 0
1747650056500 nan 0
1747650056510 nan 0
1747650056518 nan 0
1747650056529 nan 0
1747650056541 nan 0
1747650056552 nan 0
1747650056563 nan 0
1747650056573 nan 0
1747650056585 nan 0
1747650056596 nan 0
1747650056604 nan 0
1747650056616 nan 0
1747650056626 nan 0
1747650056636 nan 0
1747650056656 nan 0
1747650056687 nan 0
1747650056696 nan 0
1747650056705 nan 0
1747650056717 nan 0
1747650056735 nan 0
1747650056747 nan 0
1747650056758 nan 0
1747650056767 nan 0
1747650056776 nan 0
1747650056785 nan 0
1747650056796 nan 0
1747650056810 nan 0
1747650056822 nan 0
1747650056835 nan 0
1747650056848 nan 0
1747650056860 nan 0
1747650056872 nan 0
1747650056881 nan 0
1747650056893 nan 0
1747650056904 nan 0
1747650056913 nan 0
1747650056924 nan 0
1747650056941 nan 0
1747650056957 nan 0
1747650056968 nan 0
1747650056980 nan 0
1747650056996 nan 0
1747650057007 nan 0
1747650057018 nan 0
1747650057031 nan 0
1747650057057 nan 0
1747650057079 nan 0
1747650057092 nan 0
1747650057104 nan 0
1747650057116 nan 0
1747650057137 nan 0
1747650057160 nan 0
1747650057170 nan 0
1747650057178 nan 0
1747650057190 nan 0
1747650057212 nan 0
1747650057219 nan 0
1747650057229 nan 0
1747650057243 nan 0
1747650057257 nan 0
1747650057270 nan 0
1747650057283 nan 0
1747650057291 nan 0
1747650057305 nan 0
1747650057313 nan 0
1747650057325 nan 0
1747650057335 nan 0
1747650057346 nan 0
1747650057365 nan 0
1747650057377 nan 0
1747650057388 nan 0
1747650057397 nan 0
1747650057413 nan 0
1747650057425 nan 0
1747650057435 nan 0
1747650057459 nan 0
1747650057505 nan 0
1747650057518 nan 0
1747650057530 nan 0
1747650057544 nan 0
1747650057556 nan 0
1747650057568 nan 0
1747650057576 nan 0
1747650057588 nan 0
1747650057599 nan 0
1747650057611 nan 0
1747650057625 nan 0
1747650057637 nan 0
1747650057649 nan 0
1747650057662 nan 0
1747650057680 nan 0
1747650057692 nan 0
1747650057712 nan 0
1747650057726 nan 0
1747650057738 nan 0
1747650057761 nan 0
1747650057772 nan 0
1747650057786 nan 0
1747650057800 nan 0
1747650057823 nan 0
1747650057834 nan 0
1747650057845 nan 0
1747650057858 nan 0
1747650057887 nan 0
1747650057899 nan 0
1747650057911 nan 0
1747650057918 nan 0
1747650057927 nan 0
1747650057939 nan 0
1747650057956 nan 0
1747650057968 nan 0
1747650057992 nan 0
1747650057999 nan 0
1747650058014 nan 0
1747650058024 nan 0
1747650058053 nan 0
1747650058071 nan 0
1747650058085 nan 0
1747650058111 nan 0
1747650058124 nan 0
1747650058139 nan 0
1747650058157 nan 0
1747650058168 nan 0
1747650058182 nan 0
1747650058198 nan 0
1747650058210 nan 0
1747650058221 nan 0
1747650058230 nan 0
1747650058246 nan 0
1747650058264 nan 0
1747650058283 nan 0
1747650058298 nan 0
1747650058316 nan 0
1747650058323 nan 0
1747650058335 nan 0
1747650058347 nan 0
1747650058360 nan 0
1747650058371 nan 0
1747650058381 nan 0
1747650058392 nan 0
1747650058403 nan 0
1747650058414 nan 0
1747650058422 nan 0
1747650058435 nan 0
1747650058450 nan 0
1747650058461 nan 0
1747650058474 nan 0
1747650058486 nan 0
1747650058498 nan 0
1747650058510 nan 0
1747650058537 nan 0
1747650058548 nan 0
1747650058564 nan 0
1747650058576 nan 0
1747650058590 nan 0
1747650058613 nan 0
1747650058625 nan 0
1747650058639 nan 0
1747650058651 nan 0
1747650058667 nan 0
1747650058685 nan 0
1747650058718 nan 0
1747650058729 nan 0
1747650058738 nan 0
1747650058755 nan 0
1747650058767 nan 0
1747650058776 nan 0
1747650058789 nan 0
1747650058805 nan 0
1747650058820 nan 0
1747650058832 nan 0
1747650058845 nan 0
1747650058856 nan 0
1747650058867 nan 0
1747650058886 nan 0
1747650058904 nan 0
1747650058915 nan 0
1747650058927 nan 0
1747650058939 nan 0
1747650058950 nan 0
1747650058962 nan 0
1747650058969 nan 0
1747650058981 nan 0
1747650058992 nan 0
1747650059002 nan 0
1747650059017 nan 0
1747650059032 nan 0
1747650059049 nan 0
1747650059067 nan 0
1747650059078 nan 0
1747650059091 nan 0
1747650059102 nan 0
1747650059115 nan 0
1747650059131 nan 0
1747650059143 nan 0
1747650059159 nan 0
1747650059174 nan 0
1747650059184 nan 0
1747650059198 nan 0
1747650059210 nan 0
1747650059224 nan 0
1747650059231 nan 0
1747650059244 nan 0
1747650059266 nan 0
1747650059277 nan 0
1747650059289 nan 0
1747650059299 nan 0
1747650059317 nan 0
1747650059329 nan 0
1747650059341 nan 0
1747650059352 nan 0
1747650059364 nan 0
1747650059375 nan 0
1747650059386 nan 0
1747650059396 nan 0
1747650059407 nan 0
1747650059418 nan 0
1747650059439 nan 0
1747650059447 nan 0
1747650059458 nan 0
1747650059487 nan 0
1747650059499 nan 0
1747650059511 nan 0
1747650059541 nan 0
1747650059555 nan 0
1747650059567 nan 0
1747650059575 nan 0
1747650059586 nan 0
1747650059599 nan 0
1747650059609 nan 0
1747650059617 nan 0
1747650059630 nan 0
1747650059642 nan 0
1747650059656 nan 0
1747650059668 nan 0
1747650059679 nan 0
1747650059687 nan 0
1747650059699 nan 0
1747650059734 nan 0
1747650059747 nan 0
1747650059758 nan 0
1747650059768 nan 0
1747650059785 nan 0
1747650059795 nan 0
1747650059807 nan 0
1747650059822 nan 0
1747650059833 nan 0
1747650059842 nan 0
1747650059854 nan 0
1747650059863 nan 0
1747650059874 nan 0
1747650059886 nan 0
1747650059897 nan 0
1747650059909 nan 0
1747650059921 nan 0
1747650059933 nan 0
1747650059946 nan 0
1747650060869 nan 0
1747650060888 nan 0
1747650060898 nan 0
1747650060913 nan 0
1747650060952 nan 0
1747650060960 nan 0
1747650060972 nan 0
1747650060980 nan 0
1747650060991 nan 0
1747650061002 nan 0
1747650061031 nan 0
1747650061045 nan 0
1747650061060 nan 0
1747650061072 nan 0
1747650061109 nan 0
1747650061129 nan 0
1747650061155 nan 0
1747650061167 nan 0
1747650061187 nan 0
1747650061201 nan 0
1747650061216 nan 0
1747650061227 nan 0
1747650061234 nan 0
1747650061243 nan 0
1747650061261 nan 0
1747650061275 nan 0
1747650061326 nan 0
1747650061344 nan 0
1747650061353 nan 0
1747650061361 nan 0
1747650061372 nan 0
1747650061381 nan 0
1747650061392 nan 0
1747650061405 nan 0
1747650061427 nan 0
1747650061439 nan 0
1747650061456 nan 0
1747650061468 nan 0
1747650061495 nan 0
1747650061527 nan 0
1747650061537 nan 0
1747650061557 nan 0
1747650061569 nan 0
1747650061597 nan 0
1747650061613 nan 0
1747650061621 nan 0
1747650061631 nan 0
1747650061646 nan 0
1747650061661 nan 0
1747650061673 nan 0
1747650061702 nan 0
1747650061734 nan 0
1747650061743 nan 0
1747650061766 nan 0
1747650061774 nan 0
1747650061786 nan 0
1747650061800 nan 0
1747650061812 nan 0
1747650061821 nan 0
1747650061838 nan 0
1747650061853 nan 0
1747650061873 nan 0
1747650061881 nan 0
1747650061897 nan 0
1747650061909 nan 0
1747650061928 nan 0
1747650061942 nan 0
1747650061954 nan 0
1747650061969 nan 0
1747650061983 nan 0
1747650061994 nan 0
1747650062009 nan 0
1747650062027 nan 0
1747650062038 nan 0
1747650062050 nan 0
1747650062060 nan 0
1747650062067 nan 0
1747650062088 nan 0
1747650062101 nan 0
1747650062125 nan 0
1747650062137 nan 0
1747650062152 nan 0
1747650062169 nan 0
1747650062182 nan 0
1747650062193 nan 0
1747650062206 nan 0
1747650062222 nan 0
1747650062233 nan 0
1747650062248 nan 0
1747650062268 nan 0
1747650062278 nan 0
1747650062290 nan 0
1747650062298 nan 0
1747650062317 nan 0
1747650062340 nan 0
1747650062352 nan 0
1747650062364 nan 0
1747650062376 nan 0
1747650062395 nan 0
1747650062409 nan 0
1747650062418 nan 0
1747650062430 nan 0
1747650062453 nan 0
1747650062477 nan 0
1747650062489 nan 0
1747650062508 nan 0
1747650062522 nan 0
1747650062542 nan 0
1747650062554 nan 0
1747650062562 nan 0
1747650062608 nan 0
1747650062626 nan 0
1747650062637 nan 0
1747650062645 nan 0
1747650062654 nan 0
1747650062662 nan 0
1747650062673 nan 0
1747650062689 nan 0
1747650062700 nan 0
1747650062713 nan 0
1747650062725 nan 0
1747650062738 nan 0
1747650062762 nan 0
1747650062773 nan 0
1747650062789 nan 0
1747650062799 nan 0
1747650062818 nan 0
1747650062829 nan 0
1747650062841 nan 0
1747650062852 nan 0
1747650062861 nan 0
1747650062869 nan 0
1747650062877 nan 0
1747650062884 nan 0
1747650062895 nan 0
1747650062908 nan 0
1747650062920 nan 0
1747650062932 nan 0
1747650062955 nan 0
1747650062978 nan 0
1747650062990 nan 0
1747650063002 nan 0
1747650063026 nan 0
1747650063038 nan 0
1747650063050 nan 0
1747650063066 nan 0
1747650063083 nan 0
1747650063094 nan 0
1747650063106 nan 0
1747650063126 nan 0
1747650063173 nan 0
1747650063189 nan 0
1747650063201 nan 0
1747650063212 nan 0
1747650063222 nan 0
1747650063246 nan 0
1747650063275 nan 0
1747650063286 nan 0
1747650063294 nan 0
1747650063305 nan 0
1747650063317 nan 0
1747650063333 nan 0
1747650063345 nan 0
1747650063363 nan 0
1747650063377 nan 0
1747650063388 nan 0
1747650063396 nan 0
1747650063406 nan 0
1747650063429 nan 0
1747650063440 nan 0
1747650063451 nan 0
1747650063465 nan 0
1747650063476 nan 0
1747650063490 nan 0
1747650063501 nan 0
1747650063511 nan 0
1747650063523 nan 0
1747650063535 nan 0
1747650063566 nan 0
1747650063581 nan 0
1747650063595 nan 0
1747650063606 nan 0
1747650063626 nan 0
1747650063634 nan 0
1747650063645 nan 0
1747650063653 nan 0
1747650063671 nan 0
1747650063682 nan 0
1747650063690 nan 0
1747650063712 nan 0
1747650063723 nan 0
1747650063735 nan 0
1747650063753 nan 0
1747650063786 nan 0
1747650063797 nan 0
1747650063806 nan 0
1747650063818 nan 0
1747650063829 nan 0
1747650063846 nan 0
1747650063867 nan 0
1747650063881 nan 0
1747650063893 nan 0
1747650063903 nan 0
1747650063924 nan 0
1747650063945 nan 0
1747650063966 nan 0
1747650063979 nan 0
1747650063991 nan 0
1747650064003 nan 0
1747650064011 nan 0
1747650064019 nan 0
1747650064050 nan 0
1747650064072 nan 0
1747650064090 nan 0
1747650064101 nan 0
1747650064111 nan 0
1747650064124 nan 0
1747650064140 nan 0
1747650064153 nan 0
1747650064178 nan 0
1747650064196 nan 0
1747650064216 nan 0
1747650064227 nan 0
1747650064238 nan 0
1747650064250 nan 0
1747650064263 nan 0
1747650064270 nan 0
1747650064282 nan 0
1747650064291 nan 0
1747650064301 nan 0
1747650064313 nan 0
1747650064323 nan 0
1747650064335 nan 0
1747650064344 nan 0
1747650064356 nan 0
1747650064369 nan 0
1747650064381 nan 0
1747650064390 nan 0
1747650064400 nan 0
1747650064410 nan 0
1747650064420 nan 0
1747650064435 nan 0
1747650064447 nan 0
1747650064464 nan 0
1747650064480 nan 0
1747650064494 nan 0
1747650064505 nan 0
1747650064518 nan 0
1747650064530 nan 0
1747650064544 nan 0
1747650064560 nan 0
1747650064579 nan 0
1747650064589 nan 0
1747650064601 nan 0
1747650064612 nan 0
1747650064624 nan 0
1747650064635 nan 0
1747650064646 nan 0
1747650064658 nan 0
1747650064670 nan 0
1747650064681 nan 0
1747650064704 nan 0
1747650064718 nan 0
1747650064742 nan 0
1747650064752 nan 0
1747650064767 nan 0
1747650064780 nan 0
1747650064803 nan 0
1747650064816 nan 0
1747650064824 nan 0
1747650064840 nan 0
1747650064860 nan 0
1747650064884 nan 0
1747650064896 nan 0
1747650064915 nan 0
1747650064927 nan 0
1747650064946 nan 0
1747650064975 nan 0
1747650064988 nan 0
1747650065003 nan 0
1747650065015 nan 0
1747650065030 nan 0
1747650065042 nan 0
1747650065060 nan 0
1747650065077 nan 0
1747650065089 nan 0
1747650065097 nan 0
1747650065106 nan 0
1747650065118 nan 0
1747650065130 nan 0
1747650065142 nan 0
1747650065159 nan 0
1747650065172 nan 0
1747650065198 nan 0
1747650065222 nan 0
1747650065231 nan 0
1747650065244 nan 0
1747650065255 nan 0
1747650065273 nan 0
1747650065282 nan 0
1747650065294 nan 0
1747650065306 nan 0
1747650065318 nan 0
1747650065345 nan 0
1747650065357 nan 0
1747650065368 nan 0
1747650065381 nan 0
1747650065411 nan 0
1747650065421 nan 0
1747650065445 nan 0
1747650065457 nan 0
1747650065468 nan 0
1747650065480 nan 0
1747650065499 nan 0
1747650065506 nan 0
1747650065513 nan 0
1747650065524 nan 0
1747650065535 nan 0
1747650065552 nan 0
1747650065570 nan 0
1747650065582 nan 0
1747650065596 nan 0
1747650065636 nan 0
1747650065665 nan 0
1747650065702 nan 0
1747650065714 nan 0
1747650065725 nan 0
1747650065737 nan 0
1747650065745 nan 0
1747650065762 nan 0
1747650065774 nan 0
1747650065787 nan 0
1747650065809 nan 0
1747650065829 nan 0
1747650065841 nan 0
1747650065867 nan 0
1747650065892 nan 0
1747650065904 nan 0
1747650065916 nan 0
1747650065935 nan 0
1747650065951 nan 0
1747650065960 nan 0
1747650065988 nan 0
1747650066014 nan 0
1747650066046 nan 0
1747650066070 nan 0
1747650066078 nan 0
1747650066086 nan 0
1747650066104 nan 0
1747650066115 nan 0
1747650066126 nan 0
1747650066141 nan 0
1747650066152 nan 0
1747650066164 nan 0
1747650066173 nan 0
1747650066188 nan 0
1747650066200 nan 0
1747650066221 nan 0
1747650066233 nan 0
1747650066240 nan 0
1747650066252 nan 0
1747650066270 nan 0
1747650066285 nan 0
1747650066296 nan 0
1747650066307 nan 0
1747650066324 nan 0
1747650066335 nan 0
1747650066350 nan 0
1747650066361 nan 0
1747650066382 nan 0
1747650066404 nan 0
1747650066416 nan 0
1747650066427 nan 0
1747650066439 nan 0
1747650066448 nan 0
1747650066468 nan 0
1747650066480 nan 0
1747650066499 nan 0
1747650066511 nan 0
1747650066522 nan 0
1747650066545 nan 0
1747650066562 nan 0
1747650066576 nan 0
1747650066598 nan 0
1747650066610 nan 0
1747650066635 nan 0
1747650066651 nan 0
1747650066669 nan 0
1747650066682 nan 0
1747650066694 nan 0
1747650066706 nan 0
1747650066735 nan 0
1747650066748 nan 0
1747650066767 nan 0
1747650066782 nan 0
1747650066794 nan 0
1747650066805 nan 0
1747650066815 nan 0
1747650066839 nan 0
1747650066851 nan 0
1747650066863 nan 0
1747650066878 nan 0
1747650066888 nan 0
1747650066906 nan 0
1747650066922 nan 0
1747650066936 nan 0
1747650066991 nan 0
1747650066999 nan 0
1747650067016 nan 0
1747650067028 nan 0
1747650067041 nan 0
1747650067059 nan 0
1747650067071 nan 0
1747650067084 nan 0
