1747650029570 0.0 0
1747650029584 100.0 0
1747650029596 0.0 0
1747650029634 0.0 0
1747650029687 0.0 0
1747650029703 100.0 0
1747650029715 100.0 0
1747650029731 0.0 0
1747650029743 0.0 0
1747650029753 0.0 0
1747650029774 0.0 0
1747650029786 0.0 0
1747650029798 100.0 0
1747650029814 100.0 0
1747650029825 0.0 0
1747650029838 0.0 0
1747650029870 0.0 0
1747650029891 0.0 0
1747650029921 100.0 0
1747650029932 0.0 0
1747650029943 100.0 0
1747650029954 0.0 0
1747650029969 0.0 0
1747650029983 0.0 0
1747650029999 0.0 0
1747650030010 100.0 0
1747650030021 100.0 0
1747650030031 100.0 0
1747650030054 0.0 0
1747650030070 100.0 0
1747650030083 100.0 0
1747650030100 100.0 0
1747650030113 100.0 0
1747650030127 100.0 0
1747650030138 0.0 0
1747650030151 0.0 0
1747650030164 100.0 0
1747650030190 0.0 0
1747650030205 0.0 0
1747650030220 0.0 0
1747650030234 100.0 0
1747650030250 100.0 0
1747650030282 0.0 0
1747650030297 0.0 0
1747650030307 0.0 0
1747650030321 100.0 0
1747650030335 0.0 0
1747650030359 100.0 0
1747650030372 0.0 0
1747650030386 100.0 0
1747650030402 100.0 0
1747650030428 0.0 0
1747650030443 0.0 0
1747650030465 0.0 0
1747650030480 0.0 0
1747650030493 100.0 0
1747650030520 0.0 0
1747650030538 0.0 0
1747650030564 100.0 0
1747650030576 100.0 0
1747650030587 0.0 0
1747650030598 100.0 0
1747650030607 100.0 0
1747650030616 0.0 0
1747650030624 0.0 0
1747650030636 0.0 0
1747650030648 0.0 0
1747650030661 100.0 0
1747650030690 0.0 0
1747650030702 0.0 0
1747650030711 100.0 0
1747650030721 0.0 0
1747650030741 0.0 0
1747650030761 100.0 0
1747650030773 0.0 0
1747650030784 0.0 0
1747650030796 0.0 0
1747650030814 0.0 0
1747650030837 100.0 0
1747650030847 100.0 0
1747650030868 0.0 0
1747650030895 0.0 0
1747650030907 0.0 0
1747650030918 100.0 0
1747650030929 0.0 0
1747650030937 0.0 0
1747650030969 100.0 0
1747650030980 100.0 0
1747650030999 0.0 0
1747650031013 0.0 0
1747650031027 100.0 0
1747650031040 100.0 0
1747650031054 100.0 0
1747650031071 100.0 0
1747650031083 100.0 0
1747650031099 100.0 0
1747650031114 100.0 0
1747650031128 100.0 0
1747650031142 0.0 0
1747650031162 100.0 0
1747650031181 0.0 0
1747650031200 100.0 0
1747650031215 0.0 0
1747650031227 100.0 0
1747650031241 0.0 0
1747650031253 0.0 0
1747650031273 0.0 0
1747650031283 0.0 0
1747650031300 0.0 0
1747650031312 100.0 0
1747650031328 100.0 0
1747650031350 100.0 0
1747650031364 100.0 0
1747650031375 100.0 0
1747650031387 0.0 0
1747650031398 100.0 0
1747650031410 100.0 0
1747650031427 100.0 0
1747650031445 100.0 0
1747650031456 0.0 0
1747650031474 100.0 0
1747650031485 100.0 0
1747650031498 100.0 0
1747650031510 0.0 0
1747650031521 0.0 0
1747650031531 100.0 0
1747650031542 100.0 0
1747650031554 100.0 0
1747650031565 100.0 0
1747650031578 100.0 0
1747650031603 0.0 0
1747650031617 0.0 0
1747650031630 0.0 0
1747650031644 0.0 0
1747650031667 100.0 0
1747650031682 0.0 0
1747650031696 100.0 0
1747650031721 0.0 0
1747650031733 100.0 0
1747650031745 100.0 0
1747650031760 100.0 0
1747650031773 100.0 0
1747650031788 0.0 0
1747650031801 0.0 0
1747650031814 0.0 0
1747650031827 0.0 0
1747650031845 0.0 0
1747650031854 0.0 0
1747650031883 0.0 0
1747650031898 100.0 0
1747650031912 100.0 0
1747650031925 0.0 0
1747650031937 0.0 0
1747650031968 100.0 0
1747650031983 100.0 0
1747650031994 0.0 0
1747650032003 0.0 0
1747650032012 0.0 0
1747650032024 100.0 0
1747650032035 100.0 0
1747650032044 0.0 0
1747650032062 0.0 0
1747650032075 100.0 0
1747650032085 0.0 0
1747650032101 100.0 0
1747650032115 0.0 0
1747650032124 0.0 0
1747650032133 100.0 0
1747650032144 0.0 0
1747650032155 0.0 0
1747650032170 100.0 0
1747650032181 0.0 0
1747650032194 0.0 0
1747650032211 100.0 0
1747650032223 100.0 0
1747650032235 100.0 0
1747650032260 100.0 0
1747650032272 100.0 0
1747650032301 0.0 0
1747650032322 100.0 0
1747650032353 0.0 0
1747650032379 100.0 0
1747650032399 0.0 0
1747650032412 0.0 0
1747650032425 100.0 0
1747650032437 0.0 0
1747650032450 0.0 0
1747650032461 100.0 0
1747650032480 0.0 0
1747650032507 100.0 0
1747650032522 0.0 0
1747650032537 0.0 0
1747650032554 0.0 0
1747650032564 100.0 0
1747650032586 100.0 0
1747650032599 100.0 0
1747650032609 100.0 0
1747650032622 100.0 0
1747650032641 0.0 0
1747650032654 0.0 0
1747650032665 100.0 0
1747650032678 100.0 0
1747650032689 100.0 0
1747650032699 0.0 0
1747650032711 0.0 0
1747650032724 0.0 0
1747650032738 100.0 0
1747650032752 100.0 0
1747650032764 0.0 0
1747650032774 0.0 0
1747650032787 100.0 0
1747650032798 100.0 0
1747650032815 0.0 0
1747650032825 100.0 0
1747650032839 0.0 0
1747650032847 0.0 0
1747650032859 100.0 0
1747650032869 0.0 0
1747650032881 0.0 0
1747650032897 0.0 0
1747650032906 100.0 0
1747650032917 100.0 0
1747650032928 100.0 0
1747650032940 100.0 0
1747650032953 0.0 0
1747650032972 100.0 0
1747650032990 0.0 0
1747650033001 0.0 0
1747650033013 0.0 0
1747650033024 0.0 0
1747650033036 100.0 0
1747650033053 100.0 0
1747650033064 0.0 0
1747650033072 100.0 0
1747650033084 0.0 0
1747650033094 100.0 0
1747650033108 0.0 0
1747650033120 100.0 0
1747650033133 100.0 0
1747650033145 0.0 0
1747650033156 100.0 0
1747650033168 0.0 0
1747650033176 100.0 0
1747650033185 100.0 0
1747650033197 0.0 0
1747650033216 0.0 0
1747650033232 0.0 0
1747650033242 100.0 0
1747650033254 100.0 0
1747650033265 0.0 0
1747650033277 100.0 0
1747650033287 100.0 0
1747650033298 100.0 0
1747650033311 0.0 0
1747650033319 100.0 0
1747650033338 100.0 0
1747650033351 0.0 0
1747650033364 0.0 0
1747650033376 0.0 0
1747650033386 100.0 0
1747650033399 0.0 0
1747650033411 0.0 0
1747650033418 0.0 0
1747650033430 100.0 0
1747650033439 100.0 0
1747650033470 0.0 0
1747650033478 100.0 0
1747650033505 100.0 0
1747650033517 100.0 0
1747650033528 0.0 0
1747650033539 100.0 0
1747650033556 100.0 0
1747650033568 100.0 0
1747650033580 0.0 0
1747650033600 100.0 0
1747650033609 100.0 0
1747650033623 100.0 0
1747650033640 0.0 0
1747650033654 0.0 0
1747650033669 100.0 0
1747650033682 100.0 0
1747650033711 0.0 0
1747650033725 0.0 0
1747650033738 0.0 0
1747650033752 0.0 0
1747650033786 0.0 0
1747650033803 0.0 0
1747650033823 100.0 0
1747650033836 100.0 0
1747650033859 0.0 0
1747650033871 0.0 0
1747650033883 100.0 0
1747650033906 100.0 0
1747650033917 100.0 0
1747650033927 100.0 0
1747650033939 100.0 0
1747650033959 0.0 0
1747650033975 100.0 0
1747650033994 0.0 0
1747650034006 0.0 0
1747650034018 100.0 0
1747650034028 0.0 0
1747650034041 100.0 0
1747650034050 0.0 0
1747650034065 0.0 0
1747650034080 0.0 0
1747650034092 100.0 0
1747650034102 100.0 0
1747650034115 100.0 0
1747650034126 100.0 0
1747650034135 0.0 0
1747650034149 100.0 0
1747650034162 0.0 0
1747650034184 0.0 0
1747650034193 0.0 0
1747650034202 100.0 0
1747650034225 100.0 0
1747650034235 100.0 0
1747650034254 100.0 0
1747650034261 100.0 0
1747650034284 100.0 0
1747650034295 0.0 0
1747650034303 100.0 0
1747650034312 100.0 0
1747650034327 0.0 0
1747650034335 0.0 0
1747650034347 0.0 0
1747650034360 100.0 0
1747650034375 0.0 0
1747650034404 100.0 0
1747650034417 100.0 0
1747650034428 0.0 0
1747650034436 0.0 0
1747650034453 0.0 0
1747650034464 0.0 0
1747650034473 100.0 0
1747650034512 0.0 0
1747650034526 100.0 0
1747650034537 100.0 0
1747650034549 100.0 0
1747650034566 0.0 0
1747650034591 0.0 0
1747650034610 0.0 0
1747650034623 0.0 0
1747650034631 0.0 0
1747650034643 100.0 0
1747650034652 0.0 0
1747650034659 0.0 0
1747650034668 0.0 0
1747650034680 0.0 0
1747650034689 0.0 0
1747650034699 0.0 0
1747650034714 100.0 0
1747650034723 100.0 0
1747650034732 0.0 0
1747650034743 100.0 0
1747650034759 100.0 0
1747650034770 0.0 0
1747650034782 0.0 0
1747650034793 0.0 0
1747650034805 100.0 0
1747650034815 100.0 0
1747650034831 0.0 0
1747650034841 100.0 0
1747650034858 100.0 0
1747650034870 0.0 0
1747650034882 0.0 0
1747650034903 0.0 0
1747650034919 0.0 0
1747650034930 100.0 0
1747650034951 100.0 0
1747650034962 0.0 0
1747650034974 100.0 0
1747650034986 0.0 0
1747650035003 0.0 0
1747650035016 100.0 0
1747650035023 100.0 0
1747650035035 100.0 0
1747650035046 100.0 0
1747650035058 100.0 0
1747650035065 0.0 0
1747650035073 100.0 0
1747650035085 0.0 0
1747650035102 100.0 0
1747650035114 0.0 0
1747650035125 0.0 0
1747650035135 0.0 0
1747650035157 100.0 0
1747650035172 100.0 0
1747650035194 100.0 0
1747650035206 100.0 0
1747650035218 0.0 0
1747650035240 100.0 0
1747650035253 0.0 0
1747650035264 100.0 0
1747650035284 100.0 0
1747650035299 0.0 0
1747650035316 0.0 0
1747650035327 100.0 0
1747650035339 0.0 0
1747650035353 100.0 0
1747650035374 100.0 0
1747650035384 0.0 0
1747650035396 100.0 0
1747650035408 0.0 0
1747650035422 0.0 0
1747650035446 0.0 0
1747650035458 100.0 0
1747650035469 0.0 0
1747650035480 100.0 0
1747650035489 100.0 0
1747650035497 100.0 0
1747650035509 0.0 0
1747650035518 0.0 0
1747650035530 0.0 0
1747650035540 0.0 0
1747650035548 0.0 0
1747650035555 100.0 0
1747650035566 100.0 0
1747650035574 100.0 0
1747650035586 100.0 0
1747650035601 100.0 0
1747650035612 0.0 0
1747650035622 0.0 0
1747650035633 0.0 0
1747650035659 100.0 0
1747650035670 100.0 0
1747650035686 100.0 0
1747650035697 100.0 0
1747650035709 0.0 0
1747650035720 100.0 0
1747650035728 100.0 0
1747650035739 100.0 0
1747650035750 100.0 0
1747650035762 100.0 0
1747650035773 0.0 0
1747650035790 0.0 0
1747650035802 100.0 0
1747650035814 0.0 0
1747650035826 100.0 0
1747650035838 0.0 0
1747650035845 0.0 0
1747650035862 0.0 0
1747650035874 100.0 0
1747650035885 0.0 0
1747650035894 0.0 0
1747650035902 0.0 0
1747650035909 0.0 0
1747650035921 0.0 0
1747650035928 100.0 0
1747650035940 100.0 0
1747650035952 100.0 0
1747650035963 0.0 0
1747650035975 100.0 0
1747650035986 100.0 0
1747650036002 0.0 0
1747650036020 100.0 0
1747650036038 100.0 0
1747650036049 100.0 0
1747650036066 100.0 0
1747650036075 0.0 0
1747650036086 0.0 0
1747650036098 0.0 0
1747650036107 0.0 0
1747650036118 100.0 0
1747650036130 100.0 0
1747650036141 100.0 0
1747650036151 100.0 0
1747650036169 100.0 0
1747650036177 0.0 0
1747650036191 100.0 0
1747650036201 100.0 0
1747650036213 100.0 0
1747650036226 100.0 0
1747650036238 0.0 0
1747650036254 0.0 0
1747650036271 100.0 0
1747650036288 100.0 0
1747650036302 0.0 0
1747650036316 0.0 0
1747650036332 0.0 0
1747650036343 0.0 0
1747650036356 100.0 0
1747650036366 0.0 0
1747650036373 0.0 0
1747650036382 100.0 0
1747650036390 100.0 0
1747650036400 0.0 0
1747650036415 0.0 0
1747650036432 0.0 0
1747650036442 0.0 0
1747650036458 100.0 0
1747650036469 100.0 0
1747650036480 0.0 0
1747650036492 0.0 0
1747650036503 0.0 0
1747650036516 100.0 0
1747650036527 0.0 0
1747650036538 0.0 0
1747650036547 100.0 0
1747650036558 0.0 0
1747650036565 100.0 0
1747650036586 0.0 0
1747650036600 100.0 0
1747650036610 0.0 0
1747650036622 100.0 0
1747650036634 0.0 0
1747650036644 100.0 0
1747650036651 0.0 0
1747650036663 100.0 0
1747650036674 100.0 0
1747650036684 0.0 0
1747650036695 0.0 0
1747650036707 0.0 0
1747650036725 100.0 0
1747650036739 0.0 0
1747650036756 0.0 0
1747650036767 100.0 0
1747650036784 0.0 0
1747650036791 100.0 0
1747650036808 100.0 0
1747650036839 100.0 0
1747650036853 100.0 0
1747650036868 0.0 0
1747650036883 100.0 0
1747650036892 0.0 0
1747650036901 0.0 0
1747650036915 0.0 0
1747650036926 0.0 0
1747650036933 0.0 0
1747650036941 0.0 0
1747650036949 0.0 0
1747650036957 0.0 0
1747650036970 0.0 0
1747650036983 100.0 0
1747650036994 0.0 0
1747650037014 100.0 0
1747650037027 0.0 0
1747650037061 0.0 0
1747650037104 100.0 0
1747650037128 0.0 0
1747650037148 0.0 0
1747650037159 0.0 0
1747650037175 0.0 0
1747650037189 0.0 0
1747650037207 100.0 0
1747650037220 100.0 0
1747650037232 100.0 0
1747650037244 100.0 0
1747650037265 0.0 0
1747650037279 0.0 0
1747650037293 100.0 0
1747650037303 100.0 0
1747650037321 0.0 0
1747650037334 100.0 0
1747650037342 0.0 0
1747650037354 0.0 0
1747650037365 100.0 0
1747650037375 0.0 0
1747650037386 0.0 0
1747650037394 0.0 0
1747650037407 100.0 0
1747650037423 0.0 0
1747650037451 0.0 0
1747650037464 0.0 0
1747650037478 0.0 0
1747650037486 0.0 0
1747650037503 0.0 0
1747650037514 100.0 0
1747650037526 0.0 0
1747650037537 100.0 0
1747650037554 100.0 0
1747650037564 0.0 0
1747650037573 100.0 0
1747650037590 100.0 0
1747650037598 100.0 0
1747650037615 100.0 0
1747650037627 0.0 0
1747650037639 100.0 0
1747650037651 0.0 0
1747650037668 0.0 0
1747650037679 0.0 0
1747650037696 0.0 0
1747650037710 100.0 0
1747650037725 100.0 0
1747650037737 100.0 0
1747650037745 100.0 0
1747650037753 100.0 0
1747650037764 100.0 0
1747650037781 100.0 0
1747650037793 100.0 0
1747650037806 0.0 0
1747650037817 0.0 0
1747650037827 0.0 0
1747650037840 0.0 0
1747650037851 100.0 0
1747650037864 0.0 0
1747650037876 0.0 0
1747650037883 0.0 0
1747650037890 100.0 0
1747650037901 100.0 0
1747650037920 100.0 0
1747650037931 100.0 0
1747650037972 100.0 0
1747650037994 100.0 0
1747650038008 100.0 0
1747650038025 0.0 0
1747650038036 100.0 0
1747650038050 0.0 0
1747650038062 100.0 0
1747650038074 0.0 0
1747650038084 0.0 0
1747650038094 100.0 0
1747650038111 100.0 0
1747650038122 0.0 0
1747650038143 0.0 0
1747650038155 100.0 0
1747650038166 100.0 0
1747650038178 0.0 0
1747650038195 0.0 0
1747650038212 100.0 0
1747650038223 0.0 0
1747650038245 0.0 0
1747650038264 100.0 0
1747650038286 100.0 0
1747650038297 100.0 0
1747650038319 0.0 0
1747650038336 0.0 0
1747650038347 0.0 0
1747650038359 0.0 0
1747650038375 0.0 0
1747650038391 100.0 0
1747650038402 0.0 0
1747650038410 100.0 0
1747650038431 0.0 0
1747650038443 0.0 0
1747650038452 0.0 0
1747650038471 100.0 0
1747650038483 100.0 0
1747650038494 0.0 0
1747650038511 0.0 0
1747650038528 0.0 0
1747650038538 0.0 0
1747650038550 100.0 0
1747650038561 0.0 0
1747650038572 100.0 0
1747650038583 100.0 0
1747650038595 0.0 0
1747650038605 100.0 0
1747650038617 0.0 0
1747650038628 0.0 0
1747650038645 0.0 0
1747650038657 100.0 0
1747650038700 0.0 0
1747650038712 100.0 0
1747650038725 100.0 0
1747650038738 0.0 0
1747650038755 100.0 0
1747650038767 0.0 0
1747650038779 0.0 0
1747650038790 100.0 0
1747650038801 0.0 0
1747650038813 100.0 0
1747650038824 100.0 0
1747650038836 100.0 0
1747650038852 0.0 0
1747650038870 0.0 0
1747650038882 100.0 0
1747650038898 100.0 0
1747650038909 0.0 0
1747650038926 0.0 0
1747650038939 100.0 0
1747650038948 100.0 0
1747650038957 0.0 0
1747650038968 100.0 0
1747650038979 0.0 0
1747650038990 100.0 0
1747650039016 0.0 0
1747650039034 100.0 0
1747650039046 100.0 0
1747650039057 100.0 0
1747650039074 100.0 0
1747650039091 0.0 0
1747650039104 100.0 0
1747650039115 100.0 0
1747650039131 100.0 0
1747650039142 0.0 0
1747650039152 0.0 0
1747650039162 0.0 0
1747650039174 100.0 0
1747650039197 0.0 0
1747650039225 0.0 0
1747650039240 0.0 0
1747650039251 100.0 0
1747650039262 100.0 0
1747650039274 100.0 0
1747650039288 100.0 0
1747650039300 0.0 0
1747650039311 100.0 0
1747650039332 0.0 0
1747650039344 0.0 0
1747650039355 0.0 0
1747650039372 100.0 0
1747650039382 100.0 0
1747650039393 0.0 0
1747650039410 0.0 0
1747650039430 100.0 0
1747650039440 100.0 0
1747650039457 0.0 0
1747650039467 0.0 0
1747650039480 0.0 0
1747650039492 100.0 0
1747650039503 100.0 0
1747650039514 0.0 0
1747650039532 0.0 0
1747650039548 100.0 0
1747650039559 0.0 0
1747650039575 0.0 0
1747650039586 100.0 0
1747650039603 0.0 0
1747650039614 100.0 0
1747650039625 100.0 0
1747650039642 0.0 0
1747650039657 100.0 0
1747650039668 100.0 0
1747650039679 100.0 0
1747650039694 100.0 0
1747650039713 100.0 0
1747650039724 100.0 0
1747650039734 0.0 0
1747650039748 100.0 0
1747650039759 100.0 0
1747650039776 100.0 0
1747650039786 0.0 0
1747650039812 100.0 0
1747650039824 100.0 0
1747650039840 0.0 0
1747650039850 0.0 0
1747650039866 0.0 0
1747650039876 100.0 0
1747650039888 0.0 0
1747650039900 0.0 0
1747650039912 100.0 0
1747650039932 100.0 0
1747650039949 0.0 0
1747650039960 0.0 0
1747650039972 100.0 0
1747650039985 0.0 0
1747650039994 100.0 0
1747650040005 100.0 0
1747650040017 0.0 0
1747650040033 100.0 0
1747650040044 0.0 0
1747650040055 0.0 0
1747650040072 0.0 0
1747650040084 0.0 0
1747650040098 100.0 0
1747650040110 0.0 0
1747650040122 100.0 0
1747650040134 0.0 0
1747650040144 100.0 0
1747650040153 0.0 0
1747650040160 100.0 0
1747650040175 100.0 0
1747650040187 100.0 0
1747650040197 100.0 0
1747650040210 0.0 0
1747650040221 0.0 0
1747650040231 100.0 0
1747650040240 0.0 0
1747650040256 100.0 0
1747650040264 100.0 0
1747650040273 0.0 0
1747650040287 0.0 0
1747650040298 100.0 0
1747650040311 100.0 0
1747650040328 0.0 0
1747650040343 0.0 0
1747650040355 0.0 0
1747650040372 100.0 0
1747650040382 100.0 0
1747650040393 100.0 0
1747650040406 0.0 0
1747650040419 100.0 0
1747650040430 100.0 0
1747650040439 0.0 0
1747650040453 0.0 0
1747650040460 0.0 0
1747650040471 100.0 0
1747650040482 100.0 0
1747650040496 100.0 0
1747650040508 0.0 0
1747650040523 100.0 0
1747650040537 0.0 0
1747650040547 0.0 0
1747650040559 0.0 0
1747650040577 0.0 0
1747650040586 100.0 0
1747650040593 100.0 0
1747650040606 100.0 0
1747650040623 0.0 0
1747650040641 100.0 0
1747650040649 0.0 0
1747650040657 0.0 0
1747650040666 0.0 0
1747650040677 0.0 0
1747650040685 0.0 0
1747650040697 0.0 0
1747650040711 100.0 0
1747650040729 100.0 0
1747650040740 100.0 0
1747650040753 0.0 0
1747650040764 0.0 0
1747650040776 100.0 0
1747650040785 100.0 0
1747650040802 0.0 0
1747650040809 0.0 0
1747650040821 100.0 0
1747650040829 100.0 0
1747650040841 0.0 0
1747650040853 100.0 0
1747650040865 100.0 0
1747650040877 100.0 0
1747650040894 0.0 0
1747650040911 100.0 0
1747650040923 0.0 0
1747650040931 0.0 0
1747650040942 0.0 0
1747650041877 0.0 0
1747650041889 0.0 0
1747650041900 0.0 0
1747650041912 0.0 0
1747650041927 100.0 0
1747650041938 100.0 0
1747650041955 0.0 0
1747650041969 0.0 0
1747650041989 100.0 0
1747650042006 0.0 0
1747650042032 100.0 0
1747650042047 0.0 0
1747650042061 0.0 0
1747650042074 100.0 0
1747650042092 100.0 0
1747650042107 100.0 0
1747650042122 100.0 0
1747650042153 0.0 0
1747650042173 100.0 0
1747650042188 0.0 0
1747650042201 0.0 0
1747650042209 100.0 0
1747650042218 0.0 0
1747650042230 0.0 0
1747650042242 0.0 0
1747650042260 100.0 0
1747650042273 0.0 0
1747650042292 100.0 0
1747650042305 100.0 0
1747650042318 100.0 0
1747650042330 0.0 0
1747650042341 0.0 0
1747650042353 100.0 0
1747650042363 0.0 0
1747650042375 100.0 0
1747650042389 100.0 0
1747650042409 100.0 0
1747650042421 0.0 0
1747650042443 0.0 0
1747650042455 0.0 0
1747650042469 100.0 0
1747650042492 0.0 0
1747650042505 100.0 0
1747650042517 0.0 0
1747650042529 0.0 0
1747650042544 100.0 0
1747650042556 100.0 0
1747650042567 0.0 0
1747650042581 0.0 0
1747650042592 100.0 0
1747650042601 0.0 0
1747650042613 100.0 0
1747650042625 100.0 0
1747650042637 100.0 0
1747650042651 0.0 0
1747650042662 0.0 0
1747650042672 100.0 0
1747650042700 100.0 0
1747650042713 0.0 0
1747650042731 0.0 0
1747650042743 0.0 0
1747650042753 0.0 0
1747650042764 0.0 0
1747650042775 100.0 0
1747650042786 100.0 0
1747650042797 0.0 0
1747650042818 0.0 0
1747650042828 100.0 0
1747650042836 0.0 0
1747650042844 100.0 0
1747650042855 0.0 0
1747650042867 100.0 0
1747650042878 0.0 0
1747650042890 0.0 0
1747650042902 0.0 0
1747650042914 100.0 0
1747650042926 0.0 0
1747650042945 0.0 0
1747650042957 0.0 0
1747650042970 0.0 0
1747650042982 0.0 0
1747650042993 0.0 0
1747650043003 100.0 0
1747650043015 0.0 0
1747650043031 100.0 0
1747650043050 100.0 0
1747650043060 0.0 0
1747650043072 100.0 0
1747650043100 100.0 0
1747650043112 100.0 0
1747650043121 0.0 0
1747650043132 100.0 0
1747650043143 100.0 0
1747650043155 100.0 0
1747650043176 0.0 0
1747650043188 100.0 0
1747650043199 0.0 0
1747650043211 0.0 0
1747650043220 100.0 0
1747650043231 100.0 0
1747650043247 0.0 0
1747650043259 0.0 0
1747650043270 0.0 0
1747650043278 0.0 0
1747650043293 100.0 0
1747650043318 0.0 0
1747650043339 0.0 0
1747650043372 100.0 0
1747650043384 0.0 0
1747650043394 0.0 0
1747650043410 100.0 0
1747650043426 0.0 0
1747650043437 0.0 0
1747650043448 0.0 0
1747650043459 0.0 0
1747650043469 100.0 0
1747650043481 100.0 0
1747650043493 0.0 0
1747650043515 100.0 0
1747650043539 100.0 0
1747650043560 100.0 0
1747650043575 0.0 0
1747650043593 0.0 0
1747650043605 100.0 0
1747650043618 0.0 0
1747650043630 100.0 0
1747650043641 0.0 0
1747650043659 100.0 0
1747650043671 0.0 0
1747650043684 0.0 0
1747650043711 0.0 0
1747650043727 100.0 0
1747650043741 100.0 0
1747650043753 100.0 0
1747650043765 0.0 0
1747650043778 0.0 0
1747650043787 0.0 0
1747650043799 0.0 0
1747650043809 100.0 0
1747650043821 100.0 0
1747650043841 100.0 0
1747650043853 0.0 0
1747650043864 100.0 0
1747650043880 0.0 0
1747650043892 0.0 0
1747650043904 100.0 0
1747650043931 100.0 0
1747650043946 100.0 0
1747650043959 0.0 0
1747650043972 100.0 0
1747650043986 100.0 0
1747650044000 100.0 0
1747650044013 100.0 0
1747650044027 100.0 0
1747650044039 100.0 0
1747650044052 0.0 0
1747650044061 0.0 0
1747650044073 0.0 0
1747650044095 0.0 0
1747650044109 100.0 0
1747650044124 0.0 0
1747650044134 0.0 0
1747650044147 0.0 0
1747650044166 0.0 0
1747650044175 100.0 0
1747650044184 0.0 0
1747650044197 0.0 0
1747650044211 0.0 0
1747650044220 100.0 0
1747650044233 100.0 0
1747650044245 100.0 0
1747650044256 0.0 0
1747650044269 100.0 0
1747650044284 100.0 0
1747650044295 0.0 0
1747650044318 0.0 0
1747650044344 0.0 0
1747650044357 0.0 0
1747650044368 0.0 0
1747650044377 100.0 0
1747650044389 0.0 0
1747650044404 100.0 0
1747650044415 0.0 0
1747650044431 0.0 0
1747650044441 0.0 0
1747650044452 0.0 0
1747650044465 100.0 0
1747650044481 100.0 0
1747650044493 0.0 0
1747650044504 0.0 0
1747650044515 100.0 0
1747650044527 100.0 0
1747650044541 100.0 0
1747650044551 100.0 0
1747650044565 100.0 0
1747650044574 0.0 0
1747650044585 100.0 0
1747650044593 100.0 0
1747650044609 0.0 0
1747650044620 100.0 0
1747650044632 100.0 0
1747650044644 0.0 0
1747650044655 100.0 0
1747650044670 0.0 0
1747650044681 0.0 0
1747650044699 0.0 0
1747650044710 100.0 0
1747650044727 100.0 0
1747650044745 0.0 0
1747650044757 100.0 0
1747650044771 0.0 0
1747650044782 100.0 0
1747650044799 100.0 0
1747650044821 100.0 0
1747650044836 0.0 0
1747650044847 100.0 0
1747650044863 0.0 0
1747650044874 100.0 0
1747650044891 100.0 0
1747650044901 100.0 0
1747650044912 0.0 0
1747650044939 0.0 0
1747650044952 0.0 0
1747650044980 0.0 0
1747650044990 0.0 0
1747650045002 100.0 0
1747650045014 0.0 0
1747650045033 100.0 0
1747650045043 0.0 0
1747650045052 100.0 0
1747650045065 100.0 0
1747650045076 100.0 0
1747650045096 100.0 0
1747650045108 0.0 0
1747650045116 100.0 0
1747650045127 0.0 0
1747650045139 0.0 0
1747650045166 100.0 0
1747650045177 0.0 0
1747650045190 0.0 0
1747650045205 0.0 0
1747650045214 100.0 0
1747650045225 100.0 0
1747650045233 0.0 0
1747650045243 0.0 0
1747650045256 0.0 0
1747650045265 100.0 0
1747650045273 100.0 0
1747650045282 0.0 0
1747650045293 0.0 0
1747650045310 0.0 0
1747650045328 100.0 0
1747650045353 0.0 0
1747650045368 100.0 0
1747650045378 0.0 0
1747650045390 0.0 0
1747650045401 100.0 0
1747650045412 100.0 0
1747650045422 0.0 0
1747650045433 0.0 0
1747650045445 100.0 0
1747650045453 100.0 0
1747650045464 0.0 0
1747650045476 0.0 0
1747650045485 0.0 0
1747650045493 0.0 0
1747650045504 0.0 0
1747650045530 100.0 0
1747650045547 0.0 0
1747650045559 0.0 0
1747650045571 100.0 0
1747650045584 0.0 0
1747650045591 100.0 0
1747650045598 100.0 0
1747650045610 100.0 0
1747650045620 0.0 0
1747650045632 0.0 0
1747650045644 0.0 0
1747650045657 100.0 0
1747650045668 0.0 0
1747650045691 0.0 0
1747650045708 100.0 0
1747650045720 0.0 0
1747650045731 100.0 0
1747650045743 0.0 0
1747650045755 100.0 0
1747650045773 0.0 0
1747650045784 0.0 0
1747650045795 0.0 0
1747650045805 0.0 0
1747650045818 0.0 0
1747650045832 100.0 0
1747650045843 0.0 0
1747650045855 0.0 0
1747650045871 0.0 0
1747650045881 0.0 0
1747650045897 100.0 0
1747650045908 100.0 0
1747650045920 0.0 0
1747650045940 0.0 0
1747650045983 100.0 0
1747650045996 100.0 0
1747650046010 0.0 0
1747650046026 0.0 0
1747650046041 0.0 0
1747650046052 0.0 0
1747650046065 0.0 0
1747650046078 0.0 0
1747650046087 100.0 0
1747650046095 0.0 0
1747650046106 0.0 0
1747650046129 0.0 0
1747650046143 100.0 0
1747650046154 0.0 0
1747650046181 100.0 0
1747650046199 0.0 0
1747650046221 0.0 0
1747650046232 0.0 0
1747650046251 100.0 0
1747650046264 100.0 0
1747650046276 100.0 0
1747650046286 100.0 0
1747650046295 100.0 0
1747650046310 0.0 0
1747650046320 0.0 0
1747650046331 0.0 0
1747650046341 100.0 0
1747650046349 0.0 0
1747650046358 0.0 0
1747650046373 0.0 0
1747650046383 100.0 0
1747650046395 0.0 0
1747650046407 0.0 0
1747650046417 100.0 0
1747650046426 100.0 0
1747650046437 0.0 0
1747650046445 0.0 0
1747650046457 100.0 0
1747650046472 100.0 0
1747650046489 100.0 0
1747650046501 100.0 0
1747650046512 0.0 0
1747650046523 100.0 0
1747650046538 100.0 0
1747650046549 0.0 0
1747650046563 0.0 0
1747650046578 100.0 0
1747650046586 0.0 0
1747650046603 0.0 0
1747650046615 0.0 0
1747650046624 0.0 0
1747650046634 100.0 0
1747650046646 100.0 0
1747650046658 100.0 0
1747650046676 100.0 0
1747650046687 100.0 0
1747650046699 0.0 0
1747650046707 100.0 0
1747650046717 100.0 0
1747650046728 0.0 0
1747650046743 0.0 0
1747650046754 0.0 0
1747650046764 100.0 0
1747650046775 0.0 0
1747650046787 0.0 0
1747650046799 100.0 0
1747650046817 100.0 0
1747650046827 100.0 0
1747650046839 100.0 0
1747650046849 0.0 0
1747650046857 100.0 0
1747650046868 100.0 0
1747650046876 0.0 0
1747650046884 100.0 0
1747650046895 0.0 0
1747650046904 100.0 0
1747650046912 100.0 0
1747650046920 100.0 0
1747650046927 0.0 0
1747650046939 0.0 0
1747650046949 100.0 0
1747650046960 100.0 0
1747650046972 0.0 0
1747650046984 0.0 0
1747650046996 0.0 0
1747650047009 0.0 0
1747650047019 0.0 0
1747650047027 100.0 0
1747650047036 0.0 0
1747650047047 100.0 0
1747650047058 0.0 0
1747650047066 0.0 0
1747650047073 0.0 0
1747650047082 100.0 0
1747650047093 0.0 0
1747650047107 100.0 0
1747650047116 0.0 0
1747650047127 100.0 0
1747650047140 100.0 0
1747650047149 100.0 0
1747650047159 0.0 0
1747650047169 0.0 0
1747650047186 100.0 0
1747650047203 100.0 0
1747650047214 0.0 0
1747650047226 0.0 0
1747650047241 0.0 0
1747650047259 100.0 0
1747650047268 0.0 0
1747650047280 100.0 0
1747650047291 100.0 0
1747650047302 100.0 0
1747650047318 100.0 0
1747650047331 0.0 0
1747650047342 0.0 0
1747650047354 0.0 0
1747650047365 100.0 0
1747650047385 100.0 0
1747650047398 100.0 0
1747650047436 0.0 0
1747650047449 0.0 0
1747650047466 0.0 0
1747650047476 0.0 0
1747650047489 0.0 0
1747650047502 0.0 0
1747650047514 0.0 0
1747650047525 0.0 0
1747650047540 100.0 0
1747650047551 100.0 0
1747650047562 0.0 0
1747650047574 100.0 0
1747650047585 100.0 0
1747650047598 0.0 0
1747650047610 100.0 0
1747650047623 0.0 0
1747650047635 0.0 0
1747650047647 100.0 0
1747650047659 100.0 0
1747650047671 0.0 0
1747650047692 0.0 0
1747650047701 100.0 0
1747650047712 0.0 0
1747650047723 100.0 0
1747650047731 0.0 0
1747650047745 100.0 0
1747650047762 100.0 0
1747650047776 100.0 0
1747650047787 100.0 0
1747650047795 100.0 0
1747650047828 100.0 0
1747650047843 0.0 0
1747650047855 0.0 0
1747650047867 0.0 0
1747650047876 100.0 0
1747650047887 0.0 0
1747650047898 0.0 0
1747650047910 0.0 0
1747650047918 100.0 0
1747650047926 0.0 0
1747650047937 100.0 0
1747650047954 100.0 0
1747650047965 100.0 0
1747650047983 100.0 0
1747650047990 0.0 0
1747650048005 100.0 0
1747650048014 100.0 0
1747650048023 100.0 0
1747650048035 100.0 0
1747650048048 100.0 0
1747650048057 0.0 0
1747650048069 100.0 0
1747650048078 100.0 0
1747650048085 100.0 0
1747650048099 100.0 0
1747650048111 0.0 0
1747650048122 0.0 0
1747650048131 100.0 0
1747650048153 0.0 0
1747650048166 0.0 0
1747650048179 0.0 0
1747650048190 0.0 0
1747650048203 100.0 0
1747650048220 100.0 0
1747650048242 0.0 0
1747650048255 100.0 0
1747650048266 100.0 0
1747650048278 100.0 0
1747650048285 0.0 0
1747650048297 100.0 0
1747650048308 100.0 0
1747650048315 0.0 0
1747650048326 100.0 0
1747650048333 100.0 0
1747650048343 0.0 0
1747650048354 0.0 0
1747650048364 0.0 0
1747650048373 100.0 0
1747650048383 100.0 0
1747650048395 100.0 0
1747650048406 0.0 0
1747650048415 0.0 0
1747650048432 100.0 0
1747650048444 0.0 0
1747650048453 0.0 0
1747650048468 100.0 0
1747650048475 100.0 0
1747650048488 0.0 0
1747650048511 0.0 0
1747650048537 100.0 0
1747650048548 0.0 0
1747650048559 0.0 0
1747650048574 100.0 0
1747650048591 100.0 0
1747650048602 0.0 0
1747650048613 0.0 0
1747650048628 100.0 0
1747650048640 100.0 0
1747650048665 0.0 0
1747650048681 0.0 0
1747650048692 100.0 0
1747650048704 0.0 0
1747650048715 0.0 0
1747650048731 100.0 0
1747650048740 0.0 0
1747650048755 100.0 0
1747650048766 100.0 0
1747650048774 100.0 0
1747650048785 0.0 0
1747650048796 0.0 0
1747650048809 100.0 0
1747650048823 100.0 0
1747650048835 100.0 0
1747650048848 0.0 0
1747650048866 0.0 0
1747650048888 0.0 0
1747650048898 100.0 0
1747650048906 0.0 0
1747650048920 100.0 0
1747650048933 0.0 0
1747650048940 100.0 0
1747650048948 0.0 0
1747650048959 100.0 0
1747650048970 0.0 0
1747650048990 0.0 0
1747650049008 0.0 0
1747650049030 100.0 0
1747650049043 100.0 0
1747650049055 100.0 0
1747650049067 100.0 0
1747650049079 0.0 0
1747650049091 0.0 0
1747650049099 0.0 0
1747650049117 0.0 0
1747650049129 0.0 0
1747650049136 0.0 0
1747650049147 0.0 0
1747650049166 100.0 0
1747650049176 100.0 0
1747650049187 0.0 0
1747650049199 0.0 0
1747650049208 100.0 0
1747650049216 0.0 0
1747650049232 0.0 0
1747650049260 0.0 0
1747650049271 0.0 0
1747650049284 0.0 0
1747650049295 0.0 0
1747650049306 0.0 0
1747650049317 0.0 0
1747650049328 0.0 0
1747650049338 0.0 0
1747650049350 0.0 0
1747650049366 100.0 0
1747650049377 100.0 0
1747650049389 0.0 0
1747650049401 100.0 0
1747650049431 100.0 0
1747650049445 0.0 0
1747650049458 100.0 0
1747650049470 100.0 0
1747650049483 0.0 0
1747650049495 0.0 0
1747650049512 0.0 0
1747650049520 100.0 0
1747650049546 100.0 0
1747650049555 100.0 0
1747650049564 0.0 0
1747650049575 0.0 0
1747650049586 0.0 0
1747650049601 0.0 0
1747650049610 0.0 0
1747650049622 100.0 0
1747650049631 100.0 0
1747650049642 0.0 0
1747650049651 0.0 0
1747650049664 100.0 0
1747650049675 0.0 0
1747650049697 0.0 0
1747650049710 100.0 0
1747650049719 0.0 0
1747650049731 0.0 0
1747650049741 100.0 0
1747650049750 0.0 0
1747650049762 100.0 0
1747650049772 0.0 0
1747650049782 100.0 0
1747650049791 0.0 0
1747650049807 0.0 0
1747650049826 100.0 0
1747650049838 100.0 0
1747650049847 0.0 0
1747650049863 100.0 0
1747650049881 100.0 0
1747650049896 0.0 0
1747650049907 0.0 0
1747650049919 0.0 0
1747650049931 0.0 0
1747650049948 100.0 0
1747650049960 100.0 0
1747650049972 0.0 0
1747650049989 0.0 0
1747650049999 100.0 0
1747650050007 100.0 0
1747650050020 0.0 0
1747650050030 100.0 0
1747650050039 0.0 0
1747650050050 0.0 0
1747650050058 0.0 0
1747650050070 0.0 0
1747650050082 0.0 0
1747650050098 100.0 0
1747650050114 100.0 0
1747650050124 0.0 0
1747650050136 0.0 0
1747650050151 0.0 0
1747650050167 100.0 0
1747650050178 100.0 0
1747650050190 0.0 0
1747650050201 0.0 0
1747650050218 100.0 0
1747650050247 0.0 0
1747650050259 0.0 0
1747650050282 0.0 0
1747650050300 0.0 0
1747650050315 0.0 0
1747650050327 0.0 0
1747650050336 100.0 0
1747650050347 0.0 0
1747650050356 0.0 0
1747650050364 0.0 0
1747650050406 100.0 0
1747650050423 0.0 0
1747650050439 100.0 0
1747650050451 0.0 0
1747650050460 100.0 0
1747650050479 100.0 0
1747650050492 0.0 0
1747650050507 100.0 0
1747650050518 0.0 0
1747650050530 0.0 0
1747650050539 100.0 0
1747650050551 0.0 0
1747650050562 0.0 0
1747650050579 0.0 0
1747650050590 100.0 0
1747650050608 100.0 0
1747650050618 0.0 0
1747650050637 100.0 0
1747650050647 100.0 0
1747650050659 100.0 0
1747650050667 0.0 0
1747650050679 100.0 0
1747650050691 100.0 0
1747650050708 0.0 0
1747650050729 100.0 0
1747650050753 100.0 0
1747650050766 0.0 0
1747650050777 100.0 0
1747650050794 0.0 0
1747650050805 0.0 0
1747650050817 0.0 0
1747650050829 0.0 0
1747650050839 0.0 0
1747650050849 100.0 0
1747650050860 100.0 0
1747650050870 100.0 0
1747650050882 0.0 0
1747650050894 0.0 0
1747650050911 100.0 0
1747650050929 0.0 0
1747650050944 0.0 0
1747650050956 100.0 0
1747650050969 0.0 0
1747650050980 100.0 0
1747650051003 0.0 0
1747650051014 0.0 0
1747650051026 100.0 0
1747650051036 100.0 0
1747650051043 100.0 0
1747650051055 0.0 0
1747650051068 0.0 0
1747650051083 100.0 0
1747650051094 100.0 0
1747650051112 0.0 0
1747650051124 100.0 0
1747650051137 100.0 0
1747650051167 0.0 0
1747650051178 0.0 0
1747650051200 0.0 0
1747650051212 100.0 0
1747650051235 0.0 0
1747650051254 0.0 0
1747650051263 0.0 0
1747650051274 100.0 0
1747650051286 100.0 0
1747650051298 0.0 0
1747650051310 100.0 0
1747650051328 100.0 0
1747650051343 0.0 0
1747650051355 100.0 0
1747650051366 0.0 0
1747650051374 100.0 0
1747650051386 100.0 0
1747650051395 100.0 0
1747650051405 100.0 0
1747650051416 0.0 0
1747650051429 100.0 0
1747650051440 0.0 0
1747650051448 100.0 0
1747650051457 0.0 0
1747650051472 100.0 0
1747650051490 100.0 0
1747650051504 0.0 0
1747650051532 100.0 0
1747650051556 100.0 0
1747650051564 0.0 0
1747650051574 100.0 0
1747650051583 0.0 0
1747650051598 0.0 0
1747650051612 100.0 0
1747650051628 100.0 0
1747650051640 0.0 0
1747650051655 0.0 0
1747650051666 100.0 0
1747650051678 100.0 0
1747650051689 100.0 0
1747650051699 100.0 0
1747650051711 100.0 0
1747650051718 0.0 0
1747650051732 0.0 0
1747650051752 0.0 0
1747650051764 100.0 0
1747650051776 100.0 0
1747650051787 0.0 0
1747650051797 0.0 0
1747650051809 0.0 0
1747650051820 0.0 0
1747650051832 100.0 0
1747650051839 100.0 0
1747650051851 100.0 0
1747650051864 100.0 0
1747650051873 0.0 0
1747650051882 100.0 0
1747650051894 100.0 0
1747650051904 0.0 0
1747650051917 0.0 0
1747650051929 100.0 0
1747650051942 0.0 0
1747650051958 0.0 0
1747650051969 0.0 0
1747650051981 0.0 0
1747650051990 100.0 0
1747650052002 0.0 0
1747650052026 0.0 0
1747650052038 100.0 0
1747650052057 100.0 0
1747650052069 100.0 0
1747650052080 0.0 0
1747650052097 0.0 0
1747650052114 100.0 0
1747650052133 100.0 0
1747650052145 100.0 0
1747650052157 0.0 0
1747650052169 0.0 0
1747650052180 0.0 0
1747650052197 100.0 0
1747650052210 0.0 0
1747650052227 0.0 0
1747650052238 0.0 0
1747650052249 100.0 0
1747650052262 0.0 0
1747650052274 0.0 0
1747650052282 100.0 0
1747650052295 100.0 0
1747650052303 100.0 0
1747650052315 100.0 0
1747650052347 0.0 0
1747650052368 0.0 0
1747650052386 0.0 0
1747650052396 100.0 0
1747650052408 100.0 0
1747650052422 100.0 0
1747650052430 0.0 0
1747650052440 100.0 0
1747650052451 0.0 0
1747650052460 100.0 0
1747650052469 100.0 0
1747650052480 100.0 0
1747650052491 100.0 0
1747650052502 0.0 0
1747650052515 0.0 0
1747650052532 100.0 0
1747650052550 100.0 0
1747650052572 100.0 0
1747650052585 100.0 0
1747650052599 100.0 0
1747650052617 0.0 0
1747650052628 100.0 0
1747650052639 100.0 0
1747650052656 100.0 0
1747650052667 0.0 0
1747650052681 100.0 0
1747650052692 100.0 0
1747650052700 0.0 0
1747650052710 100.0 0
1747650052722 0.0 0
1747650052730 100.0 0
1747650052740 100.0 0
1747650052752 0.0 0
1747650052770 100.0 0
1747650052787 0.0 0
1747650052795 0.0 0
1747650052810 0.0 0
1747650052821 100.0 0
1747650052830 0.0 0
1747650052852 0.0 0
1747650052864 0.0 0
1747650052875 0.0 0
1747650052886 0.0 0
1747650052903 0.0 0
1747650052914 0.0 0
1747650052927 100.0 0
1747650052940 100.0 0
1747650052952 100.0 0
1747650052970 100.0 0
1747650052990 100.0 0
1747650053002 100.0 0
1747650053015 100.0 0
1747650053027 100.0 0
1747650053034 0.0 0
1747650053046 0.0 0
1747650053059 0.0 0
1747650053069 0.0 0
1747650053076 100.0 0
1747650053088 100.0 0
1747650053099 0.0 0
1747650053115 100.0 0
1747650053139 0.0 0
1747650053152 0.0 0
1747650053164 0.0 0
1747650053177 0.0 0
1747650053186 0.0 0
1747650053205 100.0 0
1747650053214 0.0 0
1747650053226 100.0 0
1747650053234 0.0 0
1747650053241 0.0 0
1747650053252 0.0 0
1747650053264 0.0 0
1747650053276 100.0 0
1747650053284 0.0 0
1747650053292 100.0 0
1747650053302 100.0 0
1747650053314 0.0 0
1747650053323 100.0 0
1747650053344 100.0 0
1747650053357 100.0 0
1747650053369 100.0 0
1747650053390 0.0 0
1747650053401 100.0 0
1747650053417 0.0 0
1747650053428 100.0 0
1747650053436 0.0 0
1747650053450 0.0 0
1747650053468 0.0 0
1747650053479 100.0 0
1747650053487 100.0 0
1747650053494 100.0 0
1747650053504 0.0 0
1747650053522 100.0 0
1747650053545 100.0 0
1747650053558 0.0 0
1747650053570 100.0 0
1747650053590 100.0 0
1747650053605 0.0 0
1747650053632 0.0 0
1747650053644 0.0 0
1747650053656 100.0 0
1747650053665 100.0 0
1747650053673 100.0 0
1747650053690 0.0 0
1747650053714 100.0 0
1747650053726 100.0 0
1747650053734 0.0 0
1747650053759 0.0 0
1747650053772 100.0 0
1747650053790 100.0 0
1747650053802 100.0 0
1747650053826 100.0 0
1747650053836 100.0 0
1747650053845 0.0 0
1747650053857 0.0 0
1747650053868 100.0 0
1747650053886 100.0 0
1747650053894 0.0 0
1747650053910 0.0 0
1747650053929 100.0 0
1747650053938 0.0 0
1747650053955 100.0 0
1747650053978 100.0 0
1747650053991 100.0 0
1747650054003 0.0 0
1747650054041 100.0 0
1747650054059 0.0 0
1747650054072 0.0 0
1747650054084 100.0 0
1747650054095 100.0 0
1747650054113 0.0 0
1747650054132 100.0 0
1747650054142 0.0 0
1747650054153 0.0 0
1747650054162 100.0 0
1747650054176 100.0 0
1747650054189 100.0 0
1747650054216 100.0 0
1747650054227 100.0 0
1747650054240 100.0 0
1747650054252 100.0 0
1747650054259 0.0 0
1747650054271 100.0 0
1747650054279 100.0 0
1747650054286 0.0 0
1747650054302 100.0 0
1747650054313 100.0 0
1747650054332 0.0 0
1747650054344 0.0 0
1747650054355 100.0 0
1747650054364 0.0 0
1747650054376 0.0 0
1747650054389 100.0 0
1747650054401 100.0 0
1747650054417 0.0 0
1747650054429 0.0 0
1747650054441 100.0 0
1747650054459 100.0 0
1747650054471 100.0 0
1747650054478 100.0 0
1747650054498 100.0 0
1747650054511 0.0 0
1747650054523 100.0 0
1747650054534 0.0 0
1747650054550 0.0 0
1747650054561 100.0 0
1747650054574 0.0 0
1747650054582 100.0 0
1747650054595 100.0 0
1747650054612 100.0 0
1747650054626 0.0 0
1747650054643 0.0 0
1747650054655 100.0 0
1747650054664 0.0 0
1747650054677 100.0 0
1747650054686 100.0 0
1747650054698 0.0 0
1747650054712 100.0 0
1747650054723 0.0 0
1747650054740 0.0 0
1747650054751 0.0 0
1747650054760 0.0 0
1747650054770 100.0 0
1747650054782 100.0 0
1747650054799 100.0 0
1747650054817 100.0 0
1747650054827 0.0 0
1747650054843 0.0 0
1747650054857 0.0 0
1747650054879 100.0 0
1747650054895 100.0 0
1747650054905 100.0 0
1747650054915 100.0 0
1747650054923 100.0 0
1747650054935 0.0 0
1747650054946 0.0 0
1747650054962 100.0 0
1747650054973 100.0 0
1747650054985 0.0 0
1747650055004 0.0 0
1747650055015 0.0 0
1747650055038 0.0 0
1747650055048 100.0 0
1747650055057 100.0 0
1747650055072 100.0 0
1747650055083 0.0 0
1747650055096 100.0 0
1747650055108 0.0 0
1747650055115 0.0 0
1747650055126 100.0 0
1747650055135 0.0 0
1747650055146 100.0 0
1747650055158 0.0 0
1747650055171 100.0 0
1747650055185 0.0 0
1747650055196 0.0 0
1747650055214 0.0 0
1747650055225 0.0 0
1747650055235 0.0 0
1747650055244 100.0 0
1747650055256 0.0 0
1747650055267 100.0 0
1747650055278 0.0 0
1747650055286 100.0 0
1747650055302 100.0 0
1747650055314 0.0 0
1747650055325 0.0 0
1747650055341 0.0 0
1747650055358 0.0 0
1747650055375 0.0 0
1747650055386 0.0 0
1747650055409 0.0 0
1747650055421 100.0 0
1747650055445 0.0 0
1747650055453 100.0 0
1747650055466 100.0 0
1747650055483 0.0 0
1747650055494 100.0 0
1747650055518 100.0 0
1747650055536 100.0 0
1747650055574 100.0 0
1747650055588 100.0 0
1747650055607 100.0 0
1747650055625 100.0 0
1747650055649 100.0 0
1747650055666 0.0 0
1747650055684 0.0 0
1747650055695 100.0 0
1747650055707 100.0 0
1747650055716 100.0 0
1747650055738 0.0 0
1747650055748 0.0 0
1747650055759 100.0 0
1747650055768 0.0 0
1747650055780 0.0 0
1747650055790 100.0 0
1747650055802 0.0 0
1747650055815 100.0 0
1747650055830 0.0 0
1747650055856 0.0 0
1747650055868 0.0 0
1747650055877 0.0 0
1747650055887 100.0 0
1747650055905 100.0 0
1747650055917 0.0 0
1747650055934 100.0 0
1747650055946 0.0 0
1747650055956 0.0 0
1747650055972 0.0 0
1747650055986 100.0 0
1747650056015 0.0 0
1747650056035 100.0 0
1747650056050 0.0 0
1747650056060 100.0 0
1747650056072 100.0 0
1747650056088 0.0 0
1747650056100 0.0 0
1747650056111 100.0 0
1747650056120 0.0 0
1747650056131 0.0 0
1747650056141 100.0 0
1747650056152 0.0 0
1747650056164 100.0 0
1747650056174 0.0 0
1747650056185 100.0 0
1747650056194 100.0 0
1747650056205 0.0 0
1747650056216 100.0 0
1747650056229 0.0 0
1747650056280 100.0 0
1747650056295 0.0 0
1747650056316 0.0 0
1747650056327 100.0 0
1747650056340 100.0 0
1747650056355 0.0 0
1747650056371 0.0 0
1747650056380 0.0 0
1747650056391 100.0 0
1747650056404 100.0 0
1747650056414 100.0 0
1747650056426 100.0 0
1747650056444 0.0 0
1747650056458 100.0 0
1747650056474 0.0 0
1747650056486 100.0 0
1747650056497 0.0 0
1747650056507 100.0 0
1747650056515 0.0 0
1747650056526 100.0 0
1747650056538 0.0 0
1747650056549 0.0 0
1747650056560 0.0 0
1747650056570 100.0 0
1747650056582 100.0 0
1747650056592 0.0 0
1747650056601 0.0 0
1747650056612 0.0 0
1747650056622 100.0 0
1747650056633 0.0 0
1747650056646 0.0 0
1747650056683 0.0 0
1747650056693 100.0 0
1747650056702 0.0 0
1747650056713 100.0 0
1747650056731 0.0 0
1747650056743 100.0 0
1747650056755 0.0 0
1747650056764 0.0 0
1747650056772 100.0 0
1747650056782 0.0 0
1747650056793 0.0 0
1747650056806 100.0 0
1747650056819 0.0 0
1747650056832 0.0 0
1747650056844 0.0 0
1747650056856 0.0 0
1747650056868 0.0 0
1747650056878 100.0 0
1747650056890 100.0 0
1747650056901 100.0 0
1747650056910 100.0 0
1747650056921 100.0 0
1747650056938 100.0 0
1747650056954 0.0 0
1747650056965 100.0 0
1747650056976 100.0 0
1747650056993 0.0 0
1747650057004 0.0 0
1747650057015 100.0 0
1747650057027 100.0 0
1747650057052 0.0 0
1747650057075 0.0 0
1747650057088 100.0 0
1747650057100 100.0 0
1747650057112 0.0 0
1747650057132 0.0 0
1747650057155 100.0 0
1747650057166 100.0 0
1747650057175 0.0 0
1747650057187 100.0 0
1747650057207 0.0 0
1747650057216 100.0 0
1747650057226 0.0 0
1747650057240 100.0 0
1747650057252 0.0 0
1747650057266 100.0 0
1747650057279 100.0 0
1747650057288 0.0 0
1747650057302 0.0 0
1747650057310 0.0 0
1747650057322 100.0 0
1747650057332 0.0 0
1747650057343 100.0 0
1747650057361 100.0 0
1747650057373 100.0 0
1747650057384 0.0 0
1747650057394 0.0 0
1747650057410 100.0 0
1747650057421 0.0 0
1747650057432 100.0 0
1747650057455 0.0 0
1747650057497 100.0 0
1747650057515 100.0 0
1747650057526 100.0 0
1747650057540 0.0 0
1747650057552 100.0 0
1747650057565 100.0 0
1747650057572 0.0 0
1747650057585 100.0 0
1747650057596 0.0 0
1747650057608 0.0 0
1747650057621 0.0 0
1747650057633 100.0 0
1747650057645 0.0 0
1747650057658 0.0 0
1747650057675 100.0 0
1747650057688 100.0 0
1747650057708 0.0 0
1747650057723 0.0 0
1747650057734 100.0 0
1747650057757 100.0 0
1747650057769 0.0 0
1747650057783 0.0 0
1747650057796 100.0 0
1747650057818 0.0 0
1747650057830 0.0 0
1747650057842 100.0 0
1747650057854 0.0 0
1747650057882 100.0 0
1747650057895 0.0 0
1747650057907 0.0 0
1747650057915 0.0 0
1747650057924 100.0 0
1747650057936 0.0 0
1747650057953 0.0 0
1747650057965 100.0 0
1747650057987 100.0 0
1747650057996 0.0 0
1747650058010 100.0 0
1747650058020 0.0 0
1747650058049 100.0 0
1747650058067 100.0 0
1747650058081 0.0 0
1747650058106 100.0 0
1747650058121 0.0 0
1747650058135 100.0 0
1747650058153 0.0 0
1747650058165 0.0 0
1747650058179 0.0 0
1747650058195 100.0 0
1747650058206 0.0 0
1747650058217 100.0 0
1747650058227 0.0 0
1747650058243 100.0 0
1747650058260 100.0 0
1747650058279 0.0 0
1747650058295 0.0 0
1747650058312 100.0 0
1747650058320 100.0 0
1747650058332 0.0 0
1747650058344 100.0 0
1747650058357 0.0 0
1747650058368 100.0 0
1747650058377 100.0 0
1747650058389 0.0 0
1747650058400 100.0 0
1747650058411 0.0 0
1747650058419 100.0 0
1747650058432 0.0 0
1747650058447 0.0 0
1747650058458 100.0 0
1747650058471 0.0 0
1747650058483 0.0 0
1747650058494 0.0 0
1747650058506 0.0 0
1747650058533 100.0 0
1747650058544 0.0 0
1747650058561 0.0 0
1747650058572 100.0 0
1747650058587 100.0 0
1747650058609 0.0 0
1747650058622 0.0 0
1747650058636 100.0 0
1747650058647 0.0 0
1747650058663 100.0 0
1747650058681 0.0 0
1747650058714 0.0 0
1747650058726 0.0 0
1747650058734 0.0 0
1747650058751 0.0 0
1747650058763 0.0 0
1747650058773 100.0 0
1747650058786 100.0 0
1747650058802 0.0 0
1747650058817 100.0 0
1747650058828 100.0 0
1747650058842 100.0 0
1747650058852 0.0 0
1747650058864 100.0 0
1747650058882 100.0 0
1747650058900 0.0 0
1747650058912 100.0 0
1747650058924 0.0 0
1747650058936 100.0 0
1747650058947 100.0 0
1747650058958 0.0 0
1747650058966 0.0 0
1747650058977 100.0 0
1747650058988 100.0 0
1747650058999 100.0 0
1747650059014 100.0 0
1747650059029 100.0 0
1747650059046 0.0 0
1747650059063 100.0 0
1747650059074 100.0 0
1747650059087 0.0 0
1747650059099 100.0 0
1747650059111 100.0 0
1747650059128 100.0 0
1747650059140 100.0 0
1747650059156 0.0 0
1747650059171 0.0 0
1747650059181 0.0 0
1747650059194 100.0 0
1747650059207 0.0 0
1747650059221 0.0 0
1747650059228 0.0 0
1747650059241 0.0 0
1747650059262 0.0 0
1747650059273 0.0 0
1747650059286 0.0 0
1747650059296 100.0 0
1747650059313 100.0 0
1747650059326 0.0 0
1747650059338 0.0 0
1747650059349 100.0 0
1747650059360 0.0 0
1747650059372 0.0 0
1747650059383 0.0 0
1747650059393 100.0 0
1747650059404 0.0 0
1747650059415 100.0 0
1747650059435 100.0 0
1747650059444 0.0 0
1747650059455 0.0 0
1747650059483 0.0 0
1747650059495 100.0 0
1747650059508 100.0 0
1747650059536 0.0 0
1747650059551 0.0 0
1747650059564 100.0 0
1747650059571 100.0 0
1747650059583 0.0 0
1747650059595 100.0 0
1747650059606 0.0 0
1747650059613 100.0 0
1747650059627 0.0 0
1747650059639 0.0 0
1747650059653 0.0 0
1747650059664 0.0 0
1747650059676 100.0 0
1747650059684 100.0 0
1747650059696 100.0 0
1747650059729 100.0 0
1747650059744 0.0 0
1747650059755 0.0 0
1747650059765 0.0 0
1747650059782 100.0 0
1747650059792 100.0 0
1747650059803 0.0 0
1747650059818 100.0 0
1747650059830 0.0 0
1747650059839 100.0 0
1747650059850 100.0 0
1747650059860 0.0 0
1747650059871 0.0 0
1747650059883 100.0 0
1747650059894 0.0 0
1747650059906 100.0 0
1747650059918 0.0 0
1747650059930 100.0 0
1747650059942 100.0 0
1747650060864 100.0 0
1747650060885 0.0 0
1747650060895 0.0 0
1747650060910 0.0 0
1747650060947 0.0 0
1747650060957 0.0 0
1747650060969 100.0 0
1747650060976 0.0 0
1747650060988 100.0 0
1747650060999 0.0 0
1747650061027 100.0 0
1747650061041 100.0 0
1747650061056 0.0 0
1747650061068 0.0 0
1747650061104 100.0 0
1747650061125 0.0 0
1747650061150 0.0 0
1747650061163 0.0 0
1747650061182 100.0 0
1747650061198 100.0 0
1747650061213 0.0 0
1747650061224 100.0 0
1747650061231 100.0 0
1747650061240 0.0 0
1747650061257 100.0 0
1747650061272 0.0 0
1747650061317 0.0 0
1747650061341 100.0 0
1747650061350 100.0 0
1747650061358 0.0 0
1747650061369 100.0 0
1747650061377 100.0 0
1747650061389 100.0 0
1747650061401 0.0 0
1747650061423 0.0 0
1747650061435 100.0 0
1747650061452 0.0 0
1747650061464 100.0 0
1747650061490 0.0 0
1747650061522 100.0 0
1747650061533 0.0 0
1747650061552 0.0 0
1747650061566 100.0 0
1747650061592 100.0 0
1747650061610 0.0 0
1747650061618 100.0 0
1747650061628 0.0 0
1747650061643 0.0 0
1747650061658 0.0 0
1747650061669 100.0 0
1747650061697 0.0 0
1747650061730 0.0 0
1747650061740 0.0 0
1747650061761 0.0 0
1747650061771 100.0 0
1747650061783 0.0 0
1747650061796 100.0 0
1747650061809 100.0 0
1747650061818 100.0 0
1747650061835 0.0 0
1747650061849 0.0 0
1747650061868 0.0 0
1747650061878 0.0 0
1747650061893 0.0 0
1747650061905 100.0 0
1747650061923 100.0 0
1747650061939 0.0 0
1747650061951 100.0 0
1747650061965 0.0 0
1747650061980 0.0 0
1747650061991 0.0 0
1747650062006 100.0 0
1747650062024 100.0 0
1747650062035 0.0 0
1747650062047 0.0 0
1747650062057 0.0 0
1747650062064 0.0 0
1747650062084 0.0 0
1747650062097 100.0 0
1747650062120 100.0 0
1747650062134 0.0 0
1747650062148 100.0 0
1747650062166 0.0 0
1747650062179 0.0 0
1747650062190 0.0 0
1747650062203 0.0 0
1747650062219 100.0 0
1747650062230 100.0 0
1747650062245 100.0 0
1747650062264 0.0 0
1747650062275 0.0 0
1747650062287 0.0 0
1747650062295 100.0 0
1747650062313 100.0 0
1747650062335 0.0 0
1747650062349 0.0 0
1747650062361 0.0 0
1747650062373 0.0 0
1747650062391 0.0 0
1747650062406 0.0 0
1747650062415 0.0 0
1747650062427 0.0 0
1747650062449 0.0 0
1747650062473 100.0 0
1747650062485 100.0 0
1747650062504 0.0 0
1747650062518 100.0 0
1747650062537 0.0 0
1747650062551 100.0 0
1747650062559 0.0 0
1747650062604 0.0 0
1747650062623 0.0 0
1747650062634 100.0 0
1747650062642 100.0 0
1747650062651 100.0 0
1747650062658 100.0 0
1747650062670 0.0 0
1747650062685 0.0 0
1747650062697 0.0 0
1747650062709 0.0 0
1747650062721 0.0 0
1747650062735 0.0 0
1747650062757 100.0 0
1747650062770 100.0 0
1747650062786 0.0 0
1747650062796 0.0 0
1747650062814 0.0 0
1747650062826 100.0 0
1747650062837 0.0 0
1747650062849 0.0 0
1747650062858 0.0 0
1747650062866 100.0 0
1747650062873 0.0 0
1747650062881 0.0 0
1747650062892 100.0 0
1747650062904 100.0 0
1747650062917 100.0 0
1747650062929 100.0 0
1747650062950 0.0 0
1747650062973 0.0 0
1747650062986 100.0 0
1747650062998 0.0 0
1747650063022 100.0 0
1747650063034 0.0 0
1747650063046 100.0 0
1747650063063 100.0 0
1747650063079 0.0 0
1747650063091 100.0 0
1747650063103 0.0 0
1747650063122 0.0 0
1747650063169 100.0 0
1747650063186 100.0 0
1747650063197 0.0 0
1747650063209 0.0 0
1747650063218 0.0 0
1747650063242 100.0 0
1747650063271 0.0 0
1747650063283 0.0 0
1747650063291 0.0 0
1747650063302 0.0 0
1747650063314 0.0 0
1747650063329 100.0 0
1747650063341 100.0 0
1747650063359 100.0 0
1747650063374 0.0 0
1747650063385 100.0 0
1747650063393 100.0 0
1747650063403 0.0 0
1747650063424 0.0 0
1747650063437 0.0 0
1747650063448 0.0 0
1747650063461 0.0 0
1747650063473 100.0 0
1747650063486 0.0 0
1747650063497 0.0 0
1747650063508 100.0 0
1747650063519 0.0 0
1747650063531 100.0 0
1747650063561 100.0 0
1747650063577 100.0 0
1747650063591 100.0 0
1747650063603 100.0 0
1747650063622 100.0 0
1747650063631 100.0 0
1747650063642 0.0 0
1747650063650 100.0 0
1747650063667 0.0 0
1747650063679 0.0 0
1747650063687 0.0 0
1747650063707 100.0 0
1747650063720 0.0 0
1747650063732 100.0 0
1747650063750 0.0 0
1747650063781 100.0 0
1747650063794 100.0 0
1747650063803 100.0 0
1747650063815 100.0 0
1747650063826 0.0 0
1747650063843 0.0 0
1747650063863 100.0 0
1747650063877 100.0 0
1747650063889 0.0 0
1747650063899 0.0 0
1747650063920 0.0 0
1747650063940 0.0 0
1747650063962 0.0 0
1747650063975 0.0 0
1747650063987 0.0 0
1747650063999 100.0 0
1747650064007 0.0 0
1747650064016 100.0 0
1747650064046 0.0 0
1747650064068 0.0 0
1747650064085 0.0 0
1747650064098 0.0 0
1747650064108 100.0 0
1747650064121 100.0 0
1747650064137 100.0 0
1747650064150 0.0 0
1747650064163 100.0 0
1747650064193 100.0 0
1747650064211 0.0 0
1747650064223 0.0 0
1747650064234 0.0 0
1747650064246 100.0 0
1747650064259 100.0 0
1747650064267 100.0 0
1747650064279 0.0 0
1747650064288 100.0 0
1747650064298 0.0 0
1747650064309 0.0 0
1747650064320 0.0 0
1747650064331 0.0 0
1747650064341 100.0 0
1747650064353 100.0 0
1747650064365 0.0 0
1747650064377 0.0 0
1747650064386 0.0 0
1747650064397 0.0 0
1747650064407 0.0 0
1747650064417 100.0 0
1747650064432 100.0 0
1747650064443 0.0 0
1747650064461 100.0 0
1747650064477 0.0 0
1747650064490 0.0 0
1747650064502 0.0 0
1747650064514 100.0 0
1747650064527 0.0 0
1747650064541 100.0 0
1747650064556 0.0 0
1747650064575 100.0 0
1747650064585 100.0 0
1747650064597 0.0 0
1747650064609 100.0 0
1747650064620 0.0 0
1747650064632 0.0 0
1747650064643 100.0 0
1747650064655 0.0 0
1747650064667 100.0 0
1747650064678 100.0 0
1747650064700 100.0 0
1747650064715 0.0 0
1747650064738 100.0 0
1747650064748 0.0 0
1747650064764 0.0 0
1747650064777 0.0 0
1747650064788 100.0 0
1747650064812 100.0 0
1747650064821 0.0 0
1747650064837 100.0 0
1747650064855 0.0 0
1747650064880 100.0 0
1747650064892 100.0 0
1747650064910 100.0 0
1747650064923 100.0 0
1747650064942 0.0 0
1747650064970 100.0 0
1747650064984 100.0 0
1747650064999 0.0 0
1747650065011 0.0 0
1747650065027 100.0 0
1747650065038 100.0 0
1747650065057 0.0 0
1747650065073 0.0 0
1747650065085 100.0 0
1747650065094 100.0 0
1747650065103 0.0 0
1747650065114 100.0 0
1747650065126 100.0 0
1747650065138 0.0 0
1747650065156 0.0 0
1747650065167 100.0 0
1747650065194 100.0 0
1747650065217 100.0 0
1747650065228 100.0 0
1747650065240 100.0 0
1747650065251 0.0 0
1747650065269 0.0 0
1747650065279 100.0 0
1747650065290 0.0 0
1747650065302 0.0 0
1747650065315 100.0 0
1747650065341 100.0 0
1747650065353 0.0 0
1747650065365 100.0 0
1747650065377 100.0 0
1747650065406 0.0 0
1747650065417 100.0 0
1747650065441 100.0 0
1747650065454 100.0 0
1747650065464 0.0 0
1747650065476 0.0 0
1747650065496 0.0 0
1747650065503 0.0 0
1747650065510 0.0 0
1747650065520 100.0 0
1747650065532 0.0 0
1747650065549 0.0 0
1747650065566 0.0 0
1747650065578 0.0 0
1747650065592 100.0 0
1747650065626 100.0 0
1747650065656 100.0 0
1747650065697 100.0 0
1747650065710 0.0 0
1747650065722 0.0 0
1747650065733 100.0 0
1747650065742 0.0 0
1747650065759 100.0 0
1747650065770 100.0 0
1747650065783 0.0 0
1747650065804 0.0 0
1747650065824 100.0 0
1747650065838 100.0 0
1747650065862 0.0 0
1747650065887 100.0 0
1747650065900 0.0 0
1747650065912 0.0 0
1747650065930 0.0 0
1747650065948 100.0 0
1747650065957 100.0 0
1747650065984 0.0 0
1747650066002 0.0 0
1747650066042 100.0 0
1747650066065 100.0 0
1747650066075 100.0 0
1747650066083 100.0 0
1747650066100 100.0 0
1747650066112 0.0 0
1747650066123 0.0 0
1747650066138 0.0 0
1747650066149 0.0 0
1747650066161 0.0 0
1747650066170 0.0 0
1747650066185 0.0 0
1747650066197 100.0 0
1747650066217 100.0 0
1747650066229 0.0 0
1747650066237 100.0 0
1747650066249 0.0 0
1747650066267 100.0 0
1747650066282 100.0 0
1747650066293 100.0 0
1747650066304 0.0 0
1747650066321 0.0 0
1747650066331 0.0 0
1747650066347 0.0 0
1747650066358 0.0 0
1747650066378 100.0 0
1747650066399 0.0 0
1747650066412 0.0 0
1747650066424 0.0 0
1747650066436 0.0 0
1747650066445 100.0 0
1747650066464 100.0 0
1747650066477 100.0 0
1747650066494 100.0 0
1747650066508 100.0 0
1747650066519 100.0 0
1747650066541 100.0 0
1747650066559 0.0 0
1747650066573 0.0 0
1747650066594 100.0 0
1747650066606 0.0 0
1747650066622 100.0 0
1747650066647 100.0 0
1747650066666 100.0 0
1747650066678 100.0 0
1747650066690 100.0 0
1747650066702 100.0 0
1747650066730 100.0 0
1747650066744 100.0 0
1747650066762 100.0 0
1747650066779 0.0 0
1747650066790 0.0 0
1747650066801 100.0 0
1747650066812 100.0 0
1747650066836 100.0 0
1747650066847 100.0 0
1747650066860 0.0 0
1747650066874 100.0 0
1747650066885 0.0 0
1747650066902 100.0 0
1747650066919 0.0 0
1747650066933 0.0 0
1747650066986 100.0 0
1747650066995 0.0 0
1747650067013 0.0 0
1747650067025 100.0 0
1747650067037 0.0 0
1747650067056 0.0 0
1747650067068 100.0 0
1747650067080 0.0 0
