1748432985934 -1.3028539042310947 0
1748433043867 -3.775398364167284 0
1748433052845 -0.41263002383849867 0
1748433069143 -0.9877902376151406 0
1748433099136 -1.3839970440984397 0
1748433144607 -4.817079319958709 0
1748433169058 -1.2874343310727656 0
1748433195583 -1.2245148260348253 0
1748433223722 -1.1953727115701778 0
1748433280094 -4.893228380133703 0
1748433318005 -3.7017266331696783 0
1748433327311 -0.4538266945607503 0
1748433379232 -27.94626952110818 0
1748433410068 -1.3878890458531774 0
1748433422927 -0.5637306971540628 0
1748433444210 -1.1849219433256528 0
1748433462240 -1.0953433945404571 0
1748433493914 -1.3316807323711004 0
1748433551914 -5.585972531245374 0
1748433616878 -4.752509917294112 0
1748433627711 -0.4767851737110177 0
1748433641007 -0.6390953219435043 0
1748433702011 -4.333067544926945 0
1748433718248 -0.7170296262630693 0
1748433722344 -0.474066090962215 0
1748433743036 -1.2706629460286685 0
1748433761482 -1.0683204465348677 0
1748433817727 -4.79272130256704 0
1748433849071 -1.4724943335777156 0
1748433887465 -4.725731278089674 0
1748433943600 -5.603445078990599 0
1748433990108 -4.199646244803095 0
1748434012269 -1.0649433412347664 0
1748434045358 -2.614039179663219 0
1748434091297 -5.805311659576532 0
1748434091987 -0.5901705049229404 0
1748434147122 -6.5521309834748225 0
1748434204801 -4.961616111169758 0
1748434228314 -1.1854898592249798 0
1748434246593 -1.0866540407410819 0
1748434272293 -1.3860511765441375 0
1748434280391 -0.49044064064712445 0
1748434333436 -4.536884554956357 0
1748434357813 -1.2144342436794602 0
1748434401523 -7.565987581056241 0
1748434463831 -3.6348170799199693 0
1748434509184 -6.7573091845884194 0
1748434565156 -3.9724945324171426 0
1748434619182 -5.58579857499193 0
1748434676516 -4.813159202419048 0
1748434725101 -6.3484971987229715 0
1748434734293 -0.5791184138958556 0
1748434769037 -4.088590980939749 0
1748434798589 -1.2425591163605234 0
1748434826933 -1.4259159204013 0
1748434848812 -1.1221148075751586 0
1748434890096 -4.312506199686494 0
1748434922648 -1.9830220883294603 0
1748434966025 -5.155028878512897 0
1748435001867 -34.72881913884151 0
1748435018230 -0.5733931320209074 0
1748435019807 -0.4194007598651091 0
1748435079486 -2.9851926300071656 0
1748435118205 -7.25041410998081 0
1748435159462 -7.621887467742329 0
1748435167424 -0.5470420781633899 0
1748435215652 -6.364043173406722 0
1748435242691 -1.3712106818492817 0
1748435294825 -4.997666573819184 0
1748435328209 -2.397263354931208 0
1748435384893 -4.01969733462278 0
1748435415167 -1.7244199348481062 0
1748435453419 -4.901702634610811 0
1748435492207 -7.004097202269985 0
1748435518988 -1.3065117943672846 0
1748435546281 -1.4195257412735065 0
