1748432985933 1.3282179654923798 0
1748433043866 4.961177889239484 0
1748433052844 0.4848411430355811 0
1748433069142 0.9677095642508006 0
1748433099135 1.5964686512254016 0
1748433144606 5.070399353338283 0
1748433169057 1.3494678873015549 0
1748433195582 1.4320042289384904 0
1748433223721 1.6199971533200106 0
1748433280093 3.855177831059354 0
1748433318004 4.449423458236949 0
1748433327310 0.45719201660874886 0
1748433379231 5.430171881866777 0
1748433410067 1.523231972769319 0
1748433422926 0.5940250617027816 0
1748433444209 1.1390108355923567 0
1748433462239 1.1290699434203864 0
1748433493913 1.5511546305701143 0
1748433551913 3.7007532851369827 0
1748433616877 3.8759203119160888 0
1748433627710 0.5693652047843621 0
1748433641006 0.7452466208273669 0
1748433702010 4.445612939596167 0
1748433718247 0.8920051645421869 0
1748433722343 0.5212327680588793 0
1748433743035 1.0932966420879813 0
1748433761481 1.2235501324553821 0
1748433817726 5.606670108393109 0
1748433849070 1.87519761894966 0
1748433887464 4.499438427296711 0
1748433943599 5.922766683888699 0
1748433990107 4.94111308244517 0
1748434012268 1.1248222971502049 0
1748434045357 2.3272123253304935 0
1748434091296 6.793689346765654 0
1748434091986 0.6777119446292412 0
1748434147121 3.9933249394054364 0
1748434204800 4.561984554158567 0
1748434228313 1.2489803074241965 0
1748434246592 1.1201342956081846 0
1748434272292 1.2839961391632435 0
1748434280390 0.5894065417239542 0
1748434333435 7.371089183388067 0
1748434357812 1.4843007835544089 0
1748434401522 5.095440786672664 0
1748434463830 25.297696199579427 0
1748434509183 7.291005106218259 0
1748434565155 3.5386438283485813 0
1748434619181 5.312525562411388 0
1748434676515 6.104187582131411 0
1748434725100 5.863457246920773 0
1748434734292 0.5603486453461733 0
1748434769036 4.455777321015778 0
1748434798588 1.654318617759112 0
1748434826932 1.6183390146852166 0
1748434848811 1.3544533434276822 0
1748434890095 7.098414759967407 0
1748434922647 2.5221008266474874 0
1748434966024 6.228252464005853 0
1748435001866 4.401451151754185 0
1748435018229 0.6784481466009031 0
1748435019806 0.6446878648972192 0
1748435079485 3.6418047260880755 0
1748435118204 7.01789599506764 0
1748435159461 32.691750785480956 0
1748435167423 0.5471993377796414 0
1748435215651 5.512235176546566 0
1748435242690 1.5931136646228694 0
1748435294824 4.022536561724445 0
1748435328208 2.931708431416745 0
1748435384891 4.3421228353043535 0
1748435415166 1.9937551534453666 0
1748435453418 5.098627360947912 0
1748435492206 5.2424104357139925 0
1748435518987 1.3542573045268465 0
1748435546280 1.59847108094774 0
