1748432985931 1053.0 0
1748433043864 2484.0 0
1748433052842 326.0 0
1748433069140 708.0 0
1748433099133 1281.0 0
1748433144604 1911.0 0
1748433169055 1097.0 0
1748433195580 1097.0 0
1748433223719 1273.0 0
1748433280090 2456.0 0
1748433318002 1561.0 0
1748433327307 424.0 0
1748433379228 2162.0 0
1748433410065 1252.0 0
1748433422923 572.0 0
1748433444206 945.0 0
1748433462237 866.0 0
1748433493911 1278.0 0
1748433551910 2550.0 0
1748433616874 2683.0 0
1748433627707 491.0 0
1748433641004 669.0 0
1748433702008 2528.0 0
1748433718245 744.0 0
1748433722341 195.0 0
1748433743032 849.0 0
1748433761479 858.0 0
1748433817723 2390.0 0
1748433849068 1364.0 0
1748433887462 1739.0 0
1748433943597 2470.0 0
1748433990104 2111.0 0
1748434012265 950.0 0
1748434045354 1515.0 0
1748434091293 2085.0 0
1748434091984 34.0 0
1748434147119 2425.0 0
1748434204797 2656.0 0
1748434228311 1072.0 0
1748434246589 993.0 0
1748434272289 1078.0 0
1748434280387 352.0 0
1748434333432 2217.0 0
1748434357810 1100.0 0
1748434401519 1932.0 0
1748434463828 2671.0 0
1748434509181 1954.0 0
1748434565152 2549.0 0
1748434619179 2327.0 0
1748434676513 2341.0 0
1748434725098 2062.0 0
1748434734290 426.0 0
1748434769033 1527.0 0
1748434798586 1188.0 0
1748434826930 1301.0 0
1748434848808 846.0 0
1748434890092 1765.0 0
1748434922645 1409.0 0
1748434966022 1862.0 0
1748435001864 1556.0 0
1748435018226 659.0 0
1748435019803 62.0 0
1748435079483 2688.0 0
1748435118201 1784.0 0
1748435159459 1882.0 0
1748435167421 427.0 0
1748435215649 2012.0 0
1748435242687 1238.0 0
1748435294821 2272.0 0
1748435328206 1480.0 0
1748435384889 2418.0 0
1748435415164 1350.0 0
1748435453416 1701.0 0
1748435492203 1652.0 0
1748435518985 1078.0 0
1748435546278 1275.0 0
