1748432985932 49.002849002849004 0
1748433043865 48.792270531400966 0
1748433052843 42.331288343558285 0
1748433069141 52.96610169491526 0
1748433099134 48.86807181889149 0
1748433144605 49.45054945054945 0
1748433169056 49.498632634457614 0
1748433195581 49.77210574293528 0
1748433223720 48.23252160251374 0
1748433280092 47.76058631921824 0
1748433318003 48.55861627162076 0
1748433327309 46.4622641509434 0
1748433379230 48.381128584643854 0
1748433410066 47.68370607028754 0
1748433422925 49.82517482517482 0
1748433444208 47.3015873015873 0
1748433462238 48.03695150115473 0
1748433493912 47.73082942097027 0
1748433551912 47.294117647058826 0
1748433616876 46.32873648900485 0
1748433627709 47.86150712830957 0
1748433641005 48.87892376681614 0
1748433702009 46.439873417721515 0
1748433718246 45.69892473118279 0
1748433722342 45.12820512820513 0
1748433743034 49.46996466431096 0
1748433761480 50.349650349650354 0
1748433817725 48.70292887029289 0
1748433849069 49.853372434017594 0
1748433887463 49.223691776883264 0
1748433943598 46.76113360323887 0
1748433990106 47.93936522974893 0
1748434012267 50.8421052631579 0
1748434045356 49.17491749174918 0
1748434091295 49.68824940047962 0
1748434091985 58.82352941176471 0
1748434147120 47.1340206185567 0
1748434204799 49.20933734939759 0
1748434228312 48.69402985074627 0
1748434246591 48.036253776435046 0
1748434272291 49.07235621521336 0
1748434280389 45.45454545454545 0
1748434333434 48.488949030221015 0
1748434357811 49.81818181818182 0
1748434401520 50.72463768115942 0
1748434463829 48.93298390116062 0
1748434509182 48.51586489252815 0
1748434565154 48.058061985092195 0
1748434619180 47.65792866351525 0
1748434676514 47.15933361811192 0
1748434725099 48.3996120271581 0
1748434734291 49.29577464788733 0
1748434769035 48.06810740013098 0
1748434798588 48.23232323232323 0
1748434826931 49.42352036894697 0
1748434848810 46.92671394799054 0
1748434890093 47.36543909348442 0
1748434922646 48.54506742370476 0
1748434966023 47.15359828141783 0
1748435001865 48.58611825192802 0
1748435018228 45.068285280728375 0
1748435019805 54.83870967741935 0
1748435079484 46.726190476190474 0
1748435118203 51.12107623318386 0
1748435159460 47.3432518597237 0
1748435167422 54.56674473067916 0
1748435215650 47.862823061630216 0
1748435242688 50.80775444264943 0
1748435294823 49.1637323943662 0
1748435328207 49.5945945945946 0
1748435384890 50.33085194375517 0
1748435415165 45.7037037037037 0
1748435453417 49.794238683127574 0
1748435492205 44.43099273607748 0
1748435518986 51.02040816326531 0
1748435546279 51.450980392156865 0
