1748431410770 -1.0694058154605388 0
1748431438701 -1.1107522790046054 0
1748431468625 -1.345077994961439 0
1748431471742 -0.3435534348506451 0
1748431521111 -5.633087658535339 0
1748431571172 -5.73767230073221 0
1748431590965 -1.0657089992744837 0
1748431611400 -1.0869869329598818 0
1748431632094 -1.0692828848039562 0
1748431688754 -5.7902866304095975 0
1748431753244 -4.364242370882753 0
1748431817698 -4.449453258027876 0
1748431838571 -1.0707545248070958 0
1748431883781 -5.841355438227194 0
1748431944870 -4.644730514118137 0
