1748431410769 1.513238635841004 0
1748431438700 1.3486568647802515 0
1748431468624 1.4684453741825574 0
1748431471741 0.4370448836106636 0
1748431521110 7.368582330309222 0
1748431571171 5.2148709408917755 0
1748431590964 1.1168924389305868 0
1748431611399 1.415296616018374 0
1748431632093 1.2676070294831858 0
1748431688753 26.11451373548961 0
1748431753243 3.8967920894138537 0
1748431817697 6.986970532902954 0
1748431838570 1.195819589307137 0
1748431883780 6.450666260067753 0
1748431944869 4.066095746428597 0
