1748431410768 51.42594296228151 0
1748431438699 47.834101382488484 0
1748431468623 49.01639344262295 0
1748431471740 44.354838709677416 0
1748431521109 47.69230769230769 0
1748431571170 48.949256791389026 0
1748431590963 46.33853541416567 0
1748431611398 50.427350427350426 0
1748431632091 44.98186215235792 0
1748431688752 49.93492407809111 0
1748431753242 48.01646706586826 0
1748431817696 48.42792976725194 0
1748431838569 48.15195071868583 0
1748431883779 49.105691056910565 0
1748431944868 47.58290051937675 0
