1747240699115 0.0008775781453696788 0
1747240722460 0.0008780396351352793 0
1747240742460 0.0008825418433855539 0
1747240765877 0.0008662662933069562 0
1747240788179 0.000862532188290426 0
1747240812268 0.0009882248173456775 0
1747240830624 0.0009900376119794437 0
1747240851135 0.0007853268635944341 0
1747240871840 0.000589558766163117 0
1747240888259 0.0010560517847689574 0
1747240911275 0.0005204802455007988 0
1747240933082 0.0006828344310173319 0
1747240950949 0.0005179037107520991 0
1747240974584 0.00015169293802861253 0
1747240996864 0.014208717354185104 0
