1747240699116 2.320499999999999 0
1747240722461 2.320499999999999 0
1747240742462 2.320499999999999 0
1747240765879 2.320499999999999 0
1747240788180 2.3530000000000015 0
1747240812270 2.3530000000000015 0
1747240830625 2.320499999999999 0
1747240851137 2.347999999999999 0
1747240871841 2.3885000000000005 0
1747240888260 2.3500000000000014 0
1747240911276 2.373000000000001 0
1747240933084 2.3885000000000005 0
1747240950951 2.3614999999999995 0
1747240974586 2.2300000000000004 0
1747240996866 0.3150000000000013 0
