1747240699114 1.2928094080462855 0
1747240722458 1.2930085041141004 0
1747240742459 1.2943057575456172 0
1747240765876 1.2852042979642222 0
1747240788177 1.2786909751881286 0
1747240812267 1.3230183845227246 0
1747240830622 1.3269516479742616 0
1747240851134 1.2545995528608391 0
1747240871838 1.1810067392862222 0
1747240888257 1.358416238260951 0
1747240911273 1.1714083420896841 0
1747240933081 1.2305121713145928 0
1747240950948 1.1622613740261267 0
1747240974582 1.0438815547388063 0
1747240996863 28.402872835449468 0
