1747240699120 0.08775781453696789 0
1747240722465 0.08780396351352791 0
1747240742465 0.08825418433855539 0
1747240765882 0.0866266293306956 0
1747240788183 0.08625321882904259 0
1747240812273 0.09882248173456773 0
1747240830629 0.09900376119794439 0
1747240851140 0.0785326863594434 0
1747240871844 0.05895587661631169 0
1747240888264 0.10560517847689577 0
1747240911280 0.0520480245500799 0
1747240933087 0.06828344310173318 0
1747240950955 0.05179037107520991 0
1747240974589 0.015169293802861259 0
1747240996869 1.4208717354185108 0
