1747240699118 0.08281783950710535 0
1747240722463 0.08286237598391724 0
1747240742463 0.08327475889983546 0
1747240765880 0.08154434120123799 0
1747240788181 0.0818300611912106 0
1747240812271 0.09358623801058284 0
1747240830627 0.09152169415385801 0
1747240851138 0.07479424363215295 0
1747240871842 0.0554992444111211 0
1747240888262 0.09598564753622006 0
1747240911277 0.051897802120654944 0
1747240933085 0.07192454232578663 0
1747240950952 0.05188762506454245 0
1747240974587 0.013593494398984898 0
1747240996867 0.8749684574657958 0
