1747240699112 51.61290322580645 0
1747240722456 51.61290322580645 0
1747240742457 51.423149905123346 0
1747240765874 51.417769376181475 0
1747240788175 51.691729323308266 0
1747240812264 52.513966480446925 0
1747240830620 52.55198487712666 0
1747240851132 51.992409867172675 0
1747240871836 48.275862068965516 0
1747240888255 48.41269841269841 0
1747240911271 51.03448275862069 0
1747240933079 51.06382978723404 0
1747240950946 49.107142857142854 0
1747240974580 45.535714285714285 0
1747240996861 71.42857142857143 0
