1748439992823 0.12026969042618336 0
1748440051065 0.14181970967628604 0
1748440060332 0.09056685604389682 0
1748440076857 0.126084814902745 0
1748440106881 0.12407816664695222 0
1748440150277 0.13971726600254175 0
1748440174032 0.12470539820933833 0
1748440200339 0.12593198231975603 0
1748440229396 0.1266559143827404 0
1748440281984 0.13586352613439925 0
1748440315500 0.12883061304427892 0
1748440324791 0.09525337291922553 0
1748440373304 0.14283149149865648 0
1748440402428 0.11955367929554708 0
1748440415525 0.10559213848299408 0
1748440438493 0.12297955095188329 0
1748440457564 0.12505700755499655 0
1748440488998 0.1238053874492573 0
1748440550295 0.13952862377221975 0
1748440615399 0.13993737811804602 0
1748440625136 0.10663490172253531 0
1748440639624 0.11943491484336288 0
1748440702273 0.1474400460877488 0
1748440717313 0.11859107546344988 0
1748440721304 0.09047766289618565 0
1748440742097 0.1252573640436037 0
1748440760485 0.13088857563630518 0
1748440813256 0.13132472456805158 0
1748440843472 0.12306128042931723 0
1748440881518 0.1336106304494712 0
1748440934314 0.13429299733024025 0
1748440980333 0.16866099564310782 0
1748441001789 0.07218763739469364 0
1748441033894 0.07066894246495266 0
1748441076305 0.0863679135180374 0
1748441125108 0.08151966650332655 0
1748441178454 0.07719956419785604 0
1748441202542 0.03777598432275356 0
1748441223422 0.03117801332246417 0
1748441247185 0.03803605983215158 0
1748441254381 0.03310389101010631 0
1748441307075 0.0772631830753179 0
1748441880332 0.011620250222721902 0
