1748439992824 -0.12046216468043157 0
1748440051066 -0.1319332828687262 0
1748440060333 -0.09551563924359448 0
1748440076858 -0.11688757691628862 0
1748440106883 -0.12616811091213476 0
1748440150278 -0.13302483159919765 0
1748440174033 -0.11988937170215447 0
1748440200340 -0.1211110749606386 0
1748440229398 -0.1177834756421413 0
1748440281985 -0.1366126274446699 0
1748440315501 -0.12615870494950382 0
1748440324792 -0.10259823741571036 0
1748440373305 -0.1347715726448367 0
1748440402430 -0.1199153011110295 0
1748440415526 -0.10685556960081287 0
1748440438494 -0.12441405728032204 0
1748440457565 -0.12251815948686963 0
1748440488999 -0.1222768833261523 0
1748440550296 -0.13405778090599463 0
1748440615400 -0.14065263030317487 0
1748440625137 -0.10186763984574465 0
1748440639625 -0.11164242166382232 0
1748440702274 -0.13053576375923379 0
1748440717314 -0.11287742891655347 0
1748440721305 -0.09457354098179026 0
1748440742098 -0.12526615413715442 0
1748440760486 -0.1216811946079202 0
1748440813257 -0.13858564923240815 0
1748440843473 -0.12785945035829122 0
1748440881519 -0.12277597675127755 0
1748440934315 -0.13063346739675888 0
1748440980334 -0.16263818500086652 0
1748441001790 -0.11798836949362093 0
1748441033895 -0.06607558820443223 0
1748441076306 -0.08410128564527725 0
1748441125109 -0.06706822668456251 0
1748441178455 -0.06125529475148442 0
1748441202543 -0.037239627901839045 0
1748441223423 -0.03706758387028 0
1748441247186 -0.045386796998356044 0
1748441254382 -0.05123127865319752 0
1748441307076 -0.20325989909086295 0
1748441880333 0.0 0
