1748439992821 2851.0 0
1748440051063 6691.0 0
1748440060330 895.0 0
1748440076855 1996.0 0
1748440106879 3458.0 0
1748440150275 5354.0 0
1748440174030 2997.0 0
1748440200336 3000.0 0
1748440229394 3297.0 0
1748440281982 6191.0 0
1748440315498 4099.0 0
1748440324788 1127.0 0
1748440373301 5726.0 0
1748440402426 3368.0 0
1748440415523 1495.0 0
1748440438490 2461.0 0
1748440457562 2248.0 0
1748440488996 3469.0 0
1748440550293 6776.0 0
1748440615396 7135.0 0
1748440625133 1289.0 0
1748440639622 1747.0 0
1748440702271 6839.0 0
1748440717310 1942.0 0
1748440721302 529.0 0
1748440742094 2242.0 0
1748440760482 2201.0 0
1748440813254 6310.0 0
1748440843469 3570.0 0
1748440881516 3972.0 0
1748440934312 4962.0 0
1748440980331 797.0 0
1748441001786 18.0 0
1748441033891 44.0 0
1748441076303 129.0 0
1748441125106 135.0 0
1748441178451 148.0 0
1748441202540 47.0 0
1748441223420 45.0 0
1748441247183 44.0 0
1748441254378 12.0 0
1748441307073 16.0 0
1748441880330 1.0 0
