1748439992822 51.139950894423016 0
1748440051064 48.85667314302795 0
1748440060331 50.167597765363126 0
1748440076856 47.49498997995992 0
1748440106880 48.35164835164835 0
1748440150276 48.1509152035861 0
1748440174031 48.31498164831498 0
1748440200338 48.36666666666667 0
1748440229395 47.67970882620564 0
1748440281983 48.57050557260539 0
1748440315499 50.622102951939496 0
1748440324790 49.245785270629995 0
1748440373303 48.655256723716384 0
1748440402427 49.82185273159145 0
1748440415524 48.42809364548495 0
1748440438492 49.451442503047545 0
1748440457563 48.66548042704626 0
1748440488997 46.90112424329778 0
1748440550294 47.963400236127505 0
1748440615398 48.63349684653118 0
1748440625135 48.021722265321955 0
1748440639623 49.17000572409845 0
1748440702272 49.700248574352976 0
1748440717312 47.21936148300721 0
1748440721303 47.44801512287334 0
1748440742096 49.24174843889384 0
1748440760484 46.79691049522944 0
1748440813255 49.36608557844691 0
1748440843471 47.675070028011206 0
1748440881517 49.823766364551865 0
1748440934313 49.334945586457074 0
1748440980332 50.81555834378921 0
1748441001788 33.33333333333333 0
1748441033893 43.18181818181818 0
1748441076304 48.06201550387597 0
1748441125107 47.40740740740741 0
1748441178453 47.97297297297297 0
1748441202541 40.42553191489361 0
1748441223421 40.0 0
1748441247184 43.18181818181818 0
1748441254380 41.66666666666667 0
1748441307074 50.0 0
1748441880331 100.0 0
