1747648925341 3.6905547785547785 0
1747648925351 0.0 0
1747648925363 0.0 0
1747648925392 0.0 0
1747648925401 0.0 0
1747648925420 0.0 0
1747648925433 0.0 0
1747648925453 0.0 0
1747648925462 0.0 0
1747648925475 0.0 0
1747648925492 0.0 0
1747648925499 0.0 0
1747648925512 0.0 0
1747648925528 0.0 0
1747648925541 0.0 0
1747648925555 0.0 0
1747648925587 0.0 0
1747648925617 0.0 0
1747648925658 0.0 0
1747648925671 0.0 0
1747648925684 0.0 0
1747648925698 0.0 0
1747648925715 0.0 0
1747648925730 0.0 0
1747648925750 0.0 0
1747648925763 0.0 0
1747648925774 0.0 0
1747648925787 0.0 0
1747648925809 0.0 0
1747648925825 0.0 0
1747648925838 0.0 0
1747648925852 0.0 0
1747648925865 0.0 0
1747648925875 0.0 0
1747648925888 0.0 0
1747648925899 0.0 0
1747648925913 0.0 0
1747648925927 0.0 0
1747648925939 0.0 0
1747648925950 0.0 0
1747648925962 0.0 0
1747648925973 0.0 0
1747648925996 0.0 0
1747648926007 0.0 0
1747648926016 0.0 0
1747648926026 0.0 0
1747648926039 0.0 0
1747648926062 0.0 0
1747648926073 0.0 0
1747648926085 0.0 0
1747648926096 0.0 0
1747648926119 0.0 0
1747648926130 0.0 0
1747648926145 0.0 0
1747648926156 0.0 0
1747648926169 0.0 0
1747648926183 0.0 0
1747648926199 0.0 0
1747648926215 0.0 0
1747648926227 0.0 0
1747648926236 0.0 0
1747648926249 0.0 0
1747648926260 0.0 0
1747648926267 0.0 0
1747648926276 0.0 0
1747648926284 0.0 0
1747648926295 0.0 0
1747648926306 0.0 0
1747648926327 0.0 0
1747648926338 0.0 0
1747648926349 0.0 0
1747648926360 0.0 0
1747648926380 0.0 0
1747648926402 0.0 0
1747648926415 0.0 0
1747648926425 0.0 0
1747648926438 0.0 0
1747648926458 0.0 0
1747648926477 0.0 0
1747648926488 0.0 0
1747648926504 0.0 0
1747648926539 0.0 0
1747648926552 0.0 0
1747648926566 0.0 0
1747648926580 0.0 0
1747648926594 0.0 0
1747648926625 0.0 0
1747648926638 0.0 0
1747648926661 0.0 0
1747648926674 0.0 0
1747648926687 0.0 0
1747648926699 0.0 0
1747648926713 0.0 0
1747648926726 0.0 0
1747648926739 0.0 0
1747648926752 0.0 0
1747648926766 0.0 0
1747648926777 0.0 0
1747648926790 0.0 0
1747648926800 0.0 0
1747648926812 0.0 0
1747648926825 0.0 0
1747648926834 0.0 0
1747648926844 0.0 0
1747648926859 0.0 0
1747648926874 0.0 0
1747648926906 0.0 0
1747648926920 0.0 0
1747648926937 0.0 0
1747648926950 0.0 0
1747648926968 0.0 0
1747648926992 0.0 0
1747648927003 0.0 0
1747648927019 0.0 0
1747648927029 0.0 0
1747648927044 0.0 0
1747648927059 0.0 0
1747648927078 0.0 0
1747648927098 0.0 0
1747648927109 0.0 0
1747648927126 0.0 0
1747648927137 0.0 0
1747648927148 0.0 0
1747648927161 0.0 0
1747648927172 0.0 0
1747648927180 0.0 0
1747648927193 0.0 0
1747648927204 0.0 0
1747648927215 0.0 0
1747648927226 0.0 0
1747648927247 0.0 0
1747648927258 0.0 0
1747648927268 0.0 0
1747648927278 0.0 0
1747648927294 0.0 0
1747648927305 0.0 0
1747648927316 0.0 0
1747648927341 0.0 0
1747648927351 0.0 0
1747648927362 0.0 0
1747648927378 0.0 0
1747648927389 0.0 0
1747648927405 0.0 0
1747648927416 0.0 0
1747648927428 0.0 0
1747648927439 0.0 0
1747648927455 0.0 0
1747648927464 0.0 0
1747648927494 0.0 0
1747648927505 0.0 0
1747648927516 0.0 0
1747648927527 0.0 0
1747648927538 0.0 0
1747648927571 0.0 0
1747648927586 0.0 0
1747648927598 0.0 0
1747648927609 0.0 0
1747648927620 0.0 0
1747648927631 0.0 0
1747648927643 0.0 0
1747648927654 0.0 0
1747648927677 0.0 0
1747648927692 0.0 0
1747648927705 0.0 0
1747648927725 0.0 0
1747648927737 0.0 0
1747648927749 0.0 0
1747648927761 0.0 0
1747648927773 0.0 0
1747648927784 0.0 0
1747648927799 0.0 0
1747648927809 0.0 0
1747648927825 0.0 0
1747648927843 0.0 0
1747648927850 0.0 0
1747648927862 0.0 0
1747648927892 0.0 0
1747648927916 0.0 0
1747648927948 0.0 0
1747648927966 0.0 0
1747648928002 0.0 0
1747648928021 0.0 0
1747648928038 0.0 0
1747648928048 0.0 0
1747648928059 0.0 0
1747648928071 0.0 0
1747648928082 0.0 0
1747648928095 0.0 0
1747648928113 0.0 0
1747648928140 0.0 0
1747648928153 0.0 0
1747648928165 0.0 0
1747648928182 0.0 0
1747648928193 0.0 0
1747648928215 0.0 0
1747648928226 0.0 0
1747648928237 0.0 0
1747648928248 0.0 0
1747648928265 0.0 0
1747648928275 0.0 0
1747648928287 0.0 0
1747648928305 0.0 0
1747648928344 0.0 0
1747648928364 0.0 0
1747648928376 0.0 0
1747648928387 0.0 0
1747648928399 0.0 0
1747648928416 0.0 0
1747648928429 0.0 0
1747648928440 0.0 0
1747648928452 0.0 0
1747648928464 0.0 0
1747648928480 0.0 0
1747648928491 0.0 0
1747648928515 0.0 0
1747648928527 0.0 0
1747648928537 0.0 0
1747648928552 0.0 0
1747648928563 0.0 0
1747648928578 0.0 0
1747648928589 0.0 0
1747648928600 0.0 0
1747648928611 0.0 0
1747648928622 0.0 0
1747648928633 0.0 0
1747648928652 0.0 0
1747648928666 0.0 0
1747648928678 0.0 0
1747648928689 0.0 0
1747648928700 0.0 0
1747648928711 0.0 0
1747648928728 0.0 0
1747648928740 0.0 0
1747648928751 0.0 0
1747648928762 0.0 0
1747648928771 0.0 0
1747648928787 0.0 0
1747648928801 0.0 0
1747648928812 0.0 0
1747648928823 0.0 0
1747648928831 0.0 0
1747648928840 0.0 0
1747648928851 0.0 0
1747648928862 0.0 0
1747648928873 0.0 0
1747648928889 0.0 0
1747648928906 0.0 0
1747648928921 0.0 0
1747648928933 0.0 0
1747648928945 0.0 0
1747648928957 0.0 0
1747648928968 0.0 0
1747648928980 0.0 0
1747648928996 0.0 0
1747648929008 0.0 0
1747648929030 0.0 0
1747648929041 0.0 0
1747648929056 0.0 0
1747648929068 0.0 0
1747648929079 0.0 0
1747648929094 0.0 0
1747648929105 0.0 0
1747648929118 0.0 0
1747648929130 0.0 0
1747648929142 0.0 0
1747648929172 0.0 0
1747648929183 0.0 0
1747648929216 0.0 0
1747648929228 0.0 0
1747648929240 0.0 0
1747648929251 0.0 0
1747648929266 0.0 0
1747648929274 0.0 0
1747648929282 0.0 0
1747648929299 0.0 0
1747648929310 0.0 0
1747648929326 0.0 0
1747648929345 0.0 0
1747648929356 0.0 0
1747648929367 0.0 0
1747648929378 0.0 0
1747648929416 0.0 0
1747648929424 0.0 0
1747648929433 0.0 0
1747648929443 0.0 0
1747648929469 0.0 0
1747648929486 0.0 0
1747648929501 0.0 0
1747648929512 0.0 0
1747648929530 0.0 0
1747648929542 0.0 0
1747648929554 0.0 0
1747648929570 0.0 0
1747648929582 0.0 0
1747648929593 0.0 0
1747648929604 0.0 0
1747648929620 0.0 0
1747648929632 0.0 0
1747648929645 0.0 0
1747648929655 0.0 0
1747648929666 0.0 0
1747648929678 0.0 0
1747648929689 0.0 0
1747648929698 0.0 0
1747648929714 0.0 0
1747648929733 0.0 0
1747648929745 0.0 0
1747648929756 0.0 0
1747648929767 0.0 0
1747648929778 0.0 0
1747648929789 0.0 0
1747648929806 0.0 0
1747648929815 0.0 0
1747648929831 0.0 0
1747648929841 0.0 0
1747648929853 0.0 0
1747648929867 0.0 0
1747648929879 0.0 0
1747648929900 0.0 0
1747648929911 0.0 0
1747648929936 0.0 0
1747648929948 0.0 0
1747648929960 0.0 0
1747648929972 0.0 0
1747648929987 0.0 0
1747648929998 0.0 0
1747648930010 0.0 0
1747648930023 0.0 0
1747648930044 0.0 0
1747648930076 0.0 0
1747648930087 0.0 0
1747648930097 0.0 0
1747648930108 0.0 0
1747648930124 0.0 0
1747648930136 0.0 0
1747648930148 0.0 0
1747648930186 0.0 0
1747648930201 0.0 0
1747648930212 0.0 0
1747648930222 0.0 0
1747648930237 0.0 0
1747648930254 0.0 0
1747648930266 0.0 0
1747648930277 0.0 0
1747648930289 0.0 0
1747648930297 0.0 0
1747648930308 0.0 0
1747648930320 0.0 0
1747648930329 0.0 0
1747648930342 0.0 0
1747648930354 0.0 0
1747648930365 0.0 0
1747648930378 0.0 0
1747648930389 0.0 0
1747648930400 0.0 0
1747648930407 0.0 0
1747648930426 0.0 0
1747648930435 0.0 0
1747648930446 0.0 0
1747648930457 0.0 0
1747648930468 0.0 0
1747648930480 0.0 0
1747648930494 0.0 0
1747648930502 0.0 0
1747648930517 0.0 0
1747648930526 0.0 0
1747648930534 0.0 0
1747648930552 0.0 0
1747648930576 0.0 0
1747648930588 0.0 0
1747648930611 0.0 0
1747648930623 0.0 0
1747648930633 0.0 0
1747648930642 0.0 0
1747648930660 0.0 0
1747648930672 0.0 0
1747648930681 0.0 0
1747648930693 0.0 0
1747648930704 0.0 0
1747648930715 0.0 0
1747648930725 0.0 0
1747648930736 0.0 0
1747648930744 0.0 0
1747648930762 0.0 0
1747648930779 0.0 0
1747648930790 0.0 0
1747648930804 0.0 0
1747648930820 0.0 0
1747648930834 0.0 0
1747648930853 0.0 0
1747648930865 0.0 0
1747648930872 0.0 0
1747648930892 0.0 0
1747648930903 0.0 0
1747648930914 0.0 0
1747648930941 0.0 0
1747648930957 0.0 0
1747648930966 0.0 0
1747648930978 0.0 0
1747648930996 0.0 0
1747648931010 0.0 0
1747648931029 0.0 0
1747648931040 0.0 0
1747648931051 0.0 0
1747648931062 0.0 0
1747648931076 0.0 0
1747648931099 0.0 0
1747648931109 0.0 0
1747648931121 0.0 0
1747648931132 0.0 0
1747648931139 0.0 0
1747648931151 0.0 0
1747648931161 0.0 0
1747648931174 0.0 0
1747648931190 0.0 0
1747648931201 0.0 0
1747648931212 0.0 0
1747648931221 0.0 0
1747648931233 0.0 0
1747648931247 0.0 0
1747648931256 0.0 0
1747648931267 0.0 0
1747648931278 0.0 0
1747648931289 0.0 0
1747648931299 0.0 0
1747648931326 0.0 0
1747648931336 0.0 0
1747648931356 0.0 0
1747648931368 0.0 0
1747648931380 0.0 0
1747648931392 0.0 0
1747648931403 0.0 0
1747648931410 0.0 0
1747648931422 0.0 0
1747648931434 0.0 0
1747648931446 0.0 0
1747648931457 0.0 0
1747648931469 0.0 0
1747648931477 0.0 0
1747648931488 0.0 0
1747648931498 0.0 0
1747648931508 0.0 0
1747648931517 0.0 0
1747648931527 0.0 0
1747648931538 0.0 0
1747648931548 0.0 0
1747648931557 0.0 0
1747648931567 0.0 0
1747648931576 0.0 0
1747648931588 0.0 0
1747648931600 0.0 0
1747648931611 0.0 0
1747648931623 0.0 0
1747648931630 0.0 0
1747648931642 0.0 0
1747648931655 0.0 0
1747648931666 0.0 0
1747648931681 0.0 0
1747648931692 0.0 0
1747648931705 0.0 0
1747648931716 0.0 0
1747648931732 0.0 0
1747648931743 0.0 0
1747648931754 0.0 0
1747648931765 0.0 0
1747648931776 0.0 0
1747648931789 0.0 0
1747648931801 0.0 0
1747648931817 0.0 0
1747648931826 0.0 0
1747648931835 0.0 0
1747648931846 0.0 0
1747648931854 0.0 0
1747648931870 0.0 0
1747648931881 0.0 0
1747648931897 0.0 0
1747648931921 0.0 0
1747648931935 0.0 0
1747648931952 0.0 0
1747648931964 0.0 0
1747648931980 0.0 0
1747648931993 0.0 0
1747648932010 0.0 0
1747648932020 0.0 0
1747648932027 0.0 0
1747648932038 0.0 0
1747648932050 0.0 0
1747648932057 0.0 0
1747648932071 0.0 0
1747648932086 0.0 0
1747648932097 0.0 0
1747648932108 0.0 0
1747648932120 0.0 0
1747648932131 0.0 0
1747648932143 0.0 0
1747648932154 0.0 0
1747648932172 0.0 0
1747648932183 0.0 0
1747648932196 0.0 0
1747648932207 0.0 0
1747648932219 0.0 0
1747648932226 0.0 0
1747648932243 0.0 0
1747648932255 0.0 0
1747648932264 0.0 0
1747648932276 0.0 0
1747648932287 0.0 0
1747648932299 0.0 0
1747648932306 0.0 0
1747648932315 0.0 0
1747648932326 0.0 0
1747648932334 0.0 0
1747648932344 0.0 0
1747648932359 0.0 0
1747648932375 0.0 0
1747648932387 0.0 0
1747648932405 0.0 0
1747648932423 0.0 0
1747648932441 0.0 0
1747648932452 0.0 0
1747648932462 0.0 0
1747648932482 0.0 0
1747648932492 0.0 0
1747648932510 0.0 0
1747648932523 0.0 0
1747648932535 0.0 0
1747648932546 0.0 0
1747648932562 0.0 0
1747648932574 0.0 0
1747648932585 0.0 0
1747648932594 0.0 0
1747648932606 0.0 0
1747648932618 0.0 0
1747648932635 0.0 0
1747648932649 0.0 0
1747648932659 0.0 0
1747648932676 0.0 0
1747648932687 0.0 0
1747648932706 0.0 0
1747648932721 0.0 0
1747648932738 0.0 0
1747648932752 0.0 0
1747648932759 0.0 0
1747648932773 0.0 0
1747648932784 0.0 0
1747648932798 0.0 0
1747648932811 0.0 0
1747648932823 0.0 0
1747648932835 0.0 0
1747648932852 0.0 0
1747648932864 0.0 0
1747648932881 0.0 0
1747648932893 0.0 0
1747648932907 0.0 0
1747648932918 0.0 0
1747648932930 0.0 0
1747648932942 0.0 0
1747648932955 0.0 0
1747648932968 0.0 0
1747648932980 0.0 0
1747648932991 0.0 0
1747648933012 0.0 0
1747648933028 0.0 0
1747648933054 0.0 0
1747648933067 0.0 0
1747648933085 0.0 0
1747648933097 0.0 0
1747648933116 0.0 0
1747648933135 0.0 0
1747648933148 0.0 0
1747648933160 0.0 0
1747648933178 0.0 0
1747648933191 0.0 0
1747648933203 0.0 0
1747648933220 0.0 0
1747648933234 0.0 0
1747648933246 0.0 0
1747648933256 0.0 0
1747648933268 0.0 0
1747648933275 0.0 0
1747648933291 0.0 0
1747648933303 0.0 0
1747648933317 0.0 0
1747648933332 0.0 0
1747648933348 0.0 0
1747648933360 0.0 0
1747648933371 0.0 0
1747648933379 0.0 0
1747648933391 0.0 0
1747648933407 0.0 0
1747648933417 0.0 0
1747648933435 0.0 0
1747648933447 0.0 0
1747648933459 0.0 0
1747648933470 0.0 0
1747648933482 0.0 0
1747648933490 0.0 0
1747648933499 0.0 0
1747648933511 0.0 0
1747648933522 0.0 0
1747648933534 0.0 0
1747648933565 0.0 0
1747648933575 0.0 0
1747648933608 0.0 0
1747648933635 0.0 0
1747648933652 0.0 0
1747648933669 0.0 0
1747648933680 0.0 0
1747648933692 0.0 0
1747648933703 0.0 0
1747648933714 0.0 0
1747648933726 0.0 0
1747648933738 0.0 0
1747648933755 0.0 0
1747648933766 0.0 0
1747648933784 0.0 0
1747648933796 0.0 0
1747648933807 0.0 0
1747648933814 0.0 0
1747648933826 0.0 0
1747648933842 0.0 0
1747648933861 0.0 0
1747648933881 0.0 0
1747648933897 0.0 0
1747648933914 0.0 0
1747648933926 0.0 0
1747648933949 0.0 0
1747648933963 0.0 0
1747648933974 0.0 0
1747648933984 0.0 0
1747648934001 0.0 0
1747648934015 0.0 0
1747648934026 0.0 0
1747648934038 0.0 0
1747648934062 0.0 0
1747648934073 0.0 0
1747648934084 0.0 0
1747648934098 0.0 0
1747648934107 0.0 0
1747648934114 0.0 0
1747648934127 0.0 0
1747648934145 0.0 0
1747648934156 0.0 0
1747648934166 0.0 0
1747648934177 0.0 0
1747648934189 0.0 0
1747648934200 0.0 0
1747648934211 0.0 0
1747648934222 0.0 0
1747648934230 0.0 0
1747648934243 0.0 0
1747648934257 0.0 0
1747648934269 0.0 0
1747648934296 0.0 0
1747648934307 0.0 0
1747648934318 0.0 0
1747648934327 0.0 0
1747648934342 0.0 0
1747648934350 0.0 0
1747648934358 0.0 0
1747648934369 0.0 0
1747648934380 0.0 0
1747648934391 0.0 0
1747648934402 0.0 0
1747648934413 0.0 0
1747648934427 0.0 0
1747648934445 0.0 0
1747648934457 0.0 0
1747648934473 0.0 0
1747648934481 0.0 0
1747648934496 0.0 0
1747648934510 0.0 0
1747648934521 0.0 0
1747648934533 0.0 0
1747648934544 0.0 0
1747648934551 0.0 0
1747648934563 0.0 0
1747648934587 0.0 0
1747648934602 0.0 0
1747648934612 0.0 0
1747648934624 0.0 0
1747648934646 0.0 0
1747648934664 0.0 0
1747648934681 0.0 0
1747648934692 0.0 0
1747648934709 0.0 0
1747648934720 0.0 0
1747648934731 0.0 0
1747648934743 0.0 0
1747648934754 0.0 0
1747648934778 0.0 0
1747648934803 0.0 0
1747648934819 0.0 0
1747648934830 0.0 0
1747648934841 0.0 0
1747648934851 0.0 0
1747648934863 0.0 0
1747648934875 0.0 0
1747648934886 0.0 0
1747648934900 0.0 0
1747648934909 0.0 0
1747648934920 0.0 0
1747648934935 0.0 0
1747648934947 0.0 0
1747648934955 0.0 0
1747648934966 0.0 0
1747648934993 0.0 0
1747648935004 0.0 0
1747648935018 0.0 0
1747648935029 0.0 0
1747648935041 0.0 0
1747648935052 0.0 0
1747648935060 0.0 0
1747648935073 0.0 0
1747648935097 0.0 0
1747648935113 0.0 0
1747648935123 0.0 0
1747648935136 0.0 0
1747648935148 0.0 0
1747648935161 0.0 0
1747648935169 0.0 0
1747648935176 0.0 0
1747648935190 0.0 0
1747648935203 0.0 0
1747648935214 0.0 0
1747648935224 0.0 0
1747648935235 0.0 0
1747648935251 0.0 0
1747648935263 0.0 0
1747648935273 0.0 0
1747648935287 0.0 0
1747648935296 0.0 0
1747648935309 0.0 0
1747648935317 0.0 0
1747648935342 0.0 0
1747648935353 0.0 0
1747648935367 0.0 0
1747648935378 0.0 0
1747648935395 0.0 0
1747648935406 0.0 0
1747648935416 0.0 0
1747648935424 0.0 0
1747648935432 0.0 0
1747648935452 0.0 0
1747648935468 0.0 0
1747648935480 0.0 0
1747648935498 0.0 0
1747648935515 0.0 0
1747648935526 0.0 0
1747648935537 0.0 0
1747648935548 0.0 0
1747648935561 0.0 0
1747648935570 0.0 0
1747648935581 0.0 0
1747648935593 0.0 0
1747648935602 0.0 0
1747648935614 0.0 0
1747648935625 0.0 0
1747648935636 0.0 0
1747648935652 0.0 0
1747648935664 0.0 0
1747648935675 0.0 0
1747648935687 0.0 0
1747648935706 0.0 0
1747648935720 0.0 0
1747648935731 0.0 0
1747648935739 0.0 0
1747648935747 0.0 0
1747648935758 0.0 0
1747648935769 0.0 0
1747648935783 0.0 0
1747648935794 0.0 0
1747648935801 0.0 0
1747648935818 0.0 0
1747648935829 0.0 0
1747648935841 0.0 0
1747648935848 0.0 0
1747648935865 0.0 0
1747648935882 0.0 0
1747648935896 0.0 0
1747648935907 0.0 0
1747648935919 0.0 0
1747648935931 0.0 0
1747648935943 0.0 0
1747648935955 0.0 0
1747648935963 0.0 0
1747648935974 0.0 0
1747648935983 0.0 0
1747648935995 0.0 0
1747648936002 0.0 0
1747648936013 0.0 0
1747648936023 0.0 0
1747648936038 0.0 0
1747648936049 0.0 0
1747648936060 0.0 0
1747648936067 0.0 0
1747648936086 0.0 0
1747648936098 0.0 0
1747648936110 0.0 0
1747648936125 0.0 0
1747648936148 0.0 0
1747648936164 0.0 0
1747648936175 0.0 0
1747648936183 0.0 0
1747648936190 0.0 0
1747648936199 0.0 0
1747648936209 0.0 0
1747648936220 0.0 0
1747648936227 0.0 0
1747648936238 0.0 0
1747648936247 0.0 0
1747648936263 0.0 0
1747648936272 0.0 0
1747648936280 0.0 0
1747648936293 0.0 0
1747648936310 0.0 0
1747648936321 0.0 0
1747648936332 0.0 0
1747648936343 0.0 0
1747648936359 0.0 0
1747648936377 0.0 0
1747648936388 0.0 0
1747648936399 0.0 0
1747648936413 0.0 0
1747648936427 0.0 0
1747648936439 0.0 0
1747648936448 0.0 0
1747648936460 0.0 0
1747648937328 0.0 0
1747648937340 0.0 0
1747648937352 0.0 0
1747648937372 0.0 0
1747648937384 0.0 0
1747648937409 0.0 0
1747648937432 0.0 0
1747648937449 0.0 0
1747648937475 0.0 0
1747648937489 0.0 0
1747648937503 0.0 0
1747648937519 0.0 0
1747648937531 0.0 0
1747648937572 0.0 0
1747648937602 0.0 0
1747648937631 0.0 0
1747648937643 0.0 0
1747648937655 0.0 0
1747648937667 0.0 0
1747648937679 0.0 0
1747648937705 0.0 0
1747648937732 0.0 0
1747648937758 0.0 0
1747648937768 0.0 0
1747648937780 0.0 0
1747648937795 0.0 0
1747648937805 0.0 0
1747648937817 0.0 0
1747648937832 0.0 0
1747648937859 0.0 0
1747648937871 0.0 0
1747648937893 0.0 0
1747648937904 0.0 0
1747648937937 0.0 0
1747648937949 0.0 0
1747648937960 0.0 0
1747648937972 0.0 0
1747648937988 0.0 0
1747648937999 0.0 0
1747648938010 0.0 0
1747648938024 0.0 0
1747648938032 0.0 0
1747648938041 0.0 0
1747648938052 0.0 0
1747648938063 0.0 0
1747648938076 0.0 0
1747648938097 0.0 0
1747648938108 0.0 0
1747648938142 0.0 0
1747648938154 0.0 0
1747648938170 0.0 0
1747648938181 0.0 0
1747648938192 0.0 0
1747648938204 0.0 0
1747648938219 0.0 0
1747648938231 0.0 0
1747648938245 0.0 0
1747648938256 0.0 0
1747648938267 0.0 0
1747648938278 0.0 0
1747648938290 0.0 0
1747648938297 0.0 0
1747648938308 0.0 0
1747648938319 0.0 0
1747648938327 0.0 0
1747648938335 0.0 0
1747648938360 0.0 0
1747648938372 0.0 0
1747648938381 0.0 0
1747648938389 0.0 0
1747648938401 0.0 0
1747648938414 0.0 0
1747648938427 0.0 0
1747648938446 0.0 0
1747648938461 0.0 0
1747648938477 0.0 0
1747648938488 0.0 0
1747648938499 0.0 0
1747648938510 0.0 0
1747648938521 0.0 0
1747648938532 0.0 0
1747648938546 0.0 0
1747648938558 0.0 0
1747648938570 0.0 0
1747648938580 0.0 0
1747648938590 0.0 0
1747648938599 0.0 0
1747648938609 0.0 0
1747648938622 0.0 0
1747648938633 0.0 0
1747648938648 0.0 0
1747648938684 0.0 0
1747648938705 0.0 0
1747648938716 0.0 0
1747648938727 0.0 0
1747648938755 0.0 0
1747648938767 0.0 0
1747648938784 0.0 0
1747648938795 0.0 0
1747648938807 0.0 0
1747648938819 0.0 0
1747648938844 0.0 0
1747648938855 0.0 0
1747648938870 0.0 0
1747648938903 0.0 0
1747648938915 0.0 0
1747648938933 0.0 0
1747648938946 0.0 0
1747648938957 0.0 0
1747648938966 0.0 0
1747648939000 0.0 0
1747648939014 0.0 0
1747648939028 0.0 0
1747648939041 0.0 0
1747648939051 0.0 0
1747648939065 0.0 0
1747648939076 0.0 0
1747648939087 0.0 0
1747648939110 0.0 0
1747648939121 0.0 0
1747648939132 0.0 0
1747648939143 0.0 0
1747648939154 0.0 0
1747648939167 0.0 0
1747648939181 0.0 0
1747648939192 0.0 0
1747648939202 0.0 0
1747648939214 0.0 0
1747648939224 0.0 0
1747648939235 0.0 0
1747648939246 0.0 0
1747648939257 0.0 0
1747648939264 0.0 0
1747648939276 0.0 0
1747648939287 0.0 0
1747648939299 0.0 0
1747648939332 0.0 0
1747648939346 0.0 0
1747648939365 0.0 0
1747648939387 0.0 0
1747648939400 0.0 0
1747648939431 0.0 0
1747648939444 0.0 0
1747648939458 0.0 0
1747648939478 0.0 0
1747648939490 0.0 0
1747648939515 0.0 0
1747648939534 0.0 0
1747648939545 0.0 0
1747648939572 0.0 0
1747648939599 0.0 0
1747648939616 0.0 0
1747648939627 0.0 0
1747648939640 0.0 0
1747648939652 0.0 0
1747648939675 0.0 0
1747648939688 0.0 0
1747648939701 0.0 0
1747648939713 0.0 0
1747648939730 0.0 0
1747648939760 0.0 0
1747648939774 0.0 0
1747648939801 0.0 0
1747648939814 0.0 0
1747648939833 0.0 0
1747648939846 0.0 0
1747648939859 0.0 0
1747648939869 0.0 0
1747648939881 0.0 0
1747648939906 0.0 0
1747648939946 0.0 0
1747648939966 0.0 0
1747648939988 0.0 0
1747648940003 0.0 0
1747648940019 0.0 0
1747648940030 0.0 0
1747648940052 0.0 0
1747648940076 0.0 0
1747648940101 0.0 0
1747648940115 0.0 0
1747648940125 0.0 0
1747648940161 0.0 0
1747648940177 0.0 0
1747648940192 0.0 0
1747648940229 0.0 0
1747648940243 0.0 0
1747648940272 0.0 0
1747648940284 0.0 0
1747648940309 0.0 0
1747648940323 0.0 0
1747648940337 0.0 0
1747648940351 0.0 0
1747648940366 0.0 0
1747648940392 0.0 0
1747648940405 0.0 0
1747648940452 0.0 0
1747648940464 0.0 0
1747648940480 0.0 0
1747648940504 0.0 0
1747648940514 0.0 0
1747648940528 0.0 0
1747648940540 0.0 0
1747648940552 0.0 0
1747648940560 0.0 0
1747648940572 0.0 0
1747648940580 0.0 0
1747648940609 0.0 0
1747648940642 0.0 0
1747648940655 0.0 0
1747648940665 0.0 0
1747648940679 0.0 0
1747648940691 0.0 0
1747648940703 0.0 0
1747648940714 0.0 0
1747648940726 0.0 0
1747648940737 0.0 0
1747648940749 0.0 0
1747648940765 0.0 0
1747648940792 0.0 0
1747648940817 0.0 0
1747648940838 0.0 0
1747648940852 0.0 0
1747648940863 0.0 0
1747648940876 0.0 0
1747648940887 0.0 0
1747648940907 0.0 0
1747648940918 0.0 0
1747648940943 0.0 0
1747648940979 0.0 0
1747648940992 0.0 0
1747648941006 0.0 0
1747648941029 0.0 0
1747648941041 0.0 0
1747648941056 0.0 0
1747648941068 0.0 0
1747648941079 0.0 0
1747648941094 0.0 0
1747648941108 0.0 0
1747648941123 0.0 0
1747648941137 0.0 0
1747648941158 0.0 0
1747648941172 0.0 0
1747648941192 0.0 0
1747648941212 0.0 0
1747648941226 0.0 0
1747648941244 0.0 0
1747648941309 0.0 0
1747648941385 0.0 0
1747648941398 0.0 0
1747648941428 0.0 0
1747648941451 0.0 0
1747648941465 0.0 0
1747648941497 0.0 0
1747648941516 0.0 0
1747648941526 0.0 0
1747648941534 0.0 0
1747648941564 0.0 0
1747648941574 0.0 0
1747648941582 0.0 0
1747648941605 0.0 0
1747648941613 0.0 0
1747648941628 0.0 0
1747648941642 0.0 0
1747648941656 0.0 0
1747648941670 0.0 0
1747648941691 0.0 0
1747648941712 0.0 0
1747648941725 0.0 0
1747648941739 0.0 0
1747648941752 0.0 0
1747648941773 0.0 0
1747648941787 0.0 0
1747648941800 0.0 0
1747648941811 0.0 0
1747648941831 0.0 0
1747648941857 0.0 0
1747648941876 0.0 0
1747648941888 0.0 0
1747648941907 0.0 0
1747648941919 0.0 0
1747648941947 0.0 0
1747648941962 0.0 0
1747648941981 0.0 0
1747648941994 0.0 0
1747648942007 0.0 0
1747648942019 0.0 0
1747648942032 0.0 0
1747648942047 0.0 0
1747648942070 0.0 0
1747648942082 0.0 0
1747648942101 0.0 0
1747648942111 0.0 0
1747648942123 0.0 0
1747648942135 0.0 0
1747648942161 0.0 0
1747648942172 0.0 0
1747648942183 0.0 0
1747648942194 0.0 0
1747648942222 0.0 0
1747648942234 0.0 0
1747648942244 0.0 0
1747648942256 0.0 0
1747648942267 0.0 0
1747648942279 0.0 0
1747648942294 0.0 0
1747648942309 0.0 0
1747648942322 0.0 0
1747648942337 0.0 0
1747648942357 0.0 0
1747648942364 0.0 0
1747648942372 0.0 0
1747648942388 0.0 0
1747648942402 0.0 0
1747648942418 0.0 0
1747648942430 0.0 0
1747648942451 0.0 0
1747648942482 0.0 0
1747648942495 0.0 0
1747648942508 0.0 0
1747648942520 0.0 0
1747648942533 0.0 0
1747648942544 0.0 0
1747648942565 0.0 0
1747648942583 0.0 0
1747648942594 0.0 0
1747648942607 0.0 0
1747648942629 0.0 0
1747648942641 0.0 0
1747648942656 0.0 0
1747648942668 0.0 0
1747648942687 0.0 0
1747648942697 0.0 0
1747648942713 0.0 0
1747648942723 0.0 0
1747648942741 0.0 0
1747648942752 0.0 0
1747648942778 0.0 0
1747648942800 0.0 0
1747648942820 0.0 0
1747648942838 0.0 0
1747648942850 0.0 0
1747648942863 0.0 0
1747648942879 0.0 0
1747648942891 0.0 0
1747648942900 0.0 0
1747648942918 0.0 0
1747648942929 0.0 0
1747648942942 0.0 0
1747648942954 0.0 0
1747648942971 0.0 0
1747648942992 0.0 0
1747648943005 0.0 0
1747648943034 0.0 0
1747648943047 0.0 0
1747648943059 0.0 0
1747648943075 0.0 0
1747648943097 0.0 0
1747648943114 0.0 0
1747648943128 0.0 0
1747648943141 0.0 0
1747648943154 0.0 0
1747648943186 0.0 0
1747648943200 0.0 0
1747648943211 0.0 0
1747648943224 0.0 0
1747648943236 0.0 0
1747648943249 0.0 0
1747648943262 0.0 0
1747648943276 0.0 0
1747648943298 0.0 0
1747648943311 0.0 0
1747648943326 0.0 0
1747648943345 0.0 0
1747648943358 0.0 0
1747648943379 0.0 0
1747648943393 0.0 0
1747648943411 0.0 0
1747648943431 0.0 0
1747648943448 0.0 0
1747648943462 0.0 0
1747648943471 0.0 0
1747648943484 0.0 0
1747648943507 0.0 0
1747648943534 0.0 0
1747648943562 0.0 0
1747648943587 0.0 0
1747648943600 0.0 0
1747648943618 0.0 0
1747648943634 0.0 0
1747648943659 0.0 0
1747648943671 0.0 0
1747648943684 0.0 0
1747648943695 0.0 0
1747648943709 0.0 0
1747648943723 0.0 0
1747648943736 0.0 0
1747648943755 0.0 0
1747648943768 0.0 0
1747648943789 0.0 0
1747648943800 0.0 0
1747648943812 0.0 0
1747648943825 0.0 0
1747648943839 0.0 0
1747648943857 0.0 0
1747648943869 0.0 0
1747648943878 0.0 0
1747648943893 0.0 0
1747648943908 0.0 0
1747648943929 0.0 0
1747648943940 0.0 0
1747648943974 0.0 0
1747648944002 0.0 0
1747648944015 0.0 0
1747648944029 0.0 0
1747648944049 0.0 0
1747648944069 0.0 0
1747648944087 0.0 0
1747648944109 0.0 0
1747648944134 0.0 0
1747648944150 0.0 0
1747648944173 0.0 0
1747648944192 0.0 0
1747648944215 0.0 0
1747648944227 0.0 0
1747648944241 0.0 0
1747648944250 0.0 0
1747648944274 0.0 0
1747648944309 0.0 0
1747648944342 0.0 0
1747648944387 0.0 0
1747648944399 0.0 0
1747648944410 0.0 0
1747648944438 0.0 0
1747648944457 0.0 0
1747648944473 0.0 0
1747648944487 0.0 0
1747648944500 0.0 0
1747648944512 0.0 0
1747648944526 0.0 0
1747648944548 0.0 0
1747648944561 0.0 0
1747648944570 0.0 0
1747648944583 0.0 0
1747648944605 0.0 0
1747648944616 0.0 0
1747648944629 0.0 0
1747648944643 0.0 0
1747648944658 0.0 0
1747648944677 0.0 0
1747648944708 0.0 0
1747648944722 0.0 0
1747648944733 0.0 0
1747648944745 0.0 0
1747648944761 0.0 0
1747648944772 0.0 0
1747648944784 0.0 0
1747648944796 0.0 0
1747648944807 0.0 0
1747648944821 0.0 0
1747648944830 0.0 0
1747648944841 0.0 0
1747648944872 0.0 0
1747648944889 0.0 0
1747648944901 0.0 0
1747648944910 0.0 0
1747648944931 0.0 0
1747648944943 0.0 0
1747648944972 0.0 0
1747648944984 0.0 0
1747648944998 0.0 0
1747648945009 0.0 0
1747648945020 0.0 0
1747648945036 0.0 0
1747648945059 0.0 0
1747648945078 0.0 0
1747648945099 0.0 0
1747648945111 0.0 0
1747648945120 0.0 0
1747648945134 0.0 0
1747648945148 0.0 0
1747648945159 0.0 0
1747648945176 0.0 0
1747648945186 0.0 0
1747648945205 0.0 0
1747648945216 0.0 0
1747648945229 0.0 0
1747648945240 0.0 0
1747648945252 0.0 0
1747648945267 0.0 0
1747648945287 0.0 0
1747648945298 0.0 0
1747648945322 0.0 0
1747648945335 0.0 0
1747648945349 0.0 0
1747648945362 0.0 0
1747648945374 0.0 0
1747648945385 0.0 0
1747648945405 0.0 0
1747648945416 0.0 0
1747648945430 0.0 0
1747648945441 0.0 0
1747648945453 0.0 0
1747648945467 0.0 0
1747648945479 0.0 0
1747648945490 0.0 0
1747648945505 0.0 0
1747648945516 0.0 0
1747648945527 0.0 0
1747648945540 0.0 0
1747648945558 0.0 0
1747648945575 0.0 0
1747648945586 0.0 0
1747648945610 0.0 0
1747648945630 0.0 0
1747648945647 0.0 0
1747648945658 0.0 0
1747648945670 0.0 0
1747648945681 0.0 0
1747648945698 0.0 0
1747648945727 0.0 0
1747648945739 0.0 0
1747648945771 0.0 0
1747648945787 0.0 0
1747648945803 0.0 0
1747648945811 0.0 0
1747648945823 0.0 0
1747648945834 0.0 0
1747648945843 0.0 0
1747648945857 0.0 0
1747648945885 0.0 0
1747648945896 0.0 0
1747648945911 0.0 0
1747648945922 0.0 0
1747648945933 0.0 0
1747648945945 0.0 0
1747648945962 0.0 0
1747648945980 0.0 0
1747648946004 0.0 0
1747648946016 0.0 0
1747648946045 0.0 0
1747648946064 0.0 0
1747648946075 0.0 0
1747648946087 0.0 0
1747648946098 0.0 0
1747648946112 0.0 0
1747648946138 0.0 0
1747648946146 0.0 0
1747648946168 0.0 0
1747648946189 0.0 0
1747648946200 0.0 0
1747648946212 0.0 0
1747648946223 0.0 0
1747648946233 0.0 0
1747648946251 0.0 0
1747648946262 0.0 0
1747648946271 0.0 0
1747648946285 0.0 0
1747648946319 0.0 0
1747648946331 0.0 0
1747648946354 0.0 0
1747648946375 0.0 0
1747648946386 0.0 0
1747648946430 0.0 0
1747648946440 0.0 0
1747648946450 0.0 0
1747648946462 0.0 0
1747648946476 0.0 0
1747648946493 0.0 0
1747648946502 0.0 0
1747648946515 0.0 0
1747648946528 0.0 0
1747648946552 0.0 0
1747648946565 0.0 0
1747648946591 0.0 0
1747648946603 0.0 0
1747648946630 0.0 0
1747648946651 0.0 0
1747648946662 0.0 0
1747648946673 0.0 0
1747648946693 0.0 0
1747648946709 0.0 0
1747648946722 0.0 0
1747648946733 0.0 0
1747648946742 0.0 0
1747648946752 0.0 0
1747648946761 0.0 0
1747648946769 0.0 0
1747648946781 0.0 0
1747648946798 0.0 0
1747648946808 0.0 0
1747648946820 0.0 0
1747648946831 0.0 0
1747648946839 0.0 0
1747648946862 0.0 0
1747648946882 0.0 0
1747648946893 0.0 0
1747648946944 0.0 0
1747648946959 0.0 0
1747648946982 0.0 0
1747648947000 0.0 0
1747648947017 0.0 0
1747648947047 0.0 0
1747648947055 0.0 0
1747648947067 0.0 0
1747648947075 0.0 0
1747648947087 0.0 0
1747648947094 0.0 0
1747648947107 0.0 0
1747648947120 0.0 0
1747648947132 0.0 0
1747648947142 0.0 0
1747648947152 0.0 0
1747648947160 0.0 0
1747648947169 0.0 0
1747648947181 0.0 0
1747648947192 0.0 0
1747648947209 0.0 0
1747648947223 0.0 0
1747648947241 0.0 0
1747648947249 0.0 0
1747648947256 0.0 0
1747648947268 0.0 0
1747648947293 0.0 0
1747648947303 0.0 0
1747648947315 0.0 0
1747648947322 0.0 0
1747648947346 0.0 0
1747648947355 0.0 0
1747648947378 0.0 0
1747648947397 0.0 0
1747648947414 0.0 0
1747648947434 0.0 0
1747648947447 0.0 0
1747648947455 0.0 0
1747648947465 0.0 0
1747648947476 0.0 0
1747648947485 0.0 0
1747648947495 0.0 0
1747648947516 0.0 0
1747648947535 0.0 0
1747648947548 0.0 0
1747648947566 0.0 0
1747648947577 0.0 0
1747648947616 0.0 0
1747648947635 0.0 0
1747648947656 0.0 0
1747648947677 0.0 0
1747648947697 0.0 0
1747648947712 0.0 0
1747648947724 0.0 0
1747648947736 0.0 0
1747648947749 0.0 0
1747648947780 0.0 0
1747648947796 0.0 0
1747648947812 0.0 0
1747648947840 0.0 0
1747648947865 0.0 0
1747648947877 0.0 0
1747648947889 0.0 0
1747648947913 0.0 0
1747648947923 0.0 0
1747648947939 0.0 0
1747648947956 0.0 0
1747648947968 0.0 0
1747648947979 0.0 0
1747648947989 0.0 0
1747648948019 0.0 0
1747648948037 0.0 0
1747648948048 0.0 0
1747648948061 0.0 0
1747648948072 0.0 0
1747648948093 0.0 0
1747648948104 0.0 0
1747648948116 0.0 0
1747648948127 0.0 0
1747648948141 0.0 0
1747648948164 0.0 0
1747648948181 0.0 0
1747648948195 0.0 0
1747648948225 0.0 0
1747648948241 0.0 0
1747648948254 0.0 0
1747648948281 0.0 0
1747648948294 0.0 0
1747648948318 0.0 0
1747648948346 0.0 0
1747648948357 0.0 0
1747648948367 0.0 0
1747648948376 0.0 0
1747648948401 0.0 0
1747648948414 0.0 0
1747648948440 0.0 0
1747648948452 0.0 0
1747648948464 0.0 0
1747648948478 0.0 0
1747648948493 0.0 0
1747648948501 0.0 0
1747648948509 0.0 0
1747648948532 0.0 0
1747648948545 0.0 0
1747648948560 0.0 0
1747648948571 0.0 0
1747648948597 0.0 0
1747648948613 0.0 0
1747648948628 0.0 0
1747648948646 0.0 0
1747648948673 0.0 0
1747648948693 0.0 0
1747648948726 0.0 0
1747648948738 0.0 0
1747648948759 0.0 0
1747648948775 0.0 0
1747648948804 0.0 0
1747648948825 0.0 0
1747648948851 0.0 0
1747648948895 0.0 0
1747648948912 0.0 0
1747648948942 0.0 0
1747648948952 0.0 0
1747648948967 0.0 0
1747648948978 0.0 0
1747648948991 0.0 0
1747648949003 0.0 0
1747648949010 0.0 0
1747648949028 0.0 0
1747648949052 0.0 0
1747648949070 0.0 0
1747648949090 0.0 0
1747648949113 0.0 0
1747648949122 0.0 0
1747648949141 0.0 0
1747648949168 0.0 0
1747648949177 0.0 0
1747648949192 0.0 0
1747648949202 0.0 0
1747648949219 0.0 0
1747648949231 0.0 0
1747648949243 0.0 0
1747648949269 0.0 0
1747648949287 0.0 0
1747648949298 0.0 0
1747648949306 0.0 0
1747648949318 0.0 0
1747648949335 0.0 0
1747648949343 0.0 0
1747648949358 0.0 0
1747648949367 0.0 0
1747648949375 0.0 0
1747648949387 0.0 0
1747648949398 0.0 0
1747648949409 0.0 0
1747648949421 0.0 0
1747648949433 0.0 0
1747648949462 0.0 0
1747648949476 0.0 0
1747648949504 0.0 0
1747648949517 0.0 0
1747648949531 0.0 0
1747648949546 0.0 0
1747648949557 0.0 0
1747648949571 0.0 0
1747648949583 0.0 0
1747648949603 0.0 0
1747648949612 0.0 0
1747648949629 0.0 0
1747648949646 0.0 0
1747648949659 0.0 0
1747648949692 0.0 0
1747648949705 0.0 0
1747648949718 0.0 0
1747648949744 0.0 0
1747648949757 0.0 0
1747648949776 0.0 0
1747648949787 0.0 0
1747648949818 0.0 0
1747648949838 0.0 0
1747648949851 0.0 0
1747648949881 0.0 0
1747648949898 0.0 0
1747648949921 0.0 0
1747648949938 0.0 0
1747648949958 0.0 0
1747648949971 0.0 0
1747648949984 0.0 0
1747648949992 0.0 0
1747648950012 0.0 0
1747648950034 0.0 0
1747648950059 0.0 0
1747648950074 0.0 0
1747648950095 0.0 0
1747648950115 0.0 0
1747648950128 0.0 0
1747648950141 0.0 0
1747648950161 0.0 0
1747648950171 0.0 0
1747648950196 0.0 0
1747648950208 0.0 0
1747648950245 0.0 0
1747648950258 0.0 0
1747648950267 0.0 0
1747648950288 0.0 0
1747648950301 0.0 0
1747648950320 0.0 0
1747648950333 0.0 0
1747648950345 0.0 0
1747648950358 0.0 0
1747648950370 0.0 0
1747648950382 0.0 0
1747648950395 0.0 0
1747648950412 0.0 0
1747648950438 0.0 0
1747648950447 0.0 0
1747648950459 0.0 0
1747648950467 0.0 0
1747648950479 0.0 0
1747648950492 0.0 0
1747648950512 0.0 0
1747648950524 0.0 0
1747648950559 0.0 0
1747648950577 0.0 0
1747648950599 0.0 0
1747648950617 0.0 0
1747648950628 0.0 0
1747648950657 0.0 0
1747648950668 0.0 0
1747648950677 0.0 0
1747648950698 0.0 0
1747648950711 0.0 0
1747648950747 0.0 0
1747648950784 0.0 0
1747648950799 0.0 0
1747648950816 0.0 0
1747648950835 0.0 0
1747648950859 0.0 0
1747648950893 0.0 0
1747648950907 0.0 0
1747648950920 0.0 0
1747648950935 0.0 0
1747648950960 0.0 0
1747648950973 0.0 0
1747648950985 0.0 0
1747648950998 0.0 0
1747648951010 0.0 0
1747648951040 0.0 0
1747648951054 0.0 0
1747648951067 0.0 0
1747648951085 0.0 0
1747648951107 0.0 0
1747648951118 0.0 0
1747648951148 0.0 0
1747648951175 0.0 0
1747648951187 0.0 0
1747648951199 0.0 0
1747648951213 0.0 0
1747648951228 0.0 0
1747648951247 0.0 0
1747648951265 0.0 0
1747648951277 0.0 0
1747648951306 0.0 0
1747648951364 0.0 0
1747648951379 0.0 0
1747648951394 0.0 0
1747648951402 0.0 0
1747648951428 0.0 0
1747648951436 0.0 0
1747648951444 0.0 0
1747648951455 0.0 0
1747648951463 0.0 0
1747648951474 0.0 0
1747648951486 0.0 0
1747648951523 0.0 0
1747648951537 0.0 0
1747648951563 0.0 0
1747648951575 0.0 0
1747648951594 0.0 0
1747648951610 0.0 0
1747648951619 0.0 0
1747648951627 0.0 0
1747648951639 0.0 0
1747648951655 0.0 0
1747648951683 0.0 0
1747648951694 0.0 0
1747648951708 0.0 0
1747648951743 0.0 0
1747648951754 0.0 0
1747648951768 0.0 0
1747648951781 0.0 0
1747648951793 0.0 0
1747648951802 0.0 0
1747648951809 0.0 0
1747648951817 0.0 0
1747648951830 0.0 0
1747648951838 0.0 0
1747648951849 0.0 0
1747648951858 0.0 0
1747648951886 0.0 0
1747648951901 0.0 0
1747648951916 0.0 0
1747648951928 0.0 0
1747648951944 0.0 0
1747648951955 0.0 0
1747648951966 0.0 0
1747648951986 0.0 0
1747648951999 0.0 0
1747648952011 0.0 0
1747648952034 0.0 0
1747648952046 0.0 0
1747648952058 0.0 0
1747648952069 0.0 0
1747648952081 0.0 0
1747648952110 0.0 0
1747648952123 0.0 0
1747648952135 0.0 0
1747648952149 0.0 0
1747648952162 0.0 0
1747648952195 0.0 0
1747648952207 0.0 0
1747648952218 0.0 0
1747648952231 0.0 0
1747648952247 0.0 0
1747648952266 0.0 0
1747648952277 0.0 0
1747648952290 0.0 0
1747648952315 0.0 0
1747648952327 0.0 0
1747648952346 0.0 0
1747648952373 0.0 0
1747648952381 0.0 0
1747648952389 0.0 0
1747648952400 0.0 0
1747648952417 0.0 0
1747648952433 0.0 0
1747648952447 0.0 0
1747648952468 0.0 0
1747648952481 0.0 0
1747648952496 0.0 0
1747648952510 0.0 0
1747648952522 0.0 0
1747648952531 0.0 0
1747648952561 0.0 0
1747648952575 0.0 0
1747648952585 0.0 0
1747648952598 0.0 0
1747648952609 0.0 0
1747648952620 0.0 0
1747648952635 0.0 0
1747648952651 0.0 0
1747648952667 0.0 0
1747648952681 0.0 0
1747648952720 0.0 0
1747648952757 0.0 0
1747648952768 0.0 0
1747648952790 0.0 0
1747648952818 0.0 0
1747648952829 0.0 0
1747648952841 0.0 0
1747648952855 0.0 0
1747648952866 0.0 0
1747648952877 0.0 0
1747648952889 0.0 0
1747648952899 0.0 0
1747648952911 0.0 0
1747648952935 0.0 0
1747648952976 0.0 0
1747648952987 0.0 0
1747648953010 0.0 0
1747648953022 0.0 0
1747648953045 0.0 0
1747648953058 0.0 0
1747648953074 0.0 0
1747648953100 0.0 0
1747648953115 0.0 0
1747648953133 0.0 0
1747648953151 0.0 0
1747648953163 0.0 0
1747648953192 0.0 0
1747648953210 0.0 0
1747648953221 0.0 0
1747648953238 0.0 0
1747648953251 0.0 0
1747648953266 0.0 0
1747648953282 0.0 0
1747648953302 0.0 0
1747648953313 0.0 0
1747648953325 0.0 0
1747648953346 0.0 0
1747648953357 0.0 0
1747648953371 0.0 0
1747648953382 0.0 0
1747648953394 0.0 0
1747648953405 0.0 0
1747648953418 0.0 0
1747648953434 0.0 0
1747648953445 0.0 0
1747648953452 0.0 0
1747648953463 0.0 0
1747648953474 0.0 0
1747648953486 0.0 0
1747648953517 0.0 0
1747648953541 0.0 0
1747648953585 0.0 0
1747648953596 0.0 0
1747648953610 0.0 0
1747648953628 0.0 0
1747648953641 0.0 0
1747648953660 0.0 0
1747648953675 0.0 0
1747648953690 0.0 0
1747648953701 0.0 0
1747648953709 0.0 0
1747648953735 0.0 0
1747648953752 0.0 0
1747648953763 0.0 0
1747648953781 0.0 0
1747648953791 0.0 0
1747648953803 0.0 0
1747648953832 0.0 0
1747648953845 0.0 0
1747648953856 0.0 0
1747648953865 0.0 0
1747648953873 0.0 0
1747648953885 0.0 0
1747648953899 0.0 0
1747648953906 0.0 0
1747648953917 0.0 0
1747648953933 0.0 0
1747648953949 0.0 0
1747648953975 0.0 0
1747648953987 0.0 0
1747648953997 0.0 0
1747648954008 0.0 0
1747648954019 0.0 0
1747648954030 0.0 0
1747648954042 0.0 0
1747648954059 0.0 0
1747648954072 0.0 0
1747648954083 0.0 0
1747648954095 0.0 0
1747648954111 0.0 0
1747648954144 0.0 0
1747648954226 0.0 0
1747648954240 0.0 0
1747648954252 0.0 0
1747648954282 0.0 0
1747648954292 0.0 0
1747648954311 0.0 0
1747648954323 0.0 0
1747648954335 0.0 0
1747648954347 0.0 0
1747648954364 0.0 0
1747648954404 0.0 0
1747648954417 0.0 0
1747648954455 0.0 0
1747648954468 0.0 0
1747648954475 0.0 0
1747648954488 0.0 0
1747648954507 0.0 0
1747648954516 0.0 0
1747648954528 0.0 0
1747648954547 0.0 0
1747648954559 0.0 0
1747648954573 0.0 0
1747648954586 0.0 0
1747648954598 0.0 0
1747648954614 0.0 0
1747648954628 0.0 0
1747648954637 0.0 0
1747648954653 0.0 0
1747648954680 0.0 0
1747648954693 0.0 0
1747648954705 0.0 0
1747648954713 0.0 0
1747648954725 0.0 0
1747648954737 0.0 0
1747648954744 0.0 0
1747648954755 0.0 0
1747648954767 0.0 0
1747648954779 0.0 0
1747648954792 0.0 0
1747648954804 0.0 0
1747648954814 0.0 0
1747648954826 0.0 0
1747648954834 0.0 0
1747648954844 0.0 0
1747648954855 0.0 0
1747648954869 0.0 0
1747648955800 0.0 0
1747648955817 0.0 0
1747648955864 0.0 0
1747648955878 0.0 0
1747648955890 0.0 0
1747648955902 0.0 0
1747648955925 0.0 0
1747648955943 0.0 0
1747648955999 0.0 0
1747648956030 0.0 0
1747648956042 0.0 0
1747648956079 0.0 0
1747648956098 0.0 0
1747648956117 0.0 0
1747648956131 0.0 0
1747648956150 0.0 0
1747648956184 0.0 0
1747648956201 0.0 0
1747648956216 0.0 0
1747648956237 0.0 0
1747648956259 0.0 0
1747648956283 0.0 0
1747648956310 0.0 0
1747648956323 0.0 0
1747648956341 0.0 0
1747648956383 0.0 0
1747648956397 0.0 0
1747648956424 0.0 0
1747648956450 0.0 0
1747648956468 0.0 0
1747648956478 0.0 0
1747648956491 0.0 0
1747648956508 0.0 0
1747648956528 0.0 0
1747648956550 0.0 0
1747648956574 0.0 0
1747648956602 0.0 0
1747648956610 0.0 0
1747648956634 0.0 0
1747648956676 0.0 0
1747648956694 0.0 0
1747648956714 0.0 0
1747648956726 0.0 0
1747648956744 0.0 0
1747648956757 0.0 0
1747648956770 0.0 0
1747648956800 0.0 0
1747648956815 0.0 0
1747648956836 0.0 0
1747648956874 0.0 0
1747648956903 0.0 0
1747648956916 0.0 0
1747648956944 0.0 0
1747648956966 0.0 0
1747648956997 0.0 0
1747648957024 0.0 0
1747648957047 0.0 0
1747648957076 0.0 0
1747648957101 0.0 0
1747648957122 0.0 0
1747648957159 0.0 0
1747648957172 0.0 0
1747648957183 0.0 0
1747648957197 0.0 0
1747648957217 0.0 0
1747648957232 0.0 0
1747648957288 0.0 0
1747648957309 0.0 0
1747648957322 0.0 0
1747648957348 0.0 0
1747648957372 0.0 0
1747648957399 0.0 0
1747648957419 0.0 0
1747648957428 0.0 0
1747648957442 0.0 0
1747648957490 0.0 0
1747648957521 0.0 0
1747648957545 0.0 0
1747648957560 0.0 0
1747648957571 0.0 0
1747648957581 0.0 0
1747648957593 0.0 0
1747648957616 0.0 0
1747648957633 0.0 0
1747648957676 0.0 0
1747648957698 0.0 0
1747648957709 0.0 0
1747648957719 0.0 0
1747648957726 0.0 0
1747648957737 0.0 0
1747648957751 0.0 0
1747648957768 0.0 0
1747648957785 0.0 0
1747648957796 0.0 0
1747648957808 0.0 0
1747648957830 0.0 0
1747648957839 0.0 0
1747648957849 0.0 0
1747648957862 0.0 0
1747648957888 0.0 0
1747648957897 0.0 0
1747648957910 0.0 0
1747648957927 0.0 0
1747648957972 0.0 0
1747648957989 0.0 0
1747648958024 0.0 0
1747648958046 0.0 0
1747648958058 0.0 0
1747648958077 0.0 0
1747648958090 0.0 0
1747648958107 0.0 0
1747648958124 0.0 0
1747648958141 0.0 0
1747648958180 0.0 0
1747648958191 0.0 0
1747648958213 0.0 0
1747648958229 0.0 0
1747648958245 0.0 0
1747648958257 0.0 0
1747648958280 0.0 0
1747648958302 0.0 0
1747648958334 0.0 0
1747648958350 0.0 0
1747648958361 0.0 0
1747648958372 0.0 0
1747648958389 0.0 0
1747648958412 0.0 0
1747648958428 0.0 0
1747648958475 0.0 0
1747648958487 0.0 0
1747648958515 0.0 0
1747648958527 0.0 0
1747648958541 0.0 0
1747648958563 0.0 0
1747648958579 0.0 0
1747648958590 0.0 0
1747648958597 0.0 0
1747648958620 0.0 0
1747648958636 0.0 0
1747648958652 0.0 0
1747648958671 0.0 0
1747648958684 0.0 0
1747648958699 0.0 0
1747648958713 0.0 0
1747648958750 0.0 0
1747648958772 0.0 0
1747648958791 0.0 0
1747648958804 0.0 0
1747648958817 0.0 0
1747648958839 0.0 0
1747648958854 0.0 0
1747648958865 0.0 0
1747648958878 0.0 0
1747648958916 0.0 0
1747648958930 0.0 0
1747648958945 0.0 0
1747648958956 0.0 0
1747648958968 0.0 0
1747648958984 0.0 0
1747648959003 0.0 0
1747648959015 0.0 0
1747648959026 0.0 0
1747648959037 0.0 0
1747648959049 0.0 0
1747648959065 0.0 0
1747648959096 0.0 0
1747648959160 0.0 0
1747648959213 0.0 0
1747648959225 0.0 0
1747648959238 0.0 0
1747648959248 0.0 0
1747648959263 0.0 0
1747648959284 0.0 0
1747648959309 0.0 0
1747648959318 0.0 0
1747648959330 0.0 0
1747648959340 0.0 0
1747648959348 0.0 0
1747648959357 0.0 0
1747648959368 0.0 0
1747648959406 0.0 0
1747648959423 0.0 0
1747648959443 0.0 0
1747648959454 0.0 0
1747648959473 0.0 0
1747648959484 0.0 0
1747648959498 0.0 0
1747648959515 0.0 0
1747648959531 0.0 0
1747648959555 0.0 0
1747648959563 0.0 0
1747648959577 0.0 0
1747648959586 0.0 0
1747648959624 0.0 0
1747648959632 0.0 0
1747648959654 0.0 0
1747648959664 0.0 0
1747648959681 0.0 0
1747648959692 0.0 0
1747648959735 0.0 0
1747648959748 0.0 0
1747648959758 0.0 0
1747648959767 0.0 0
1747648959776 0.0 0
1747648959790 0.0 0
1747648959818 0.0 0
1747648959848 0.0 0
1747648959866 0.0 0
1747648959878 0.0 0
1747648959887 0.0 0
1747648959922 0.0 0
1747648959933 0.0 0
1747648959944 0.0 0
1747648959961 0.0 0
1747648959972 0.0 0
1747648959992 0.0 0
1747648960004 0.0 0
1747648960040 0.0 0
1747648960051 0.0 0
1747648960065 0.0 0
1747648960092 0.0 0
1747648960104 0.0 0
1747648960122 0.0 0
1747648960134 0.0 0
1747648960165 0.0 0
1747648960190 0.0 0
1747648960199 0.0 0
1747648960206 0.0 0
1747648960215 0.0 0
1747648960230 0.0 0
1747648960243 0.0 0
1747648960254 0.0 0
1747648960284 0.0 0
1747648960331 0.0 0
1747648960363 0.0 0
1747648960378 0.0 0
1747648960405 0.0 0
1747648960419 0.0 0
1747648960442 0.0 0
1747648960461 0.0 0
1747648960474 0.0 0
1747648960488 0.0 0
1747648960496 0.0 0
1747648960506 0.0 0
1747648960516 0.0 0
1747648960529 0.0 0
1747648960541 0.0 0
1747648960560 0.0 0
1747648960583 0.0 0
1747648960593 0.0 0
1747648960629 0.0 0
1747648960640 0.0 0
1747648960654 0.0 0
1747648960665 0.0 0
1747648960701 0.0 0
1747648960746 0.0 0
1747648960768 0.0 0
1747648960781 0.0 0
1747648960800 0.0 0
1747648960808 0.0 0
1747648960819 0.0 0
1747648960836 0.0 0
1747648960853 0.0 0
1747648960868 0.0 0
1747648960884 0.0 0
1747648960895 0.0 0
1747648960913 0.0 0
1747648960924 0.0 0
1747648960958 0.0 0
1747648960973 0.0 0
1747648961005 0.0 0
1747648961030 0.0 0
1747648961047 0.0 0
1747648961058 0.0 0
1747648961072 0.0 0
1747648961094 0.0 0
1747648961106 0.0 0
1747648961114 0.0 0
1747648961131 0.0 0
1747648961156 0.0 0
1747648961177 0.0 0
1747648961219 0.0 0
1747648961245 0.0 0
1747648961268 0.0 0
1747648961279 0.0 0
1747648961304 0.0 0
1747648961316 0.0 0
1747648961330 0.0 0
1747648961342 0.0 0
1747648961365 0.0 0
1747648961383 0.0 0
1747648961395 0.0 0
1747648961406 0.0 0
1747648961416 0.0 0
1747648961429 0.0 0
1747648961458 0.0 0
1747648961470 0.0 0
1747648961481 0.0 0
1747648961495 0.0 0
1747648961506 0.0 0
1747648961524 0.0 0
1747648961540 0.0 0
1747648961552 0.0 0
1747648961591 0.0 0
1747648961601 0.0 0
1747648961614 0.0 0
1747648961622 0.0 0
1747648961634 0.0 0
1747648961698 0.0 0
1747648961710 0.0 0
1747648961722 0.0 0
1747648961749 0.0 0
1747648961770 0.0 0
1747648961792 0.0 0
1747648961801 0.0 0
1747648961809 0.0 0
1747648961821 0.0 0
1747648961836 0.0 0
1747648961848 0.0 0
1747648961860 0.0 0
1747648961883 0.0 0
1747648961895 0.0 0
1747648961906 0.0 0
1747648961929 0.0 0
1747648961939 0.0 0
1747648961962 0.0 0
1747648961974 0.0 0
1747648961995 0.0 0
1747648962010 0.0 0
1747648962023 0.0 0
1747648962052 0.0 0
1747648962075 0.0 0
1747648962086 0.0 0
1747648962093 0.0 0
1747648962110 0.0 0
1747648962140 0.0 0
1747648962152 0.0 0
1747648962164 0.0 0
1747648962193 0.0 0
1747648962212 0.0 0
1747648962248 0.0 0
1747648962261 0.0 0
1747648962279 0.0 0
1747648962296 0.0 0
1747648962328 0.0 0
1747648962342 0.0 0
1747648962353 0.0 0
1747648962376 0.0 0
1747648962386 0.0 0
1747648962410 0.0 0
1747648962432 0.0 0
1747648962444 0.0 0
1747648962456 0.0 0
1747648962473 0.0 0
1747648962482 0.0 0
1747648962509 0.0 0
1747648962522 0.0 0
1747648962544 0.0 0
1747648962572 0.0 0
1747648962608 0.0 0
1747648962617 0.0 0
1747648962625 0.0 0
1747648962641 0.0 0
1747648962670 0.0 0
1747648962699 0.0 0
1747648962710 0.0 0
1747648962722 0.0 0
1747648962733 0.0 0
1747648962744 0.0 0
1747648962755 0.0 0
1747648962781 0.0 0
1747648962793 0.0 0
1747648962833 0.0 0
1747648962864 0.0 0
1747648962876 0.0 0
1747648962894 0.0 0
1747648962905 0.0 0
1747648962914 0.0 0
1747648962952 0.0 0
1747648962994 0.0 0
1747648963006 0.0 0
1747648963017 0.0 0
1747648963030 0.0 0
1747648963042 0.0 0
1747648963063 0.0 0
1747648963075 0.0 0
1747648963090 0.0 0
1747648963098 0.0 0
1747648963109 0.0 0
1747648963122 0.0 0
1747648963131 0.0 0
1747648963160 0.0 0
1747648963171 0.0 0
1747648963193 0.0 0
1747648963218 0.0 0
1747648963234 0.0 0
1747648963253 0.0 0
1747648963303 0.0 0
1747648963320 0.0 0
1747648963331 0.0 0
1747648963351 0.0 0
1747648963367 0.0 0
1747648963380 0.0 0
1747648963417 0.0 0
1747648963441 0.0 0
1747648963469 0.0 0
1747648963482 0.0 0
1747648963504 0.0 0
1747648963519 0.0 0
1747648963535 0.0 0
1747648963550 0.0 0
1747648963561 0.0 0
1747648963578 0.0 0
1747648963604 0.0 0
1747648963639 0.0 0
1747648963688 0.0 0
1747648963716 0.0 0
1747648963728 0.0 0
1747648963739 0.0 0
1747648963751 0.0 0
1747648963767 0.0 0
1747648963778 0.0 0
1747648963792 0.0 0
1747648963801 0.0 0
1747648963814 0.0 0
1747648963837 0.0 0
1747648963850 0.0 0
1747648963865 0.0 0
1747648963874 0.0 0
1747648963919 0.0 0
1747648963935 0.0 0
1747648963954 0.0 0
1747648963975 0.0 0
1747648964002 0.0 0
1747648964012 0.0 0
1747648964061 0.0 0
1747648964105 0.0 0
1747648964134 0.0 0
1747648964147 0.0 0
1747648964159 0.0 0
1747648964174 0.0 0
1747648964185 0.0 0
1747648964206 0.0 0
1747648964219 0.0 0
1747648964246 0.0 0
1747648964272 0.0 0
1747648964284 0.0 0
1747648964295 0.0 0
1747648964329 0.0 0
1747648964341 0.0 0
1747648964352 0.0 0
1747648964388 0.0 0
1747648964397 0.0 0
1747648964423 0.0 0
1747648964435 0.0 0
1747648964451 0.0 0
1747648964468 0.0 0
1747648964489 0.0 0
1747648964514 0.0 0
1747648964526 0.0 0
1747648964539 0.0 0
1747648964554 0.0 0
1747648964572 0.0 0
1747648964584 0.0 0
1747648964618 0.0 0
1747648964631 0.0 0
1747648964650 0.0 0
1747648964675 0.0 0
1747648964707 0.0 0
1747648964718 0.0 0
1747648964730 0.0 0
1747648964754 0.0 0
1747648964777 0.0 0
1747648964788 0.0 0
1747648964800 0.0 0
1747648964815 0.0 0
1747648964837 0.0 0
1747648964871 0.0 0
1747648964903 0.0 0
1747648964915 0.0 0
1747648964926 0.0 0
1747648964942 0.0 0
1747648964959 0.0 0
1747648964984 0.0 0
1747648964998 0.0 0
1747648965011 0.0 0
1747648965022 0.0 0
1747648965034 0.0 0
1747648965074 0.0 0
1747648965092 0.0 0
1747648965116 0.0 0
1747648965155 0.0 0
1747648965172 0.0 0
1747648965183 0.0 0
1747648965199 0.0 0
1747648965210 0.0 0
1747648965236 0.0 0
1747648965275 0.0 0
1747648965291 0.0 0
1747648965302 0.0 0
1747648965320 0.0 0
1747648965353 0.0 0
1747648965367 0.0 0
1747648965389 0.0 0
1747648965403 0.0 0
1747648965414 0.0 0
1747648965437 0.0 0
1747648965471 0.0 0
1747648965483 0.0 0
1747648965513 0.0 0
1747648965538 0.0 0
1747648965556 0.0 0
1747648965567 0.0 0
1747648965585 0.0 0
1747648965599 0.0 0
1747648965614 0.0 0
1747648965625 0.0 0
1747648965661 0.0 0
1747648965702 0.0 0
1747648965727 0.0 0
1747648965743 0.0 0
1747648965755 0.0 0
1747648965769 0.0 0
1747648965780 0.0 0
1747648965791 0.0 0
1747648965818 0.0 0
1747648965837 0.0 0
1747648965849 0.0 0
1747648965859 0.0 0
1747648965895 0.0 0
1747648965912 0.0 0
1747648965928 0.0 0
1747648965955 0.0 0
1747648965997 0.0 0
1747648966009 0.0 0
1747648966030 0.0 0
1747648966059 0.0 0
1747648966073 0.0 0
1747648966085 0.0 0
1747648966113 0.0 0
1747648966128 0.0 0
1747648966151 0.0 0
1747648966165 0.0 0
1747648966176 0.0 0
1747648966215 0.0 0
1747648966226 0.0 0
1747648966237 0.0 0
1747648966245 0.0 0
1747648966261 0.0 0
1747648966305 0.0 0
1747648966322 0.0 0
1747648966333 0.0 0
1747648966342 0.0 0
1747648966354 0.0 0
1747648966376 0.0 0
1747648966402 0.0 0
1747648966447 0.0 0
1747648966458 0.0 0
1747648966476 0.0 0
1747648966561 0.0 0
1747648966572 0.0 0
1747648966583 0.0 0
1747648966591 0.0 0
1747648966602 0.0 0
1747648966614 0.0 0
1747648966638 0.0 0
1747648966647 0.0 0
1747648966661 0.0 0
1747648966670 0.0 0
1747648966715 0.0 0
1747648966734 0.0 0
1747648966785 0.0 0
1747648966796 0.0 0
1747648966808 0.0 0
1747648966819 0.0 0
1747648966831 0.0 0
1747648966865 0.0 0
1747648966890 0.0 0
1747648966941 0.0 0
1747648966964 0.0 0
1747648966985 0.0 0
1747648966996 0.0 0
1747648967007 0.0 0
1747648967014 0.0 0
1747648967043 0.0 0
1747648967054 0.0 0
1747648967064 0.0 0
1747648967081 0.0 0
1747648967096 0.0 0
1747648967114 0.0 0
1747648967126 0.0 0
1747648967155 0.0 0
1747648967166 0.0 0
1747648967174 0.0 0
1747648967185 0.0 0
1747648967197 0.0 0
1747648967207 0.0 0
1747648967219 0.0 0
1747648967246 0.0 0
1747648967266 0.0 0
1747648967280 0.0 0
1747648967293 0.0 0
1747648967305 0.0 0
1747648967325 0.0 0
1747648967340 0.0 0
1747648967351 0.0 0
1747648967365 0.0 0
1747648967376 0.0 0
1747648967395 0.0 0
1747648967407 0.0 0
1747648967418 0.0 0
1747648967429 0.0 0
1747648967445 0.0 0
1747648967473 0.0 0
1747648967496 0.0 0
1747648967522 0.0 0
1747648967570 0.0 0
1747648967602 0.0 0
1747648967614 0.0 0
1747648967647 0.0 0
1747648967673 0.0 0
1747648967694 0.0 0
1747648967706 0.0 0
1747648967718 0.0 0
1747648967731 0.0 0
1747648967742 0.0 0
1747648967758 0.0 0
1747648967766 0.0 0
1747648967779 0.0 0
1747648967790 0.0 0
1747648967802 0.0 0
1747648967817 0.0 0
1747648967826 0.0 0
1747648967841 0.0 0
1747648967849 0.0 0
1747648967865 0.0 0
1747648967873 0.0 0
1747648967904 0.0 0
1747648967917 0.0 0
1747648967958 0.0 0
1747648967966 0.0 0
1747648967976 0.0 0
1747648967991 0.0 0
1747648968011 0.0 0
1747648968022 0.0 0
1747648968037 0.0 0
1747648968063 0.0 0
1747648968095 0.0 0
1747648968149 0.0 0
1747648968162 0.0 0
1747648968175 0.0 0
1747648968204 0.0 0
1747648968225 0.0 0
1747648968254 0.0 0
1747648968265 0.0 0
1747648968276 0.0 0
1747648968295 0.0 0
1747648968326 0.0 0
1747648968346 0.0 0
1747648968358 0.0 0
1747648968369 0.0 0
1747648968381 0.0 0
1747648968392 0.0 0
1747648968458 0.0 0
1747648968470 0.0 0
1747648968493 0.0 0
1747648968514 0.0 0
1747648968523 0.0 0
1747648968548 0.0 0
1747648968564 0.0 0
1747648968580 0.0 0
1747648968612 0.0 0
1747648968630 0.0 0
1747648968641 0.0 0
1747648968649 0.0 0
1747648968660 0.0 0
1747648968671 0.0 0
1747648968689 0.0 0
1747648968732 0.0 0
1747648968754 0.0 0
1747648968776 0.0 0
1747648968786 0.0 0
1747648968801 0.0 0
1747648968825 0.0 0
1747648968837 0.0 0
1747648968878 0.0 0
1747648968922 0.0 0
1747648968951 0.0 0
1747648968969 0.0 0
1747648968983 0.0 0
1747648968997 0.0 0
1747648969015 0.0 0
1747648969030 0.0 0
1747648969041 0.0 0
1747648969053 0.0 0
1747648969071 0.0 0
1747648969087 0.0 0
1747648969104 0.0 0
1747648969116 0.0 0
1747648969144 0.0 0
1747648969156 0.0 0
1747648969168 0.0 0
1747648969204 0.0 0
1747648969213 0.0 0
1747648969244 0.0 0
1747648969299 0.0 0
1747648969314 0.0 0
1747648969334 0.0 0
1747648969366 0.0 0
1747648969378 0.0 0
1747648969412 0.0 0
1747648969422 0.0 0
1747648969435 0.0 0
1747648969443 0.0 0
1747648969454 0.0 0
1747648969483 0.0 0
1747648969493 0.0 0
1747648969526 0.0 0
1747648969538 0.0 0
1747648969551 0.0 0
1747648969570 0.0 0
1747648969584 0.0 0
1747648969618 0.0 0
1747648969641 0.0 0
1747648969648 0.0 0
1747648969659 0.0 0
1747648969676 0.0 0
1747648969686 0.0 0
1747648969694 0.0 0
1747648969721 0.0 0
1747648969736 0.0 0
1747648969748 0.0 0
1747648969772 0.0 0
1747648969798 0.0 0
1747648969847 0.0 0
1747648969870 0.0 0
1747648969888 0.0 0
1747648969899 0.0 0
1747648969907 0.0 0
1747648969918 0.0 0
1747648969934 0.0 0
1747648969945 0.0 0
1747648969955 0.0 0
1747648969968 0.0 0
1747648970007 0.0 0
1747648970021 0.0 0
1747648970051 0.0 0
1747648970074 0.0 0
1747648970090 0.0 0
1747648970101 0.0 0
1747648970110 0.0 0
1747648970119 0.0 0
1747648970136 0.0 0
1747648970150 0.0 0
1747648970195 0.0 0
1747648970211 0.0 0
1747648970244 0.0 0
1747648970262 0.0 0
1747648970272 0.0 0
1747648970318 0.0 0
1747648970333 0.0 0
1747648970377 0.0 0
1747648970416 0.0 0
1747648970465 0.0 0
1747648970479 0.0 0
1747648970498 0.0 0
1747648970523 0.0 0
1747648970551 0.0 0
1747648970563 0.0 0
1747648970613 0.0 0
1747648970632 0.0 0
1747648970670 0.0 0
1747648970702 0.0 0
1747648970721 0.0 0
1747648970754 0.0 0
1747648970764 0.0 0
1747648970797 0.0 0
1747648970810 0.0 0
1747648970869 0.0 0
1747648970880 0.0 0
1747648970906 0.0 0
1747648970925 0.0 0
1747648970932 0.0 0
1747648970944 0.0 0
1747648970960 0.0 0
1747648970971 0.0 0
1747648971011 0.0 0
1747648971031 0.0 0
1747648971042 0.0 0
1747648972137 0.0 0
1747648972166 0.0 0
1747648972176 0.0 0
1747648972211 0.0 0
1747648972224 0.0 0
1747648972251 0.0 0
1747648972269 0.0 0
1747648972314 0.0 0
1747648972326 0.0 0
1747648972366 0.0 0
1747648972379 0.0 0
1747648972387 0.0 0
1747648972416 0.0 0
1747648972432 0.0 0
1747648972443 0.0 0
1747648972487 0.0 0
1747648972510 0.0 0
1747648972530 0.0 0
1747648972555 0.0 0
1747648972567 0.0 0
1747648972602 0.0 0
1747648972614 0.0 0
1747648972626 0.0 0
1747648972653 0.0 0
1747648972667 0.0 0
1747648972693 0.0 0
1747648972704 0.0 0
1747648972731 0.0 0
1747648972756 0.0 0
1747648972776 0.0 0
1747648972826 0.0 0
1747648972839 0.0 0
1747648972865 0.0 0
1747648972881 0.0 0
1747648972893 0.0 0
1747648972977 0.0 0
1747648973014 0.0 0
1747648973028 0.0 0
1747648973065 0.0 0
1747648973079 0.0 0
1747648973144 0.0 0
1747648973164 0.0 0
1747648973189 0.0 0
1747648973216 0.0 0
1747648973302 0.0 0
1747648973342 0.0 0
1747648973361 0.0 0
1747648973424 0.0 0
1747648973457 0.0 0
1747648973499 0.0 0
1747648973518 0.0 0
1747648973530 0.0 0
1747648973546 0.0 0
1747648973605 0.0 0
1747648973688 0.0 0
1747648973702 0.0 0
1747648973724 0.0 0
1747648973740 0.0 0
1747648973783 0.0 0
1747648973834 0.0 0
1747648973881 0.0 0
1747648973914 0.0 0
1747648973933 0.0 0
1747648973968 0.0 0
1747648974016 0.0 0
1747648974034 0.0 0
1747648974074 0.0 0
1747648974086 0.0 0
1747648974103 0.0 0
1747648974114 0.0 0
1747648974143 0.0 0
1747648974154 0.0 0
1747648974215 0.0 0
1747648974234 0.0 0
1747648974249 0.0 0
1747648974265 0.0 0
1747648974278 0.0 0
1747648974286 0.0 0
1747648974305 0.0 0
1747648974324 0.0 0
1747648974351 0.0 0
1747648974363 0.0 0
1747648974406 0.0 0
1747648974492 0.0 0
1747648974506 0.0 0
1747648974574 0.0 0
1747648974585 0.0 0
1747648974611 0.0 0
1747648974619 0.0 0
1747648974655 0.0 0
1747648974673 0.0 0
1747648974681 0.0 0
1747648974691 0.0 0
1747648974716 0.0 0
1747648974730 0.0 0
1747648974748 0.0 0
1747648974765 0.0 0
1747648974783 0.0 0
1747648974821 0.0 0
1747648974870 0.0 0
1747648974898 0.0 0
1747648974911 0.0 0
1747648974922 0.0 0
1747648974953 0.0 0
1747648974978 0.0 0
1747648974993 0.0 0
1747648975048 0.0 0
1747648975076 0.0 0
1747648975116 0.0 0
1747648975165 0.0 0
1747648975182 0.0 0
1747648975218 0.0 0
1747648975233 0.0 0
1747648975276 0.0 0
1747648975308 0.0 0
1747648975323 0.0 0
1747648975343 0.0 0
1747648975363 0.0 0
1747648975387 0.0 0
1747648975411 0.0 0
1747648975459 0.0 0
1747648975493 0.0 0
1747648975503 0.0 0
1747648975532 0.0 0
1747648975572 0.0 0
1747648975585 0.0 0
1747648975612 0.0 0
1747648975651 0.0 0
1747648975667 0.0 0
1747648975704 0.0 0
1747648975715 0.0 0
1747648975726 0.0 0
1747648975735 0.0 0
1747648975747 0.0 0
1747648975772 0.0 0
1747648975805 0.0 0
1747648975823 0.0 0
1747648975871 0.0 0
1747648975879 0.0 0
1747648975886 0.0 0
1747648975904 0.0 0
1747648975932 0.0 0
1747648975944 0.0 0
1747648975961 0.0 0
1747648975985 0.0 0
1747648976025 0.0 0
1747648976060 0.0 0
1747648976080 0.0 0
1747648976100 0.0 0
1747648976129 0.0 0
1747648976137 0.0 0
1747648976177 0.0 0
1747648976198 0.0 0
1747648976229 0.0 0
1747648976268 0.0 0
1747648976300 0.0 0
1747648976331 0.0 0
1747648976362 0.0 0
1747648976397 0.0 0
1747648976421 0.0 0
1747648976456 0.0 0
1747648976529 0.0 0
1747648976547 0.0 0
1747648976586 0.0 0
1747648976630 0.0 0
1747648976688 0.0 0
1747648976695 0.0 0
1747648976721 0.0 0
1747648976731 0.0 0
1747648976763 0.0 0
1747648976780 0.0 0
1747648976787 0.0 0
1747648976799 0.0 0
1747648976828 0.0 0
1747648976837 0.0 0
1747648976850 0.0 0
1747648976868 0.0 0
1747648976880 0.0 0
1747648976898 0.0 0
1747648976910 0.0 0
1747648976925 0.0 0
1747648976953 0.0 0
1747648976969 0.0 0
1747648976983 0.0 0
1747648977008 0.0 0
1747648977019 0.0 0
1747648977028 0.0 0
1747648977049 0.0 0
1747648977081 0.0 0
1747648977095 0.0 0
1747648977110 0.0 0
1747648977145 0.0 0
1747648977157 0.0 0
1747648977171 0.0 0
1747648977213 0.0 0
1747648977225 0.0 0
1747648977246 0.0 0
1747648977299 0.0 0
1747648977340 0.0 0
1747648977366 0.0 0
1747648977376 0.0 0
1747648977389 0.0 0
1747648977403 0.0 0
1747648977416 0.0 0
1747648977428 0.0 0
1747648977456 0.0 0
1747648977470 0.0 0
1747648977504 0.0 0
1747648977547 0.0 0
1747648977559 0.0 0
1747648977568 0.0 0
1747648977622 0.0 0
1747648977659 0.0 0
1747648977672 0.0 0
1747648977687 0.0 0
1747648977716 0.0 0
1747648977743 0.0 0
1747648977754 0.0 0
1747648977763 0.0 0
1747648977783 0.0 0
1747648977795 0.0 0
1747648977807 0.0 0
1747648977816 0.0 0
1747648977834 0.0 0
1747648977850 0.0 0
1747648977869 0.0 0
1747648977938 0.0 0
1747648977958 0.0 0
1747648978064 0.0 0
1747648978090 0.0 0
1747648978110 0.0 0
1747648978121 0.0 0
1747648978143 0.0 0
1747648978182 0.0 0
1747648978198 0.0 0
1747648978206 0.0 0
1747648978215 0.0 0
1747648978227 0.0 0
1747648978259 0.0 0
1747648978276 0.0 0
1747648978324 0.0 0
1747648978346 0.0 0
1747648978409 0.0 0
1747648978420 0.0 0
1747648978457 0.0 0
1747648978469 0.0 0
