1747648925337 0.0 0
1747648925348 inf 0
1747648925360 inf 0
1747648925388 0.0 0
1747648925397 0.0 0
1747648925416 inf 0
1747648925429 inf 0
1747648925449 0.0 0
1747648925458 0.0 0
1747648925471 0.0 0
1747648925489 0.0 0
1747648925496 inf 0
1747648925508 inf 0
1747648925525 inf 0
1747648925538 0.0 0
1747648925551 0.0 0
1747648925583 0.0 0
1747648925614 0.0 0
1747648925654 inf 0
1747648925667 0.0 0
1747648925681 inf 0
1747648925694 0.0 0
1747648925712 0.0 0
1747648925726 0.0 0
1747648925746 0.0 0
1747648925760 inf 0
1747648925771 inf 0
1747648925784 inf 0
1747648925805 0.0 0
1747648925821 inf 0
1747648925834 inf 0
1747648925849 inf 0
1747648925862 inf 0
1747648925872 inf 0
1747648925884 0.0 0
1747648925896 0.0 0
1747648925910 inf 0
1747648925924 0.0 0
1747648925936 0.0 0
1747648925947 0.0 0
1747648925958 inf 0
1747648925970 inf 0
1747648925993 0.0 0
1747648926003 0.0 0
1747648926012 0.0 0
1747648926024 inf 0
1747648926036 0.0 0
1747648926059 inf 0
1747648926070 0.0 0
1747648926082 inf 0
1747648926093 inf 0
1747648926115 0.0 0
1747648926126 0.0 0
1747648926142 0.0 0
1747648926153 0.0 0
1747648926166 inf 0
1747648926180 0.0 0
1747648926196 0.0 0
1747648926212 inf 0
1747648926223 inf 0
1747648926233 0.0 0
1747648926245 inf 0
1747648926257 inf 0
1747648926264 0.0 0
1747648926273 0.0 0
1747648926281 0.0 0
1747648926292 0.0 0
1747648926303 inf 0
1747648926324 0.0 0
1747648926335 0.0 0
1747648926346 inf 0
1747648926357 0.0 0
1747648926376 0.0 0
1747648926398 inf 0
1747648926411 0.0 0
1747648926422 0.0 0
1747648926433 0.0 0
1747648926455 0.0 0
1747648926474 inf 0
1747648926484 inf 0
1747648926500 0.0 0
1747648926535 0.0 0
1747648926549 0.0 0
1747648926563 inf 0
1747648926577 0.0 0
1747648926591 0.0 0
1747648926621 inf 0
1747648926634 inf 0
1747648926656 0.0 0
1747648926671 0.0 0
1747648926683 inf 0
1747648926696 inf 0
1747648926709 inf 0
1747648926723 inf 0
1747648926735 inf 0
1747648926749 inf 0
1747648926763 inf 0
1747648926774 inf 0
1747648926787 0.0 0
1747648926797 inf 0
1747648926808 0.0 0
1747648926822 inf 0
1747648926831 inf 0
1747648926841 inf 0
1747648926855 0.0 0
1747648926870 0.0 0
1747648926901 0.0 0
1747648926916 0.0 0
1747648926933 0.0 0
1747648926947 inf 0
1747648926965 inf 0
1747648926987 inf 0
1747648926999 inf 0
1747648927013 inf 0
1747648927025 0.0 0
1747648927039 inf 0
1747648927054 inf 0
1747648927073 inf 0
1747648927094 inf 0
1747648927106 0.0 0
1747648927123 inf 0
1747648927133 inf 0
1747648927144 inf 0
1747648927157 0.0 0
1747648927168 0.0 0
1747648927177 inf 0
1747648927189 inf 0
1747648927201 inf 0
1747648927212 inf 0
1747648927223 inf 0
1747648927244 inf 0
1747648927255 0.0 0
1747648927264 0.0 0
1747648927274 0.0 0
1747648927291 inf 0
1747648927302 0.0 0
1747648927313 inf 0
1747648927337 inf 0
1747648927348 inf 0
1747648927359 inf 0
1747648927375 inf 0
1747648927386 inf 0
1747648927402 0.0 0
1747648927413 0.0 0
1747648927424 0.0 0
1747648927436 0.0 0
1747648927452 0.0 0
1747648927461 0.0 0
1747648927491 inf 0
1747648927502 inf 0
1747648927513 inf 0
1747648927523 0.0 0
1747648927534 0.0 0
1747648927567 inf 0
1747648927583 inf 0
1747648927594 0.0 0
1747648927605 0.0 0
1747648927617 0.0 0
1747648927628 inf 0
1747648927639 inf 0
1747648927651 0.0 0
1747648927673 0.0 0
1747648927688 inf 0
1747648927702 0.0 0
1747648927721 inf 0
1747648927734 0.0 0
1747648927746 0.0 0
1747648927758 inf 0
1747648927770 0.0 0
1747648927780 0.0 0
1747648927795 inf 0
1747648927805 0.0 0
1747648927822 0.0 0
1747648927839 inf 0
1747648927847 inf 0
1747648927858 inf 0
1747648927888 inf 0
1747648927912 inf 0
1747648927945 0.0 0
1747648927963 inf 0
1747648927998 inf 0
1747648928017 inf 0
1747648928034 0.0 0
1747648928045 0.0 0
1747648928056 inf 0
1747648928068 0.0 0
1747648928079 0.0 0
1747648928092 inf 0
1747648928110 0.0 0
1747648928137 inf 0
1747648928149 0.0 0
1747648928162 0.0 0
1747648928179 0.0 0
1747648928190 inf 0
1747648928212 inf 0
1747648928223 inf 0
1747648928234 inf 0
1747648928245 inf 0
1747648928262 0.0 0
1747648928272 0.0 0
1747648928283 inf 0
1747648928301 inf 0
1747648928331 inf 0
1747648928360 0.0 0
1747648928372 0.0 0
1747648928384 0.0 0
1747648928396 inf 0
1747648928413 inf 0
1747648928426 0.0 0
1747648928437 0.0 0
1747648928448 inf 0
1747648928460 inf 0
1747648928477 0.0 0
1747648928488 inf 0
1747648928512 inf 0
1747648928523 0.0 0
1747648928534 inf 0
1747648928549 0.0 0
1747648928560 0.0 0
1747648928575 0.0 0
1747648928586 inf 0
1747648928597 inf 0
1747648928607 inf 0
1747648928618 inf 0
1747648928630 0.0 0
1747648928649 inf 0
1747648928663 0.0 0
1747648928675 0.0 0
1747648928686 0.0 0
1747648928697 0.0 0
1747648928708 inf 0
1747648928725 inf 0
1747648928736 0.0 0
1747648928747 inf 0
1747648928758 0.0 0
1747648928768 inf 0
1747648928784 inf 0
1747648928798 inf 0
1747648928809 inf 0
1747648928820 0.0 0
1747648928828 inf 0
1747648928837 0.0 0
1747648928847 inf 0
1747648928859 inf 0
1747648928869 0.0 0
1747648928886 0.0 0
1747648928902 0.0 0
1747648928917 inf 0
1747648928930 inf 0
1747648928941 0.0 0
1747648928954 inf 0
1747648928965 inf 0
1747648928976 inf 0
1747648928993 0.0 0
1747648929004 inf 0
1747648929026 inf 0
1747648929038 inf 0
1747648929053 0.0 0
1747648929064 0.0 0
1747648929075 inf 0
1747648929090 0.0 0
1747648929101 0.0 0
1747648929114 0.0 0
1747648929126 inf 0
1747648929138 inf 0
1747648929168 0.0 0
1747648929180 inf 0
1747648929212 inf 0
1747648929225 inf 0
1747648929237 inf 0
1747648929248 inf 0
1747648929263 inf 0
1747648929271 inf 0
1747648929279 0.0 0
1747648929295 inf 0
1747648929307 inf 0
1747648929323 inf 0
1747648929341 0.0 0
1747648929353 0.0 0
1747648929364 inf 0
1747648929375 inf 0
1747648929412 0.0 0
1747648929421 0.0 0
1747648929430 0.0 0
1747648929440 0.0 0
1747648929466 0.0 0
1747648929483 0.0 0
1747648929498 inf 0
1747648929509 inf 0
1747648929527 0.0 0
1747648929539 0.0 0
1747648929551 inf 0
1747648929567 inf 0
1747648929578 inf 0
1747648929589 inf 0
1747648929601 inf 0
1747648929617 0.0 0
1747648929629 inf 0
1747648929642 0.0 0
1747648929652 0.0 0
1747648929663 inf 0
1747648929675 0.0 0
1747648929686 inf 0
1747648929695 0.0 0
1747648929711 0.0 0
1747648929729 0.0 0
1747648929742 inf 0
1747648929752 inf 0
1747648929764 inf 0
1747648929775 inf 0
1747648929786 0.0 0
1747648929803 inf 0
1747648929812 0.0 0
1747648929828 0.0 0
1747648929838 0.0 0
1747648929849 inf 0
1747648929865 inf 0
1747648929875 inf 0
1747648929897 inf 0
1747648929908 inf 0
1747648929933 inf 0
1747648929945 0.0 0
1747648929957 inf 0
1747648929969 inf 0
1747648929984 0.0 0
1747648929995 0.0 0
1747648930006 0.0 0
1747648930016 inf 0
1747648930040 0.0 0
1747648930073 inf 0
1747648930084 inf 0
1747648930094 0.0 0
1747648930105 0.0 0
1747648930121 0.0 0
1747648930133 0.0 0
1747648930145 inf 0
1747648930182 0.0 0
1747648930198 inf 0
1747648930209 inf 0
1747648930219 inf 0
1747648930234 0.0 0
1747648930251 0.0 0
1747648930263 0.0 0
1747648930274 0.0 0
1747648930286 0.0 0
1747648930294 inf 0
1747648930305 0.0 0
1747648930317 0.0 0
1747648930326 0.0 0
1747648930339 0.0 0
1747648930351 0.0 0
1747648930362 0.0 0
1747648930374 inf 0
1747648930385 inf 0
1747648930397 0.0 0
1747648930404 inf 0
1747648930422 inf 0
1747648930431 0.0 0
1747648930443 0.0 0
1747648930454 0.0 0
1747648930465 inf 0
1747648930476 inf 0
1747648930491 0.0 0
1747648930499 inf 0
1747648930513 inf 0
1747648930522 0.0 0
1747648930531 0.0 0
1747648930549 0.0 0
1747648930573 inf 0
1747648930585 inf 0
1747648930607 inf 0
1747648930620 0.0 0
1747648930630 inf 0
1747648930638 0.0 0
1747648930657 0.0 0
1747648930669 inf 0
1747648930678 inf 0
1747648930689 inf 0
1747648930701 inf 0
1747648930712 inf 0
1747648930722 0.0 0
1747648930733 inf 0
1747648930740 0.0 0
1747648930758 inf 0
1747648930775 0.0 0
1747648930786 0.0 0
1747648930801 0.0 0
1747648930816 inf 0
1747648930831 inf 0
1747648930850 inf 0
1747648930861 inf 0
1747648930869 0.0 0
1747648930889 inf 0
1747648930900 0.0 0
1747648930911 inf 0
1747648930937 inf 0
1747648930953 0.0 0
1747648930962 inf 0
1747648930975 inf 0
1747648930993 0.0 0
1747648931007 inf 0
1747648931025 inf 0
1747648931037 0.0 0
1747648931048 inf 0
1747648931059 0.0 0
1747648931073 0.0 0
1747648931096 0.0 0
1747648931106 inf 0
1747648931118 0.0 0
1747648931129 inf 0
1747648931136 inf 0
1747648931148 inf 0
1747648931158 0.0 0
1747648931171 0.0 0
1747648931187 0.0 0
1747648931198 0.0 0
1747648931209 inf 0
1747648931218 inf 0
1747648931230 inf 0
1747648931243 inf 0
1747648931252 inf 0
1747648931264 inf 0
1747648931275 0.0 0
1747648931286 inf 0
1747648931296 0.0 0
1747648931322 inf 0
1747648931333 inf 0
1747648931352 inf 0
1747648931364 inf 0
1747648931377 0.0 0
1747648931389 inf 0
1747648931400 inf 0
1747648931407 inf 0
1747648931419 inf 0
1747648931431 inf 0
1747648931442 0.0 0
1747648931454 0.0 0
1747648931465 inf 0
1747648931474 0.0 0
1747648931485 inf 0
1747648931495 0.0 0
1747648931504 0.0 0
1747648931514 0.0 0
1747648931523 inf 0
1747648931535 0.0 0
1747648931545 0.0 0
1747648931554 0.0 0
1747648931564 0.0 0
1747648931572 inf 0
1747648931585 inf 0
1747648931597 inf 0
1747648931608 inf 0
1747648931620 0.0 0
1747648931627 inf 0
1747648931639 inf 0
1747648931652 0.0 0
1747648931663 inf 0
1747648931677 inf 0
1747648931689 inf 0
1747648931703 inf 0
1747648931713 0.0 0
1747648931729 inf 0
1747648931740 0.0 0
1747648931751 0.0 0
1747648931762 inf 0
1747648931773 inf 0
1747648931785 inf 0
1747648931797 inf 0
1747648931814 inf 0
1747648931823 0.0 0
1747648931832 inf 0
1747648931843 inf 0
1747648931852 inf 0
1747648931867 inf 0
1747648931878 0.0 0
1747648931894 0.0 0
1747648931918 inf 0
1747648931932 inf 0
1747648931949 0.0 0
1747648931961 0.0 0
1747648931977 0.0 0
1747648931989 inf 0
1747648932007 inf 0
1747648932016 inf 0
1747648932024 0.0 0
1747648932035 inf 0
1747648932046 inf 0
1747648932054 0.0 0
1747648932068 0.0 0
1747648932083 0.0 0
1747648932093 0.0 0
1747648932105 inf 0
1747648932116 inf 0
1747648932128 0.0 0
1747648932139 0.0 0
1747648932151 0.0 0
1747648932168 inf 0
1747648932180 0.0 0
1747648932192 0.0 0
1747648932204 inf 0
1747648932215 inf 0
1747648932223 inf 0
1747648932240 0.0 0
1747648932252 inf 0
1747648932261 0.0 0
1747648932272 inf 0
1747648932284 0.0 0
1747648932295 inf 0
1747648932303 0.0 0
1747648932312 inf 0
1747648932323 inf 0
1747648932331 0.0 0
1747648932341 0.0 0
1747648932356 0.0 0
1747648932372 inf 0
1747648932383 inf 0
1747648932402 0.0 0
1747648932414 inf 0
1747648932438 0.0 0
1747648932447 inf 0
1747648932458 inf 0
1747648932478 inf 0
1747648932489 inf 0
1747648932506 0.0 0
1747648932520 inf 0
1747648932531 0.0 0
1747648932543 0.0 0
1747648932559 0.0 0
1747648932570 0.0 0
1747648932582 0.0 0
1747648932591 0.0 0
1747648932603 0.0 0
1747648932615 0.0 0
1747648932632 0.0 0
1747648932646 inf 0
1747648932656 0.0 0
1747648932673 inf 0
1747648932684 0.0 0
1747648932702 0.0 0
1747648932718 inf 0
1747648932735 0.0 0
1747648932749 0.0 0
1747648932756 0.0 0
1747648932769 0.0 0
1747648932781 0.0 0
1747648932794 inf 0
1747648932807 inf 0
1747648932820 inf 0
1747648932831 inf 0
1747648932848 0.0 0
1747648932860 0.0 0
1747648932878 inf 0
1747648932890 inf 0
1747648932904 0.0 0
1747648932915 inf 0
1747648932926 0.0 0
1747648932939 0.0 0
1747648932952 inf 0
1747648932965 0.0 0
1747648932976 0.0 0
1747648932988 0.0 0
1747648933008 inf 0
1747648933024 0.0 0
1747648933050 0.0 0
1747648933064 0.0 0
1747648933082 0.0 0
1747648933093 0.0 0
1747648933112 0.0 0
1747648933131 inf 0
1747648933145 0.0 0
1747648933157 inf 0
1747648933174 inf 0
1747648933188 0.0 0
1747648933200 inf 0
1747648933217 inf 0
1747648933230 inf 0
1747648933243 inf 0
1747648933253 inf 0
1747648933264 inf 0
1747648933272 0.0 0
1747648933288 0.0 0
1747648933300 0.0 0
1747648933314 0.0 0
1747648933329 inf 0
1747648933346 inf 0
1747648933357 inf 0
1747648933368 inf 0
1747648933377 inf 0
1747648933388 inf 0
1747648933404 inf 0
1747648933413 inf 0
1747648933431 0.0 0
1747648933444 0.0 0
1747648933456 0.0 0
1747648933467 0.0 0
1747648933479 inf 0
1747648933487 0.0 0
1747648933496 0.0 0
1747648933508 0.0 0
1747648933519 inf 0
1747648933530 inf 0
1747648933562 inf 0
1747648933572 inf 0
1747648933605 inf 0
1747648933632 inf 0
1747648933649 inf 0
1747648933666 0.0 0
1747648933677 inf 0
1747648933689 0.0 0
1747648933700 inf 0
1747648933711 0.0 0
1747648933723 0.0 0
1747648933734 inf 0
1747648933752 inf 0
1747648933763 0.0 0
1747648933781 0.0 0
1747648933792 inf 0
1747648933803 inf 0
1747648933811 0.0 0
1747648933823 0.0 0
1747648933839 inf 0
1747648933858 inf 0
1747648933878 0.0 0
1747648933894 inf 0
1747648933911 inf 0
1747648933922 inf 0
1747648933946 0.0 0
1747648933960 0.0 0
1747648933971 0.0 0
1747648933981 0.0 0
1747648933998 0.0 0
1747648934011 inf 0
1747648934022 0.0 0
1747648934035 inf 0
1747648934058 0.0 0
1747648934070 0.0 0
1747648934081 0.0 0
1747648934095 inf 0
1747648934104 inf 0
1747648934111 0.0 0
1747648934124 0.0 0
1747648934141 inf 0
1747648934153 0.0 0
1747648934163 inf 0
1747648934174 0.0 0
1747648934186 inf 0
1747648934197 inf 0
1747648934207 0.0 0
1747648934219 inf 0
1747648934227 0.0 0
1747648934239 0.0 0
1747648934253 0.0 0
1747648934265 inf 0
1747648934293 0.0 0
1747648934304 inf 0
1747648934315 inf 0
1747648934324 0.0 0
1747648934339 inf 0
1747648934347 0.0 0
1747648934355 0.0 0
1747648934366 inf 0
1747648934376 0.0 0
1747648934388 inf 0
1747648934399 inf 0
1747648934410 inf 0
1747648934424 0.0 0
1747648934441 0.0 0
1747648934453 inf 0
1747648934470 inf 0
1747648934478 0.0 0
1747648934493 0.0 0
1747648934507 inf 0
1747648934518 inf 0
1747648934530 0.0 0
1747648934541 inf 0
1747648934548 0.0 0
1747648934560 inf 0
1747648934583 0.0 0
1747648934599 inf 0
1747648934609 inf 0
1747648934620 inf 0
1747648934642 inf 0
1747648934660 0.0 0
1747648934678 inf 0
1747648934689 inf 0
1747648934706 inf 0
1747648934717 0.0 0
1747648934728 0.0 0
1747648934740 0.0 0
1747648934751 inf 0
1747648934774 0.0 0
1747648934799 0.0 0
1747648934816 0.0 0
1747648934826 inf 0
1747648934838 inf 0
1747648934847 inf 0
1747648934859 inf 0
1747648934872 0.0 0
1747648934882 inf 0
1747648934897 0.0 0
1747648934906 0.0 0
1747648934917 0.0 0
1747648934932 inf 0
1747648934944 inf 0
1747648934952 0.0 0
1747648934963 0.0 0
1747648934989 inf 0
1747648935001 inf 0
1747648935015 0.0 0
1747648935026 0.0 0
1747648935038 0.0 0
1747648935049 inf 0
1747648935056 inf 0
1747648935069 0.0 0
1747648935093 0.0 0
1747648935110 inf 0
1747648935119 0.0 0
1747648935133 0.0 0
1747648935145 inf 0
1747648935158 0.0 0
1747648935166 inf 0
1747648935173 inf 0
1747648935187 0.0 0
1747648935199 inf 0
1747648935211 inf 0
1747648935221 inf 0
1747648935232 inf 0
1747648935248 inf 0
1747648935259 inf 0
1747648935270 0.0 0
1747648935283 inf 0
1747648935293 inf 0
1747648935306 inf 0
1747648935314 0.0 0
1747648935338 inf 0
1747648935349 inf 0
1747648935364 0.0 0
1747648935375 0.0 0
1747648935392 0.0 0
1747648935403 inf 0
1747648935412 0.0 0
1747648935421 0.0 0
1747648935430 inf 0
1747648935449 inf 0
1747648935465 0.0 0
1747648935476 0.0 0
1747648935493 inf 0
1747648935512 0.0 0
1747648935523 inf 0
1747648935533 inf 0
1747648935544 0.0 0
1747648935558 inf 0
1747648935567 0.0 0
1747648935578 0.0 0
1747648935590 0.0 0
1747648935599 0.0 0
1747648935611 inf 0
1747648935622 0.0 0
1747648935633 inf 0
1747648935649 0.0 0
1747648935660 inf 0
1747648935672 0.0 0
1747648935684 inf 0
1747648935703 inf 0
1747648935717 inf 0
1747648935728 inf 0
1747648935736 inf 0
1747648935745 0.0 0
1747648935755 inf 0
1747648935765 0.0 0
1747648935780 inf 0
1747648935791 inf 0
1747648935798 0.0 0
1747648935815 0.0 0
1747648935826 inf 0
1747648935837 inf 0
1747648935845 0.0 0
1747648935862 0.0 0
1747648935879 0.0 0
1747648935892 inf 0
1747648935904 inf 0
1747648935915 inf 0
1747648935928 0.0 0
1747648935940 inf 0
1747648935952 inf 0
1747648935961 0.0 0
1747648935971 0.0 0
1747648935980 0.0 0
1747648935992 inf 0
1747648935999 inf 0
1747648936010 inf 0
1747648936020 0.0 0
1747648936035 inf 0
1747648936046 0.0 0
1747648936057 0.0 0
1747648936064 0.0 0
1747648936083 0.0 0
1747648936095 inf 0
1747648936107 inf 0
1747648936122 inf 0
1747648936144 0.0 0
1747648936161 inf 0
1747648936172 0.0 0
1747648936180 0.0 0
1747648936187 0.0 0
1747648936196 0.0 0
1747648936205 0.0 0
1747648936217 0.0 0
1747648936224 inf 0
1747648936235 inf 0
1747648936244 inf 0
1747648936260 0.0 0
1747648936268 0.0 0
1747648936278 inf 0
1747648936289 inf 0
1747648936307 0.0 0
1747648936318 0.0 0
1747648936328 inf 0
1747648936340 inf 0
1747648936356 0.0 0
1747648936374 inf 0
1747648936384 inf 0
1747648936396 inf 0
1747648936410 0.0 0
1747648936424 inf 0
1747648936435 0.0 0
1747648936445 inf 0
1747648936457 0.0 0
1747648937324 0.0 0
1747648937337 0.0 0
1747648937349 0.0 0
1747648937368 inf 0
1747648937380 inf 0
1747648937405 0.0 0
1747648937428 inf 0
1747648937445 0.0 0
1747648937471 inf 0
1747648937486 0.0 0
1747648937500 0.0 0
1747648937516 inf 0
1747648937528 inf 0
1747648937564 inf 0
1747648937599 0.0 0
1747648937628 0.0 0
1747648937640 inf 0
1747648937651 0.0 0
1747648937664 0.0 0
1747648937676 0.0 0
1747648937702 inf 0
1747648937729 inf 0
1747648937753 inf 0
1747648937764 inf 0
1747648937777 0.0 0
1747648937791 inf 0
1747648937801 0.0 0
1747648937814 inf 0
1747648937829 inf 0
1747648937856 inf 0
1747648937867 0.0 0
1747648937889 0.0 0
1747648937901 0.0 0
1747648937933 0.0 0
1747648937946 inf 0
1747648937957 0.0 0
1747648937968 0.0 0
1747648937985 inf 0
1747648937996 inf 0
1747648938007 0.0 0
1747648938021 0.0 0
1747648938029 inf 0
1747648938038 0.0 0
1747648938049 inf 0
1747648938060 inf 0
1747648938073 inf 0
1747648938093 0.0 0
1747648938105 inf 0
1747648938138 inf 0
1747648938150 0.0 0
1747648938167 0.0 0
1747648938177 0.0 0
1747648938189 0.0 0
1747648938200 0.0 0
1747648938216 inf 0
1747648938228 0.0 0
1747648938242 0.0 0
1747648938252 inf 0
1747648938264 0.0 0
1747648938275 inf 0
1747648938286 0.0 0
1747648938294 inf 0
1747648938305 0.0 0
1747648938316 0.0 0
1747648938324 0.0 0
1747648938332 inf 0
1747648938357 0.0 0
1747648938368 0.0 0
1747648938378 0.0 0
1747648938386 0.0 0
1747648938398 0.0 0
1747648938410 inf 0
1747648938424 inf 0
1747648938443 inf 0
1747648938458 inf 0
1747648938474 inf 0
1747648938484 inf 0
1747648938495 0.0 0
1747648938506 inf 0
1747648938518 inf 0
1747648938529 inf 0
1747648938543 0.0 0
1747648938555 inf 0
1747648938566 0.0 0
1747648938577 0.0 0
1747648938587 inf 0
1747648938596 inf 0
1747648938606 0.0 0
1747648938618 0.0 0
1747648938630 0.0 0
1747648938645 inf 0
1747648938680 0.0 0
1747648938701 inf 0
1747648938713 0.0 0
1747648938724 0.0 0
1747648938751 0.0 0
1747648938764 0.0 0
1747648938781 0.0 0
1747648938791 0.0 0
1747648938803 inf 0
1747648938816 inf 0
1747648938841 inf 0
1747648938852 inf 0
1747648938867 inf 0
1747648938899 inf 0
1747648938911 0.0 0
1747648938929 0.0 0
1747648938943 inf 0
1747648938954 0.0 0
1747648938963 0.0 0
1747648938997 inf 0
1747648939011 inf 0
1747648939025 inf 0
1747648939038 0.0 0
1747648939048 0.0 0
1747648939062 0.0 0
1747648939073 inf 0
1747648939083 inf 0
1747648939106 inf 0
1747648939118 0.0 0
1747648939129 inf 0
1747648939139 0.0 0
1747648939151 0.0 0
1747648939163 inf 0
1747648939178 inf 0
1747648939189 inf 0
1747648939199 0.0 0
1747648939211 inf 0
1747648939221 inf 0
1747648939232 inf 0
1747648939242 inf 0
1747648939254 inf 0
1747648939261 inf 0
1747648939273 0.0 0
1747648939284 0.0 0
1747648939295 0.0 0
1747648939329 inf 0
1747648939342 0.0 0
1747648939362 0.0 0
1747648939382 0.0 0
1747648939397 0.0 0
1747648939428 inf 0
1747648939441 inf 0
1747648939454 0.0 0
1747648939475 inf 0
1747648939487 0.0 0
1747648939511 0.0 0
1747648939530 0.0 0
1747648939542 inf 0
1747648939568 0.0 0
1747648939595 0.0 0
1747648939612 0.0 0
1747648939624 0.0 0
1747648939637 0.0 0
1747648939649 inf 0
1747648939672 0.0 0
1747648939685 0.0 0
1747648939697 inf 0
1747648939709 inf 0
1747648939727 inf 0
1747648939756 inf 0
1747648939770 0.0 0
1747648939797 inf 0
1747648939810 inf 0
1747648939830 0.0 0
1747648939843 inf 0
1747648939856 inf 0
1747648939865 0.0 0
1747648939878 inf 0
1747648939902 0.0 0
1747648939941 inf 0
1747648939962 inf 0
1747648939984 0.0 0
1747648939999 inf 0
1747648940015 0.0 0
1747648940026 inf 0
1747648940047 inf 0
1747648940071 inf 0
1747648940098 0.0 0
1747648940111 inf 0
1747648940122 0.0 0
1747648940156 inf 0
1747648940173 inf 0
1747648940188 0.0 0
1747648940225 0.0 0
1747648940239 0.0 0
1747648940268 inf 0
1747648940281 0.0 0
1747648940306 inf 0
1747648940319 0.0 0
1747648940332 inf 0
1747648940347 inf 0
1747648940362 inf 0
1747648940387 inf 0
1747648940401 0.0 0
1747648940448 inf 0
1747648940461 0.0 0
1747648940477 0.0 0
1747648940500 0.0 0
1747648940510 inf 0
1747648940525 0.0 0
1747648940536 0.0 0
1747648940548 0.0 0
1747648940557 inf 0
1747648940569 inf 0
1747648940577 0.0 0
1747648940606 inf 0
1747648940638 0.0 0
1747648940652 inf 0
1747648940662 inf 0
1747648940676 0.0 0
1747648940687 inf 0
1747648940699 inf 0
1747648940711 0.0 0
1747648940723 0.0 0
1747648940734 0.0 0
1747648940745 0.0 0
1747648940762 0.0 0
1747648940788 inf 0
1747648940813 0.0 0
1747648940834 0.0 0
1747648940848 inf 0
1747648940858 inf 0
1747648940873 inf 0
1747648940883 0.0 0
1747648940902 inf 0
1747648940913 0.0 0
1747648940939 0.0 0
1747648940975 inf 0
1747648940989 0.0 0
1747648941002 inf 0
1747648941024 0.0 0
1747648941037 0.0 0
1747648941052 0.0 0
1747648941064 0.0 0
1747648941075 inf 0
1747648941091 inf 0
1747648941105 0.0 0
1747648941120 0.0 0
1747648941133 0.0 0
1747648941154 inf 0
1747648941168 inf 0
1747648941188 0.0 0
1747648941207 inf 0
1747648941222 inf 0
1747648941238 inf 0
1747648941299 0.0 0
1747648941382 inf 0
1747648941395 0.0 0
1747648941424 0.0 0
1747648941447 inf 0
1747648941462 0.0 0
1747648941493 inf 0
1747648941512 0.0 0
1747648941523 0.0 0
1747648941531 0.0 0
1747648941560 inf 0
1747648941570 inf 0
1747648941579 inf 0
1747648941602 0.0 0
1747648941610 0.0 0
1747648941624 0.0 0
1747648941639 inf 0
1747648941652 0.0 0
1747648941667 0.0 0
1747648941688 0.0 0
1747648941708 inf 0
1747648941722 0.0 0
1747648941735 0.0 0
1747648941749 inf 0
1747648941770 inf 0
1747648941784 0.0 0
1747648941797 0.0 0
1747648941807 inf 0
1747648941826 inf 0
1747648941853 inf 0
1747648941871 0.0 0
1747648941885 inf 0
1747648941903 inf 0
1747648941916 0.0 0
1747648941943 inf 0
1747648941958 0.0 0
1747648941977 0.0 0
1747648941990 0.0 0
1747648942003 0.0 0
1747648942016 inf 0
1747648942028 inf 0
1747648942043 inf 0
1747648942066 inf 0
1747648942079 inf 0
1747648942097 0.0 0
1747648942107 inf 0
1747648942120 inf 0
1747648942132 0.0 0
1747648942157 inf 0
1747648942168 0.0 0
1747648942180 0.0 0
1747648942191 inf 0
1747648942219 inf 0
1747648942231 inf 0
1747648942240 0.0 0
1747648942252 inf 0
1747648942264 inf 0
1747648942276 0.0 0
1747648942290 0.0 0
1747648942306 inf 0
1747648942319 0.0 0
1747648942334 inf 0
1747648942353 0.0 0
1747648942361 0.0 0
1747648942369 0.0 0
1747648942385 0.0 0
1747648942399 0.0 0
1747648942415 0.0 0
1747648942426 0.0 0
1747648942447 0.0 0
1747648942469 inf 0
1747648942491 0.0 0
1747648942505 inf 0
1747648942516 inf 0
1747648942530 inf 0
1747648942540 0.0 0
1747648942561 inf 0
1747648942579 inf 0
1747648942590 0.0 0
1747648942604 0.0 0
1747648942626 0.0 0
1747648942638 inf 0
1747648942653 inf 0
1747648942665 inf 0
1747648942683 inf 0
1747648942694 0.0 0
1747648942710 0.0 0
1747648942720 inf 0
1747648942737 inf 0
1747648942749 inf 0
1747648942774 0.0 0
1747648942796 0.0 0
1747648942816 0.0 0
1747648942834 inf 0
1747648942847 0.0 0
1747648942859 0.0 0
1747648942875 inf 0
1747648942888 inf 0
1747648942897 0.0 0
1747648942914 inf 0
1747648942926 0.0 0
1747648942939 inf 0
1747648942951 0.0 0
1747648942963 inf 0
1747648942988 inf 0
1747648943002 0.0 0
1747648943031 0.0 0
1747648943043 0.0 0
1747648943055 inf 0
1747648943071 0.0 0
1747648943092 inf 0
1747648943110 inf 0
1747648943125 inf 0
1747648943138 inf 0
1747648943150 inf 0
1747648943182 inf 0
1747648943197 inf 0
1747648943207 0.0 0
1747648943220 0.0 0
1747648943233 inf 0
1747648943246 0.0 0
1747648943258 0.0 0
1747648943272 0.0 0
1747648943286 inf 0
1747648943307 0.0 0
1747648943323 inf 0
1747648943342 inf 0
1747648943355 inf 0
1747648943375 inf 0
1747648943390 0.0 0
1747648943408 inf 0
1747648943428 inf 0
1747648943445 0.0 0
1747648943457 inf 0
1747648943467 inf 0
1747648943480 inf 0
1747648943503 inf 0
1747648943530 inf 0
1747648943558 0.0 0
1747648943583 0.0 0
1747648943597 0.0 0
1747648943615 inf 0
1747648943630 inf 0
1747648943655 0.0 0
1747648943667 inf 0
1747648943680 inf 0
1747648943692 inf 0
1747648943706 inf 0
1747648943720 inf 0
1747648943733 inf 0
1747648943752 inf 0
1747648943765 inf 0
1747648943785 0.0 0
1747648943797 0.0 0
1747648943809 0.0 0
1747648943822 inf 0
1747648943835 inf 0
1747648943853 inf 0
1747648943866 0.0 0
1747648943874 0.0 0
1747648943889 inf 0
1747648943904 0.0 0
1747648943925 inf 0
1747648943937 inf 0
1747648943969 0.0 0
1747648943999 inf 0
1747648944012 inf 0
1747648944026 0.0 0
1747648944045 inf 0
1747648944065 inf 0
1747648944083 0.0 0
1747648944105 inf 0
1747648944130 0.0 0
1747648944147 0.0 0
1747648944169 0.0 0
1747648944189 inf 0
1747648944210 inf 0
1747648944224 inf 0
1747648944238 inf 0
1747648944247 0.0 0
1747648944270 inf 0
1747648944305 0.0 0
1747648944339 0.0 0
1747648944383 inf 0
1747648944396 0.0 0
1747648944406 inf 0
1747648944435 0.0 0
1747648944453 inf 0
1747648944470 inf 0
1747648944483 inf 0
1747648944497 0.0 0
1747648944508 0.0 0
1747648944522 0.0 0
1747648944544 0.0 0
1747648944557 0.0 0
1747648944566 0.0 0
1747648944580 0.0 0
1747648944600 inf 0
1747648944613 inf 0
1747648944625 0.0 0
1747648944640 0.0 0
1747648944655 0.0 0
1747648944674 0.0 0
1747648944705 0.0 0
1747648944718 0.0 0
1747648944729 0.0 0
1747648944741 0.0 0
1747648944757 0.0 0
1747648944769 0.0 0
1747648944781 0.0 0
1747648944793 0.0 0
1747648944803 inf 0
1747648944818 inf 0
1747648944827 0.0 0
1747648944838 inf 0
1747648944868 inf 0
1747648944886 inf 0
1747648944897 inf 0
1747648944907 0.0 0
1747648944927 0.0 0
1747648944940 inf 0
1747648944969 inf 0
1747648944981 inf 0
1747648944994 0.0 0
1747648945006 0.0 0
1747648945017 0.0 0
1747648945033 0.0 0
1747648945056 inf 0
1747648945073 0.0 0
1747648945095 0.0 0
1747648945108 inf 0
1747648945117 0.0 0
1747648945130 0.0 0
1747648945145 inf 0
1747648945156 0.0 0
1747648945173 0.0 0
1747648945182 inf 0
1747648945201 0.0 0
1747648945213 inf 0
1747648945225 0.0 0
1747648945237 inf 0
1747648945249 0.0 0
1747648945264 0.0 0
1747648945283 inf 0
1747648945295 inf 0
1747648945318 inf 0
1747648945332 inf 0
1747648945345 0.0 0
1747648945359 0.0 0
1747648945371 0.0 0
1747648945382 inf 0
1747648945401 inf 0
1747648945413 0.0 0
1747648945427 0.0 0
1747648945438 inf 0
1747648945449 inf 0
1747648945464 0.0 0
1747648945475 inf 0
1747648945486 inf 0
1747648945502 0.0 0
1747648945513 0.0 0
1747648945524 0.0 0
1747648945536 0.0 0
1747648945554 inf 0
1747648945572 inf 0
1747648945583 0.0 0
1747648945606 0.0 0
1747648945627 0.0 0
1747648945644 inf 0
1747648945655 inf 0
1747648945666 0.0 0
1747648945678 0.0 0
1747648945695 inf 0
1747648945723 0.0 0
1747648945735 0.0 0
1747648945767 0.0 0
1747648945784 0.0 0
1747648945799 inf 0
1747648945808 0.0 0
1747648945820 0.0 0
1747648945830 inf 0
1747648945840 0.0 0
1747648945853 inf 0
1747648945881 inf 0
1747648945892 0.0 0
1747648945907 0.0 0
1747648945918 inf 0
1747648945929 0.0 0
1747648945941 0.0 0
1747648945959 0.0 0
1747648945976 inf 0
1747648946001 inf 0
1747648946013 0.0 0
1747648946041 inf 0
1747648946061 inf 0
1747648946072 0.0 0
1747648946083 inf 0
1747648946095 inf 0
1747648946108 0.0 0
1747648946134 inf 0
1747648946143 0.0 0
1747648946164 0.0 0
1747648946186 inf 0
1747648946197 0.0 0
1747648946208 0.0 0
1747648946220 inf 0
1747648946230 inf 0
1747648946248 inf 0
1747648946258 0.0 0
1747648946268 0.0 0
1747648946282 inf 0
1747648946316 0.0 0
1747648946328 inf 0
1747648946350 inf 0
1747648946371 0.0 0
1747648946383 0.0 0
1747648946421 inf 0
1747648946437 inf 0
1747648946446 inf 0
1747648946459 0.0 0
1747648946473 0.0 0
1747648946489 inf 0
1747648946498 inf 0
1747648946512 inf 0
1747648946524 inf 0
1747648946549 inf 0
1747648946561 inf 0
1747648946587 0.0 0
1747648946600 inf 0
1747648946626 0.0 0
1747648946647 0.0 0
1747648946659 inf 0
1747648946670 inf 0
1747648946689 inf 0
1747648946706 inf 0
1747648946719 0.0 0
1747648946730 inf 0
1747648946739 0.0 0
1747648946749 inf 0
1747648946758 inf 0
1747648946766 inf 0
1747648946778 inf 0
1747648946791 0.0 0
1747648946805 inf 0
1747648946817 0.0 0
1747648946827 inf 0
1747648946836 0.0 0
1747648946858 inf 0
1747648946878 inf 0
1747648946890 0.0 0
1747648946940 0.0 0
1747648946956 inf 0
1747648946978 0.0 0
1747648946997 inf 0
1747648947014 inf 0
1747648947043 inf 0
1747648947052 inf 0
1747648947064 inf 0
1747648947072 inf 0
1747648947084 inf 0
1747648947091 0.0 0
1747648947103 0.0 0
1747648947117 0.0 0
1747648947129 inf 0
1747648947139 inf 0
1747648947149 0.0 0
1747648947157 0.0 0
1747648947165 0.0 0
1747648947177 inf 0
1747648947188 inf 0
1747648947206 inf 0
1747648947220 inf 0
1747648947238 inf 0
1747648947246 0.0 0
1747648947253 0.0 0
1747648947265 inf 0
1747648947289 0.0 0
1747648947300 0.0 0
1747648947311 inf 0
1747648947319 0.0 0
1747648947343 0.0 0
1747648947352 inf 0
1747648947374 inf 0
1747648947393 0.0 0
1747648947411 0.0 0
1747648947431 inf 0
1747648947444 inf 0
1747648947452 inf 0
1747648947462 0.0 0
1747648947472 0.0 0
1747648947482 0.0 0
1747648947491 inf 0
1747648947513 inf 0
1747648947531 0.0 0
1747648947545 inf 0
1747648947562 inf 0
1747648947573 inf 0
1747648947606 0.0 0
1747648947632 0.0 0
1747648947653 inf 0
1747648947674 0.0 0
1747648947693 0.0 0
1747648947709 inf 0
1747648947720 inf 0
1747648947733 inf 0
1747648947745 inf 0
1747648947776 inf 0
1747648947791 inf 0
1747648947808 inf 0
1747648947837 inf 0
1747648947861 0.0 0
1747648947874 inf 0
1747648947886 inf 0
1747648947910 inf 0
1747648947919 0.0 0
1747648947936 inf 0
1747648947953 0.0 0
1747648947964 inf 0
1747648947976 0.0 0
1747648947986 inf 0
1747648948016 inf 0
1747648948034 inf 0
1747648948045 0.0 0
1747648948057 0.0 0
1747648948069 0.0 0
1747648948089 0.0 0
1747648948101 0.0 0
1747648948112 0.0 0
1747648948124 0.0 0
1747648948138 0.0 0
1747648948160 inf 0
1747648948178 inf 0
1747648948191 inf 0
1747648948220 inf 0
1747648948238 inf 0
1747648948251 0.0 0
1747648948278 0.0 0
1747648948291 inf 0
1747648948314 inf 0
1747648948341 0.0 0
1747648948354 0.0 0
1747648948363 0.0 0
1747648948372 0.0 0
1747648948397 inf 0
1747648948410 0.0 0
1747648948436 0.0 0
1747648948449 0.0 0
1747648948461 0.0 0
1747648948475 inf 0
1747648948490 inf 0
1747648948498 inf 0
1747648948505 0.0 0
1747648948527 inf 0
1747648948541 inf 0
1747648948557 0.0 0
1747648948566 inf 0
1747648948592 inf 0
1747648948608 0.0 0
1747648948624 0.0 0
1747648948642 0.0 0
1747648948669 0.0 0
1747648948689 inf 0
1747648948723 0.0 0
1747648948735 inf 0
1747648948755 inf 0
1747648948772 0.0 0
1747648948800 0.0 0
1747648948821 inf 0
1747648948848 inf 0
1747648948891 inf 0
1747648948908 0.0 0
1747648948938 0.0 0
1747648948948 inf 0
1747648948964 inf 0
1747648948975 inf 0
1747648948987 inf 0
1747648948999 inf 0
1747648949007 0.0 0
1747648949025 0.0 0
1747648949048 inf 0
1747648949067 0.0 0
1747648949087 0.0 0
1747648949110 inf 0
1747648949118 0.0 0
1747648949137 inf 0
1747648949164 inf 0
1747648949174 inf 0
1747648949189 inf 0
1747648949199 0.0 0
1747648949215 0.0 0
1747648949227 inf 0
1747648949240 inf 0
1747648949266 0.0 0
1747648949283 inf 0
1747648949295 0.0 0
1747648949303 0.0 0
1747648949315 0.0 0
1747648949331 inf 0
1747648949340 inf 0
1747648949355 inf 0
1747648949364 inf 0
1747648949372 inf 0
1747648949384 inf 0
1747648949395 0.0 0
1747648949406 inf 0
1747648949417 inf 0
1747648949429 0.0 0
1747648949458 inf 0
1747648949473 inf 0
1747648949499 0.0 0
1747648949514 0.0 0
1747648949527 inf 0
1747648949542 0.0 0
1747648949553 0.0 0
1747648949567 inf 0
1747648949580 inf 0
1747648949599 0.0 0
1747648949608 0.0 0
1747648949625 inf 0
1747648949642 inf 0
1747648949655 inf 0
1747648949688 inf 0
1747648949701 0.0 0
1747648949715 inf 0
1747648949740 0.0 0
1747648949754 inf 0
1747648949772 0.0 0
1747648949783 inf 0
1747648949815 0.0 0
1747648949835 0.0 0
1747648949848 inf 0
1747648949877 inf 0
1747648949895 inf 0
1747648949917 0.0 0
1747648949934 0.0 0
1747648949955 0.0 0
1747648949967 0.0 0
1747648949981 inf 0
1747648949988 inf 0
1747648950008 inf 0
1747648950030 0.0 0
1747648950056 0.0 0
1747648950070 0.0 0
1747648950091 inf 0
1747648950111 inf 0
1747648950124 inf 0
1747648950138 inf 0
1747648950157 0.0 0
1747648950167 0.0 0
1747648950192 inf 0
1747648950204 inf 0
1747648950241 0.0 0
1747648950254 inf 0
1747648950263 inf 0
1747648950283 inf 0
1747648950298 0.0 0
1747648950317 inf 0
1747648950330 inf 0
1747648950341 0.0 0
1747648950355 inf 0
1747648950367 0.0 0
1747648950379 inf 0
1747648950392 inf 0
1747648950408 inf 0
1747648950434 0.0 0
1747648950443 0.0 0
1747648950455 0.0 0
1747648950464 inf 0
1747648950476 inf 0
1747648950488 inf 0
1747648950508 0.0 0
1747648950521 inf 0
1747648950555 0.0 0
1747648950573 0.0 0
1747648950595 0.0 0
1747648950613 0.0 0
1747648950625 inf 0
1747648950653 0.0 0
1747648950664 inf 0
1747648950673 inf 0
1747648950694 0.0 0
1747648950708 inf 0
1747648950743 inf 0
1747648950781 inf 0
1747648950796 inf 0
1747648950813 inf 0
1747648950831 inf 0
1747648950856 inf 0
1747648950889 0.0 0
1747648950904 inf 0
1747648950917 inf 0
1747648950932 inf 0
1747648950957 0.0 0
1747648950970 0.0 0
1747648950981 inf 0
1747648950995 0.0 0
1747648951007 0.0 0
1747648951036 inf 0
1747648951050 0.0 0
1747648951063 0.0 0
1747648951081 0.0 0
1747648951096 0.0 0
1747648951114 inf 0
1747648951143 inf 0
1747648951171 inf 0
1747648951184 0.0 0
1747648951196 0.0 0
1747648951210 0.0 0
1747648951225 inf 0
1747648951244 0.0 0
1747648951261 inf 0
1747648951274 0.0 0
1747648951302 0.0 0
1747648951358 0.0 0
1747648951375 0.0 0
1747648951391 inf 0
1747648951399 0.0 0
1747648951425 inf 0
1747648951433 0.0 0
1747648951441 inf 0
1747648951452 inf 0
1747648951460 0.0 0
1747648951471 inf 0
1747648951483 0.0 0
1747648951520 inf 0
1747648951533 0.0 0
1747648951560 0.0 0
1747648951572 inf 0
1747648951591 inf 0
1747648951607 inf 0
1747648951616 0.0 0
1747648951624 0.0 0
1747648951636 inf 0
1747648951652 inf 0
1747648951679 0.0 0
1747648951691 inf 0
1747648951705 0.0 0
1747648951739 0.0 0
1747648951750 inf 0
1747648951765 0.0 0
1747648951778 0.0 0
1747648951789 0.0 0
1747648951799 inf 0
1747648951806 inf 0
1747648951814 0.0 0
1747648951827 0.0 0
1747648951835 inf 0
1747648951846 0.0 0
1747648951855 0.0 0
1747648951883 0.0 0
1747648951898 inf 0
1747648951913 0.0 0
1747648951925 inf 0
1747648951941 0.0 0
1747648951951 inf 0
1747648951963 0.0 0
1747648951982 inf 0
1747648951997 inf 0
1747648952007 0.0 0
1747648952030 inf 0
1747648952042 inf 0
1747648952055 inf 0
1747648952066 inf 0
1747648952078 inf 0
1747648952107 0.0 0
1747648952119 inf 0
1747648952131 inf 0
1747648952146 inf 0
1747648952158 0.0 0
1747648952191 0.0 0
1747648952203 0.0 0
1747648952215 inf 0
1747648952227 0.0 0
1747648952244 0.0 0
1747648952263 inf 0
1747648952274 inf 0
1747648952287 inf 0
1747648952312 0.0 0
1747648952324 inf 0
1747648952342 0.0 0
1747648952369 0.0 0
1747648952378 inf 0
1747648952386 inf 0
1747648952397 0.0 0
1747648952414 0.0 0
1747648952430 inf 0
1747648952444 inf 0
1747648952464 inf 0
1747648952478 0.0 0
1747648952493 0.0 0
1747648952507 inf 0
1747648952519 0.0 0
1747648952528 inf 0
1747648952557 inf 0
1747648952572 inf 0
1747648952582 inf 0
1747648952595 0.0 0
1747648952606 inf 0
1747648952617 inf 0
1747648952632 inf 0
1747648952648 0.0 0
1747648952664 inf 0
1747648952678 0.0 0
1747648952716 0.0 0
1747648952753 inf 0
1747648952765 0.0 0
1747648952787 inf 0
1747648952815 0.0 0
1747648952826 inf 0
1747648952837 0.0 0
1747648952852 inf 0
1747648952863 0.0 0
1747648952874 0.0 0
1747648952885 0.0 0
1747648952896 inf 0
1747648952907 0.0 0
1747648952931 0.0 0
1747648952972 inf 0
1747648952983 0.0 0
1747648953007 inf 0
1747648953018 0.0 0
1747648953041 inf 0
1747648953055 inf 0
1747648953072 0.0 0
1747648953096 inf 0
1747648953112 0.0 0
1747648953130 inf 0
1747648953147 0.0 0
1747648953159 0.0 0
1747648953189 inf 0
1747648953206 inf 0
1747648953218 0.0 0
1747648953235 inf 0
1747648953248 inf 0
1747648953263 0.0 0
1747648953279 0.0 0
1747648953298 inf 0
1747648953310 inf 0
1747648953321 0.0 0
1747648953343 0.0 0
1747648953353 inf 0
1747648953368 0.0 0
1747648953379 inf 0
1747648953390 0.0 0
1747648953402 inf 0
1747648953415 0.0 0
1747648953431 0.0 0
1747648953441 inf 0
1747648953449 0.0 0
1747648953460 0.0 0
1747648953471 0.0 0
1747648953483 0.0 0
1747648953513 0.0 0
1747648953538 inf 0
1747648953581 0.0 0
1747648953593 0.0 0
1747648953607 inf 0
1747648953624 inf 0
1747648953638 0.0 0
1747648953657 0.0 0
1747648953672 0.0 0
1747648953687 0.0 0
1747648953698 0.0 0
1747648953705 inf 0
1747648953731 0.0 0
1747648953748 inf 0
1747648953760 inf 0
1747648953777 inf 0
1747648953788 inf 0
1747648953800 inf 0
1747648953828 0.0 0
1747648953842 0.0 0
1747648953853 inf 0
1747648953862 inf 0
1747648953870 0.0 0
1747648953882 0.0 0
1747648953895 inf 0
1747648953903 inf 0
1747648953914 inf 0
1747648953930 inf 0
1747648953946 inf 0
1747648953971 inf 0
1747648953983 inf 0
1747648953993 0.0 0
1747648954005 inf 0
1747648954016 inf 0
1747648954027 inf 0
1747648954039 inf 0
1747648954055 0.0 0
1747648954069 0.0 0
1747648954080 0.0 0
1747648954092 inf 0
1747648954108 0.0 0
1747648954140 0.0 0
1747648954222 0.0 0
1747648954237 0.0 0
1747648954249 0.0 0
1747648954278 inf 0
1747648954288 0.0 0
1747648954308 0.0 0
1747648954319 0.0 0
1747648954332 0.0 0
1747648954343 inf 0
1747648954361 inf 0
1747648954400 0.0 0
1747648954414 0.0 0
1747648954451 0.0 0
1747648954464 inf 0
1747648954472 inf 0
1747648954485 0.0 0
1747648954503 0.0 0
1747648954513 inf 0
1747648954524 inf 0
1747648954543 inf 0
1747648954555 inf 0
1747648954569 inf 0
1747648954583 inf 0
1747648954595 0.0 0
1747648954611 0.0 0
1747648954625 0.0 0
1747648954634 inf 0
1747648954650 inf 0
1747648954677 inf 0
1747648954690 0.0 0
1747648954702 inf 0
1747648954710 0.0 0
1747648954722 inf 0
1747648954733 inf 0
1747648954741 0.0 0
1747648954752 inf 0
1747648954764 0.0 0
1747648954776 inf 0
1747648954788 inf 0
1747648954801 0.0 0
1747648954811 0.0 0
1747648954823 inf 0
1747648954831 0.0 0
1747648954841 inf 0
1747648954852 0.0 0
1747648954865 inf 0
1747648955795 0.0 0
1747648955814 0.0 0
1747648955860 0.0 0
1747648955874 0.0 0
1747648955887 0.0 0
1747648955899 0.0 0
1747648955921 inf 0
1747648955939 inf 0
1747648955996 0.0 0
1747648956025 0.0 0
1747648956039 0.0 0
1747648956075 inf 0
1747648956094 0.0 0
1747648956114 inf 0
1747648956127 inf 0
1747648956147 inf 0
1747648956181 0.0 0
1747648956197 inf 0
1747648956212 0.0 0
1747648956233 inf 0
1747648956256 inf 0
1747648956279 0.0 0
1747648956306 0.0 0
1747648956320 inf 0
1747648956337 inf 0
1747648956379 inf 0
1747648956393 inf 0
1747648956419 inf 0
1747648956446 inf 0
1747648956464 0.0 0
1747648956474 inf 0
1747648956488 0.0 0
1747648956505 0.0 0
1747648956524 inf 0
1747648956546 0.0 0
1747648956570 0.0 0
1747648956598 inf 0
1747648956606 0.0 0
1747648956630 inf 0
1747648956672 0.0 0
1747648956691 0.0 0
1747648956710 inf 0
1747648956723 0.0 0
1747648956741 0.0 0
1747648956754 inf 0
1747648956767 inf 0
1747648956797 inf 0
1747648956811 0.0 0
1747648956831 0.0 0
1747648956870 inf 0
1747648956899 0.0 0
1747648956913 0.0 0
1747648956940 0.0 0
1747648956963 inf 0
1747648956993 inf 0
1747648957020 0.0 0
1747648957042 0.0 0
1747648957072 0.0 0
1747648957097 inf 0
1747648957117 inf 0
1747648957155 0.0 0
1747648957169 0.0 0
1747648957180 0.0 0
1747648957193 inf 0
1747648957213 inf 0
1747648957227 0.0 0
1747648957284 0.0 0
1747648957305 0.0 0
1747648957318 inf 0
1747648957344 0.0 0
1747648957368 inf 0
1747648957395 inf 0
1747648957415 0.0 0
1747648957424 inf 0
1747648957437 0.0 0
1747648957487 0.0 0
1747648957517 inf 0
1747648957542 0.0 0
1747648957557 inf 0
1747648957568 0.0 0
1747648957578 0.0 0
1747648957589 0.0 0
1747648957613 inf 0
1747648957629 0.0 0
1747648957672 0.0 0
1747648957695 0.0 0
1747648957706 inf 0
1747648957716 0.0 0
1747648957723 0.0 0
1747648957734 inf 0
1747648957748 inf 0
1747648957765 inf 0
1747648957782 0.0 0
1747648957793 inf 0
1747648957805 0.0 0
1747648957826 inf 0
1747648957836 0.0 0
1747648957845 inf 0
1747648957859 inf 0
1747648957883 0.0 0
1747648957893 inf 0
1747648957906 0.0 0
1747648957924 0.0 0
1747648957968 inf 0
1747648957985 inf 0
1747648958021 inf 0
1747648958042 0.0 0
1747648958055 0.0 0
1747648958073 0.0 0
1747648958086 0.0 0
1747648958104 inf 0
1747648958121 inf 0
1747648958138 0.0 0
1747648958176 0.0 0
1747648958188 0.0 0
1747648958209 inf 0
1747648958226 0.0 0
1747648958242 inf 0
1747648958253 0.0 0
1747648958277 inf 0
1747648958299 inf 0
1747648958331 inf 0
1747648958347 0.0 0
1747648958358 inf 0
1747648958368 0.0 0
1747648958385 0.0 0
1747648958408 inf 0
1747648958425 inf 0
1747648958472 inf 0
1747648958484 inf 0
1747648958512 inf 0
1747648958523 0.0 0
1747648958538 0.0 0
1747648958560 inf 0
1747648958575 inf 0
1747648958586 0.0 0
1747648958594 0.0 0
1747648958616 0.0 0
1747648958632 0.0 0
1747648958649 0.0 0
1747648958667 0.0 0
1747648958679 inf 0
1747648958695 inf 0
1747648958709 inf 0
1747648958746 0.0 0
1747648958768 0.0 0
1747648958788 0.0 0
1747648958801 0.0 0
1747648958814 inf 0
1747648958835 inf 0
1747648958850 inf 0
1747648958861 0.0 0
1747648958875 inf 0
1747648958912 0.0 0
1747648958927 inf 0
1747648958942 inf 0
1747648958953 0.0 0
1747648958964 inf 0
1747648958981 0.0 0
1747648959000 inf 0
1747648959011 inf 0
1747648959023 inf 0
1747648959034 0.0 0
1747648959045 0.0 0
1747648959062 0.0 0
1747648959091 0.0 0
1747648959156 0.0 0
1747648959209 0.0 0
1747648959222 0.0 0
1747648959235 inf 0
1747648959244 0.0 0
1747648959259 inf 0
1747648959280 0.0 0
1747648959304 inf 0
1747648959314 inf 0
1747648959327 0.0 0
1747648959336 inf 0
1747648959345 0.0 0
1747648959354 inf 0
1747648959365 0.0 0
1747648959402 inf 0
1747648959420 0.0 0
1747648959440 inf 0
1747648959451 0.0 0
1747648959470 0.0 0
1747648959480 inf 0
1747648959495 0.0 0
1747648959512 inf 0
1747648959528 0.0 0
1747648959552 inf 0
1747648959560 inf 0
1747648959573 inf 0
1747648959583 inf 0
1747648959620 inf 0
1747648959629 inf 0
1747648959651 0.0 0
1747648959661 0.0 0
1747648959678 inf 0
1747648959689 inf 0
1747648959724 inf 0
1747648959744 inf 0
1747648959755 inf 0
1747648959764 inf 0
1747648959773 0.0 0
1747648959787 0.0 0
1747648959814 inf 0
1747648959844 inf 0
1747648959862 inf 0
1747648959875 0.0 0
1747648959883 inf 0
1747648959918 0.0 0
1747648959930 inf 0
1747648959941 inf 0
1747648959958 0.0 0
1747648959969 inf 0
1747648959988 inf 0
1747648960001 0.0 0
1747648960036 0.0 0
1747648960047 0.0 0
1747648960062 0.0 0
1747648960088 inf 0
1747648960101 inf 0
1747648960119 inf 0
1747648960130 inf 0
1747648960162 inf 0
1747648960187 0.0 0
1747648960196 0.0 0
1747648960203 inf 0
1747648960212 0.0 0
1747648960227 inf 0
1747648960239 inf 0
1747648960251 0.0 0
1747648960280 inf 0
1747648960328 0.0 0
1747648960360 0.0 0
1747648960375 inf 0
1747648960401 inf 0
1747648960415 0.0 0
1747648960439 inf 0
1747648960457 inf 0
1747648960471 inf 0
1747648960485 inf 0
1747648960493 0.0 0
1747648960503 0.0 0
1747648960513 0.0 0
1747648960526 0.0 0
1747648960538 0.0 0
1747648960557 0.0 0
1747648960579 0.0 0
1747648960589 inf 0
1747648960625 inf 0
1747648960637 0.0 0
1747648960651 0.0 0
1747648960662 0.0 0
1747648960698 inf 0
1747648960742 0.0 0
1747648960765 inf 0
1747648960778 inf 0
1747648960797 inf 0
1747648960805 inf 0
1747648960816 inf 0
1747648960833 inf 0
1747648960850 0.0 0
1747648960865 inf 0
1747648960880 inf 0
1747648960892 0.0 0
1747648960909 inf 0
1747648960921 inf 0
1747648960955 inf 0
1747648960970 inf 0
1747648961001 inf 0
1747648961026 inf 0
1747648961044 0.0 0
1747648961054 0.0 0
1747648961069 inf 0
1747648961091 inf 0
1747648961103 inf 0
1747648961111 0.0 0
1747648961128 0.0 0
1747648961152 inf 0
1747648961173 0.0 0
1747648961215 inf 0
1747648961242 inf 0
1747648961265 inf 0
1747648961276 0.0 0
1747648961300 inf 0
1747648961312 inf 0
1747648961327 inf 0
1747648961339 0.0 0
1747648961361 0.0 0
1747648961380 0.0 0
1747648961391 inf 0
1747648961403 inf 0
1747648961413 0.0 0
1747648961425 inf 0
1747648961455 0.0 0
1747648961466 inf 0
1747648961477 inf 0
1747648961492 inf 0
1747648961502 inf 0
1747648961520 inf 0
1747648961537 0.0 0
1747648961549 0.0 0
1747648961587 0.0 0
1747648961598 inf 0
1747648961611 inf 0
1747648961619 inf 0
1747648961631 0.0 0
1747648961695 0.0 0
1747648961707 inf 0
1747648961719 0.0 0
1747648961745 0.0 0
1747648961766 inf 0
1747648961788 inf 0
1747648961798 inf 0
1747648961806 0.0 0
1747648961818 inf 0
1747648961833 inf 0
1747648961845 0.0 0
1747648961857 inf 0
1747648961880 inf 0
1747648961891 inf 0
1747648961903 0.0 0
1747648961925 0.0 0
1747648961936 0.0 0
1747648961959 0.0 0
1747648961971 0.0 0
1747648961991 0.0 0
1747648962007 inf 0
1747648962020 inf 0
1747648962049 0.0 0
1747648962071 inf 0
1747648962083 0.0 0
1747648962090 inf 0
1747648962106 inf 0
1747648962137 0.0 0
1747648962149 0.0 0
1747648962160 0.0 0
1747648962179 inf 0
1747648962208 inf 0
1747648962244 0.0 0
1747648962258 inf 0
1747648962275 0.0 0
1747648962293 inf 0
1747648962325 inf 0
1747648962339 inf 0
1747648962349 inf 0
1747648962373 inf 0
1747648962382 inf 0
1747648962405 inf 0
1747648962428 inf 0
1747648962441 0.0 0
1747648962452 inf 0
1747648962470 0.0 0
1747648962479 inf 0
1747648962505 inf 0
1747648962518 inf 0
1747648962541 0.0 0
1747648962569 inf 0
1747648962603 0.0 0
1747648962614 inf 0
1747648962622 0.0 0
1747648962637 0.0 0
1747648962667 inf 0
1747648962696 0.0 0
1747648962707 0.0 0
1747648962718 inf 0
1747648962730 0.0 0
1747648962741 inf 0
1747648962752 0.0 0
1747648962777 0.0 0
1747648962790 inf 0
1747648962829 0.0 0
1747648962861 0.0 0
1747648962873 0.0 0
1747648962890 inf 0
1747648962902 0.0 0
1747648962911 0.0 0
1747648962948 0.0 0
1747648962990 0.0 0
1747648963003 0.0 0
1747648963014 0.0 0
1747648963026 0.0 0
1747648963039 inf 0
1747648963060 inf 0
1747648963072 0.0 0
1747648963087 0.0 0
1747648963095 inf 0
1747648963106 0.0 0
1747648963119 0.0 0
1747648963128 0.0 0
1747648963157 inf 0
1747648963168 0.0 0
1747648963189 0.0 0
1747648963215 0.0 0
1747648963231 0.0 0
1747648963249 0.0 0
1747648963299 inf 0
1747648963317 0.0 0
1747648963328 0.0 0
1747648963347 0.0 0
1747648963364 inf 0
1747648963377 inf 0
1747648963413 0.0 0
1747648963436 inf 0
1747648963465 0.0 0
1747648963479 0.0 0
1747648963501 0.0 0
1747648963516 0.0 0
1747648963532 inf 0
1747648963547 0.0 0
1747648963558 inf 0
1747648963575 0.0 0
1747648963600 0.0 0
1747648963635 0.0 0
1747648963684 inf 0
1747648963713 inf 0
1747648963725 inf 0
1747648963736 0.0 0
1747648963748 0.0 0
1747648963764 inf 0
1747648963775 inf 0
1747648963789 inf 0
1747648963798 0.0 0
1747648963810 0.0 0
1747648963834 0.0 0
1747648963846 inf 0
1747648963862 inf 0
1747648963870 0.0 0
1747648963916 inf 0
1747648963932 0.0 0
1747648963950 inf 0
1747648963972 0.0 0
1747648963999 0.0 0
1747648964009 inf 0
1747648964057 0.0 0
1747648964096 inf 0
1747648964130 inf 0
1747648964144 inf 0
1747648964156 0.0 0
1747648964171 0.0 0
1747648964182 inf 0
1747648964202 0.0 0
1747648964215 0.0 0
1747648964242 0.0 0
1747648964268 0.0 0
1747648964281 0.0 0
1747648964292 0.0 0
1747648964326 0.0 0
1747648964338 0.0 0
1747648964348 inf 0
1747648964385 inf 0
1747648964394 inf 0
1747648964419 inf 0
1747648964432 inf 0
1747648964444 inf 0
1747648964464 0.0 0
1747648964484 0.0 0
1747648964511 0.0 0
1747648964523 inf 0
1747648964536 inf 0
1747648964550 0.0 0
1747648964568 inf 0
1747648964581 inf 0
1747648964614 0.0 0
1747648964628 inf 0
1747648964646 inf 0
1747648964671 0.0 0
1747648964703 0.0 0
1747648964715 inf 0
1747648964726 inf 0
1747648964751 0.0 0
1747648964774 inf 0
1747648964785 inf 0
1747648964797 inf 0
1747648964812 inf 0
1747648964833 inf 0
1747648964867 0.0 0
1747648964899 0.0 0
1747648964911 inf 0
1747648964923 inf 0
1747648964939 0.0 0
1747648964956 inf 0
1747648964980 0.0 0
1747648964995 0.0 0
1747648965008 0.0 0
1747648965019 inf 0
1747648965030 0.0 0
1747648965062 0.0 0
1747648965089 inf 0
1747648965113 0.0 0
1747648965152 0.0 0
1747648965169 0.0 0
1747648965179 inf 0
1747648965196 0.0 0
1747648965206 inf 0
1747648965233 inf 0
1747648965271 0.0 0
1747648965288 0.0 0
1747648965299 0.0 0
1747648965316 0.0 0
1747648965349 inf 0
1747648965364 inf 0
1747648965386 0.0 0
1747648965400 0.0 0
1747648965411 inf 0
1747648965434 0.0 0
1747648965468 inf 0
1747648965479 0.0 0
1747648965508 0.0 0
1747648965535 inf 0
1747648965552 inf 0
1747648965564 inf 0
1747648965582 0.0 0
1747648965596 0.0 0
1747648965611 inf 0
1747648965622 0.0 0
1747648965657 0.0 0
1747648965698 inf 0
1747648965723 0.0 0
1747648965740 inf 0
1747648965751 inf 0
1747648965766 0.0 0
1747648965777 0.0 0
1747648965788 0.0 0
1747648965814 0.0 0
1747648965834 0.0 0
1747648965846 inf 0
1747648965855 inf 0
1747648965891 inf 0
1747648965909 0.0 0
1747648965924 inf 0
1747648965952 0.0 0
1747648965993 inf 0
1747648966006 inf 0
1747648966026 0.0 0
1747648966055 inf 0
1747648966069 0.0 0
1747648966082 inf 0
1747648966110 0.0 0
1747648966125 inf 0
1747648966147 inf 0
1747648966161 0.0 0
1747648966173 0.0 0
1747648966211 0.0 0
1747648966223 inf 0
1747648966233 0.0 0
1747648966242 0.0 0
1747648966258 0.0 0
1747648966295 inf 0
1747648966319 0.0 0
1747648966330 0.0 0
1747648966339 0.0 0
1747648966351 inf 0
1747648966373 inf 0
1747648966385 inf 0
1747648966442 0.0 0
1747648966455 inf 0
1747648966473 0.0 0
1747648966556 inf 0
1747648966569 0.0 0
1747648966579 inf 0
1747648966588 0.0 0
1747648966599 inf 0
1747648966611 inf 0
1747648966634 inf 0
1747648966643 0.0 0
1747648966658 0.0 0
1747648966667 0.0 0
1747648966711 inf 0
1747648966730 0.0 0
1747648966781 0.0 0
1747648966793 inf 0
1747648966805 0.0 0
1747648966816 0.0 0
1747648966828 inf 0
1747648966862 inf 0
1747648966887 0.0 0
1747648966937 inf 0
1747648966961 inf 0
1747648966981 inf 0
1747648966993 inf 0
1747648967004 inf 0
1747648967011 0.0 0
1747648967040 inf 0
1747648967051 0.0 0
1747648967060 0.0 0
1747648967077 inf 0
1747648967093 0.0 0
1747648967110 inf 0
1747648967123 inf 0
1747648967151 0.0 0
1747648967163 0.0 0
1747648967171 0.0 0
1747648967182 0.0 0
1747648967194 inf 0
1747648967204 inf 0
1747648967216 inf 0
1747648967243 0.0 0
1747648967262 0.0 0
1747648967277 0.0 0
1747648967290 0.0 0
1747648967302 inf 0
1747648967321 inf 0
1747648967337 inf 0
1747648967348 0.0 0
1747648967362 0.0 0
1747648967373 inf 0
1747648967391 0.0 0
1747648967404 inf 0
1747648967414 0.0 0
1747648967426 inf 0
1747648967442 0.0 0
1747648967470 0.0 0
1747648967493 0.0 0
1747648967512 0.0 0
1747648967566 0.0 0
1747648967599 inf 0
1747648967611 inf 0
1747648967643 inf 0
1747648967669 0.0 0
1747648967690 0.0 0
1747648967702 inf 0
1747648967715 0.0 0
1747648967727 inf 0
1747648967738 inf 0
1747648967755 inf 0
1747648967762 0.0 0
1747648967776 inf 0
1747648967787 0.0 0
1747648967798 inf 0
1747648967814 0.0 0
1747648967823 inf 0
1747648967838 inf 0
1747648967846 0.0 0
1747648967863 inf 0
1747648967870 0.0 0
1747648967900 inf 0
1747648967913 inf 0
1747648967955 inf 0
1747648967962 inf 0
1747648967973 inf 0
1747648967988 inf 0
1747648968007 inf 0
1747648968019 inf 0
1747648968033 inf 0
1747648968060 inf 0
1747648968091 inf 0
1747648968145 0.0 0
1747648968159 inf 0
1747648968172 inf 0
1747648968200 inf 0
1747648968221 0.0 0
1747648968251 0.0 0
1747648968261 0.0 0
1747648968273 inf 0
1747648968292 inf 0
1747648968322 0.0 0
1747648968342 inf 0
1747648968355 inf 0
1747648968365 0.0 0
1747648968377 inf 0
1747648968389 0.0 0
1747648968455 inf 0
1747648968466 0.0 0
1747648968489 inf 0
1747648968510 0.0 0
1747648968519 inf 0
1747648968545 0.0 0
1747648968561 inf 0
1747648968577 inf 0
1747648968609 0.0 0
1747648968627 0.0 0
1747648968638 inf 0
1747648968646 0.0 0
1747648968656 0.0 0
1747648968668 0.0 0
1747648968685 inf 0
1747648968728 0.0 0
1747648968750 0.0 0
1747648968773 inf 0
1747648968782 inf 0
1747648968798 0.0 0
1747648968821 0.0 0
1747648968834 inf 0
1747648968875 0.0 0
1747648968918 inf 0
1747648968947 0.0 0
1747648968966 0.0 0
1747648968980 inf 0
1747648968994 inf 0
1747648969012 inf 0
1747648969027 0.0 0
1747648969037 inf 0
1747648969050 inf 0
1747648969068 0.0 0
1747648969083 inf 0
1747648969101 0.0 0
1747648969113 0.0 0
1747648969140 inf 0
1747648969152 inf 0
1747648969165 0.0 0
1747648969201 0.0 0
1747648969210 inf 0
1747648969241 0.0 0
1747648969296 inf 0
1747648969311 0.0 0
1747648969330 0.0 0
1747648969361 0.0 0
1747648969375 inf 0
1747648969407 inf 0
1747648969419 inf 0
1747648969432 0.0 0
1747648969439 0.0 0
1747648969451 inf 0
1747648969479 0.0 0
1747648969489 0.0 0
1747648969522 inf 0
1747648969535 0.0 0
1747648969547 0.0 0
1747648969566 0.0 0
1747648969581 inf 0
1747648969614 0.0 0
1747648969637 inf 0
1747648969645 inf 0
1747648969656 0.0 0
1747648969673 0.0 0
1747648969683 0.0 0
1747648969691 0.0 0
1747648969718 0.0 0
1747648969733 inf 0
1747648969745 0.0 0
1747648969768 0.0 0
1747648969794 inf 0
1747648969844 0.0 0
1747648969867 0.0 0
1747648969884 0.0 0
1747648969896 0.0 0
1747648969904 inf 0
1747648969915 inf 0
1747648969931 0.0 0
1747648969941 inf 0
1747648969952 0.0 0
1747648969964 0.0 0
1747648970003 0.0 0
1747648970018 inf 0
1747648970047 0.0 0
1747648970071 0.0 0
1747648970087 0.0 0
1747648970098 0.0 0
1747648970107 inf 0
1747648970116 inf 0
1747648970133 0.0 0
1747648970147 0.0 0
1747648970191 inf 0
1747648970208 0.0 0
1747648970241 inf 0
1747648970258 inf 0
1747648970269 0.0 0
1747648970314 0.0 0
1747648970330 inf 0
1747648970373 0.0 0
1747648970412 inf 0
1747648970456 inf 0
1747648970476 inf 0
1747648970494 inf 0
1747648970520 0.0 0
1747648970546 0.0 0
1747648970559 inf 0
1747648970609 0.0 0
1747648970628 inf 0
1747648970666 inf 0
1747648970698 0.0 0
1747648970718 inf 0
1747648970750 0.0 0
1747648970761 0.0 0
1747648970793 inf 0
1747648970807 0.0 0
1747648970864 0.0 0
1747648970877 inf 0
1747648970902 0.0 0
1747648970922 inf 0
1747648970929 inf 0
1747648970941 0.0 0
1747648970956 inf 0
1747648970968 inf 0
1747648971007 0.0 0
1747648971028 0.0 0
1747648971039 0.0 0
1747648972133 0.0 0
1747648972163 0.0 0
1747648972172 0.0 0
1747648972205 inf 0
1747648972220 inf 0
1747648972246 0.0 0
1747648972265 inf 0
1747648972310 0.0 0
1747648972322 inf 0
1747648972362 0.0 0
1747648972375 0.0 0
1747648972384 inf 0
1747648972412 inf 0
1747648972429 inf 0
1747648972440 0.0 0
1747648972483 0.0 0
1747648972506 inf 0
1747648972526 inf 0
1747648972552 inf 0
1747648972564 inf 0
1747648972598 inf 0
1747648972611 0.0 0
1747648972622 inf 0
1747648972650 0.0 0
1747648972664 inf 0
1747648972690 inf 0
1747648972701 0.0 0
1747648972727 inf 0
1747648972752 inf 0
1747648972764 inf 0
1747648972822 inf 0
1747648972836 0.0 0
1747648972861 0.0 0
1747648972878 0.0 0
1747648972889 0.0 0
1747648972972 0.0 0
1747648973009 inf 0
1747648973025 0.0 0
1747648973061 0.0 0
1747648973075 0.0 0
1747648973140 0.0 0
1747648973160 inf 0
1747648973186 0.0 0
1747648973212 0.0 0
1747648973298 inf 0
1747648973338 0.0 0
1747648973357 inf 0
1747648973419 0.0 0
1747648973454 inf 0
1747648973496 0.0 0
1747648973514 inf 0
1747648973527 0.0 0
1747648973542 inf 0
1747648973601 inf 0
1747648973684 0.0 0
1747648973699 inf 0
1747648973720 inf 0
1747648973737 0.0 0
1747648973779 inf 0
1747648973830 0.0 0
1747648973877 inf 0
1747648973910 0.0 0
1747648973929 0.0 0
1747648973964 0.0 0
1747648974012 inf 0
1747648974030 0.0 0
1747648974070 0.0 0
1747648974083 0.0 0
1747648974099 0.0 0
1747648974110 inf 0
1747648974139 0.0 0
1747648974150 inf 0
1747648974211 0.0 0
1747648974230 inf 0
1747648974246 0.0 0
1747648974262 0.0 0
1747648974275 inf 0
1747648974283 0.0 0
1747648974301 inf 0
1747648974321 inf 0
1747648974348 0.0 0
1747648974359 0.0 0
1747648974399 inf 0
1747648974488 inf 0
1747648974503 inf 0
1747648974570 0.0 0
1747648974581 0.0 0
1747648974608 inf 0
1747648974616 0.0 0
1747648974651 inf 0
1747648974669 0.0 0
1747648974678 inf 0
1747648974688 inf 0
1747648974712 0.0 0
1747648974727 0.0 0
1747648974744 inf 0
1747648974762 inf 0
1747648974779 0.0 0
1747648974808 inf 0
1747648974865 0.0 0
1747648974893 inf 0
1747648974908 0.0 0
1747648974919 inf 0
1747648974949 inf 0
1747648974974 0.0 0
1747648974990 0.0 0
1747648975044 0.0 0
1747648975073 0.0 0
1747648975112 0.0 0
1747648975161 inf 0
1747648975179 0.0 0
1747648975215 inf 0
1747648975230 inf 0
1747648975272 0.0 0
1747648975305 0.0 0
1747648975320 inf 0
1747648975340 inf 0
1747648975360 inf 0
1747648975384 inf 0
1747648975408 inf 0
1747648975426 0.0 0
1747648975489 0.0 0
1747648975499 0.0 0
1747648975528 inf 0
1747648975569 inf 0
1747648975581 0.0 0
1747648975609 inf 0
1747648975647 inf 0
1747648975663 inf 0
1747648975700 0.0 0
1747648975711 inf 0
1747648975723 inf 0
1747648975732 inf 0
1747648975744 inf 0
1747648975768 0.0 0
1747648975801 inf 0
1747648975819 inf 0
1747648975868 inf 0
1747648975876 0.0 0
1747648975883 inf 0
1747648975900 inf 0
1747648975928 0.0 0
1747648975940 0.0 0
1747648975958 inf 0
1747648975981 inf 0
1747648976021 inf 0
1747648976056 inf 0
1747648976076 0.0 0
1747648976097 inf 0
1747648976125 0.0 0
1747648976134 inf 0
1747648976173 0.0 0
1747648976195 0.0 0
1747648976226 inf 0
1747648976265 inf 0
1747648976296 0.0 0
1747648976327 0.0 0
1747648976359 0.0 0
1747648976393 0.0 0
1747648976417 0.0 0
1747648976449 inf 0
1747648976525 inf 0
1747648976543 0.0 0
1747648976582 0.0 0
1747648976625 inf 0
1747648976684 inf 0
1747648976692 0.0 0
1747648976717 0.0 0
1747648976727 0.0 0
1747648976759 inf 0
1747648976777 0.0 0
1747648976784 0.0 0
1747648976796 inf 0
1747648976824 inf 0
1747648976834 0.0 0
1747648976846 0.0 0
1747648976864 0.0 0
1747648976877 0.0 0
1747648976895 inf 0
1747648976907 inf 0
1747648976922 0.0 0
1747648976950 inf 0
1747648976966 inf 0
1747648976980 inf 0
1747648977004 0.0 0
1747648977016 inf 0
1747648977025 inf 0
1747648977045 inf 0
1747648977069 inf 0
1747648977091 0.0 0
1747648977107 0.0 0
1747648977141 0.0 0
1747648977154 inf 0
1747648977167 0.0 0
1747648977210 0.0 0
1747648977222 inf 0
1747648977242 inf 0
1747648977295 0.0 0
1747648977334 0.0 0
1747648977363 0.0 0
1747648977373 0.0 0
1747648977385 inf 0
1747648977400 inf 0
1747648977413 0.0 0
1747648977425 0.0 0
1747648977451 inf 0
1747648977466 inf 0
1747648977500 0.0 0
1747648977543 inf 0
1747648977556 0.0 0
1747648977564 0.0 0
1747648977619 inf 0
1747648977655 inf 0
1747648977668 0.0 0
1747648977684 0.0 0
1747648977712 inf 0
1747648977739 0.0 0
1747648977750 0.0 0
1747648977760 inf 0
1747648977779 0.0 0
1747648977792 inf 0
1747648977803 0.0 0
1747648977812 inf 0
1747648977829 0.0 0
1747648977847 inf 0
1747648977865 0.0 0
1747648977934 inf 0
1747648977954 inf 0
1747648978061 0.0 0
1747648978086 inf 0
1747648978105 inf 0
1747648978118 inf 0
1747648978139 inf 0
1747648978178 inf 0
1747648978195 inf 0
1747648978203 0.0 0
1747648978212 0.0 0
1747648978224 0.0 0
1747648978255 inf 0
1747648978273 0.0 0
1747648978321 inf 0
1747648978341 0.0 0
1747648978405 0.0 0
1747648978417 inf 0
1747648978454 0.0 0
1747648978465 inf 0
1747648978483 0.0 0
