1747648925340 -0.08537034784841376 0
1747648925350 nan 0
1747648925362 nan 0
1747648925391 nan 0
1747648925399 nan 0
1747648925419 nan 0
1747648925432 nan 0
1747648925451 nan 0
1747648925460 nan 0
1747648925474 nan 0
1747648925491 nan 0
1747648925498 nan 0
1747648925510 nan 0
1747648925527 nan 0
1747648925540 nan 0
1747648925554 nan 0
1747648925586 nan 0
1747648925616 nan 0
1747648925657 nan 0
1747648925670 nan 0
1747648925683 nan 0
1747648925697 nan 0
1747648925714 nan 0
1747648925729 nan 0
1747648925749 nan 0
1747648925762 nan 0
1747648925773 nan 0
1747648925786 nan 0
1747648925808 nan 0
1747648925823 nan 0
1747648925837 nan 0
1747648925851 nan 0
1747648925864 nan 0
1747648925874 nan 0
1747648925887 nan 0
1747648925898 nan 0
1747648925912 nan 0
1747648925926 nan 0
1747648925938 nan 0
1747648925949 nan 0
1747648925961 nan 0
1747648925972 nan 0
1747648925995 nan 0
1747648926005 nan 0
1747648926014 nan 0
1747648926026 nan 0
1747648926038 nan 0
1747648926061 nan 0
1747648926072 nan 0
1747648926084 nan 0
1747648926095 nan 0
1747648926118 nan 0
1747648926129 nan 0
1747648926144 nan 0
1747648926155 nan 0
1747648926168 nan 0
1747648926182 nan 0
1747648926198 nan 0
1747648926214 nan 0
1747648926226 nan 0
1747648926235 nan 0
1747648926248 nan 0
1747648926259 nan 0
1747648926266 nan 0
1747648926275 nan 0
1747648926283 nan 0
1747648926294 nan 0
1747648926305 nan 0
1747648926326 nan 0
1747648926337 nan 0
1747648926348 nan 0
1747648926359 nan 0
1747648926379 nan 0
1747648926401 nan 0
1747648926414 nan 0
1747648926424 nan 0
1747648926437 nan 0
1747648926457 nan 0
1747648926476 nan 0
1747648926487 nan 0
1747648926503 nan 0
1747648926538 nan 0
1747648926551 nan 0
1747648926565 nan 0
1747648926579 nan 0
1747648926593 nan 0
1747648926624 nan 0
1747648926637 nan 0
1747648926659 nan 0
1747648926673 nan 0
1747648926686 nan 0
1747648926698 nan 0
1747648926712 nan 0
1747648926725 nan 0
1747648926738 nan 0
1747648926751 nan 0
1747648926766 nan 0
1747648926776 nan 0
1747648926789 nan 0
1747648926799 nan 0
1747648926810 nan 0
1747648926824 nan 0
1747648926833 nan 0
1747648926843 nan 0
1747648926858 nan 0
1747648926873 nan 0
1747648926904 nan 0
1747648926919 nan 0
1747648926935 nan 0
1747648926949 nan 0
1747648926967 nan 0
1747648926990 nan 0
1747648927002 nan 0
1747648927017 nan 0
1747648927028 nan 0
1747648927042 nan 0
1747648927057 nan 0
1747648927077 nan 0
1747648927097 nan 0
1747648927109 nan 0
1747648927125 nan 0
1747648927136 nan 0
1747648927147 nan 0
1747648927159 nan 0
1747648927171 nan 0
1747648927179 nan 0
1747648927191 nan 0
1747648927203 nan 0
1747648927214 nan 0
1747648927225 nan 0
1747648927246 nan 0
1747648927257 nan 0
1747648927266 nan 0
1747648927277 nan 0
1747648927293 nan 0
1747648927304 nan 0
1747648927315 nan 0
1747648927340 nan 0
1747648927350 nan 0
1747648927361 nan 0
1747648927377 nan 0
1747648927388 nan 0
1747648927404 nan 0
1747648927415 nan 0
1747648927427 nan 0
1747648927438 nan 0
1747648927454 nan 0
1747648927463 nan 0
1747648927493 nan 0
1747648927504 nan 0
1747648927515 nan 0
1747648927526 nan 0
1747648927537 nan 0
1747648927570 nan 0
1747648927585 nan 0
1747648927597 nan 0
1747648927608 nan 0
1747648927619 nan 0
1747648927630 nan 0
1747648927642 nan 0
1747648927653 nan 0
1747648927675 nan 0
1747648927691 nan 0
1747648927704 nan 0
1747648927724 nan 0
1747648927736 nan 0
1747648927748 nan 0
1747648927760 nan 0
1747648927772 nan 0
1747648927783 nan 0
1747648927798 nan 0
1747648927807 nan 0
1747648927824 nan 0
1747648927842 nan 0
1747648927849 nan 0
1747648927860 nan 0
1747648927891 nan 0
1747648927915 nan 0
1747648927947 nan 0
1747648927965 nan 0
1747648928001 nan 0
1747648928020 nan 0
1747648928037 nan 0
1747648928047 nan 0
1747648928058 nan 0
1747648928070 nan 0
1747648928081 nan 0
1747648928094 nan 0
1747648928112 nan 0
1747648928139 nan 0
1747648928152 nan 0
1747648928164 nan 0
1747648928181 nan 0
1747648928192 nan 0
1747648928214 nan 0
1747648928225 nan 0
1747648928236 nan 0
1747648928247 nan 0
1747648928264 nan 0
1747648928274 nan 0
1747648928285 nan 0
1747648928303 nan 0
1747648928342 nan 0
1747648928363 nan 0
1747648928375 nan 0
1747648928386 nan 0
1747648928398 nan 0
1747648928415 nan 0
1747648928428 nan 0
1747648928439 nan 0
1747648928451 nan 0
1747648928463 nan 0
1747648928479 nan 0
1747648928490 nan 0
1747648928514 nan 0
1747648928526 nan 0
1747648928536 nan 0
1747648928551 nan 0
1747648928562 nan 0
1747648928577 nan 0
1747648928588 nan 0
1747648928599 nan 0
1747648928610 nan 0
1747648928620 nan 0
1747648928632 nan 0
1747648928651 nan 0
1747648928665 nan 0
1747648928677 nan 0
1747648928688 nan 0
1747648928699 nan 0
1747648928710 nan 0
1747648928727 nan 0
1747648928739 nan 0
1747648928750 nan 0
1747648928761 nan 0
1747648928770 nan 0
1747648928786 nan 0
1747648928800 nan 0
1747648928811 nan 0
1747648928822 nan 0
1747648928830 nan 0
1747648928839 nan 0
1747648928850 nan 0
1747648928861 nan 0
1747648928872 nan 0
1747648928888 nan 0
1747648928905 nan 0
1747648928919 nan 0
1747648928932 nan 0
1747648928944 nan 0
1747648928956 nan 0
1747648928967 nan 0
1747648928979 nan 0
1747648928995 nan 0
1747648929007 nan 0
1747648929029 nan 0
1747648929040 nan 0
1747648929055 nan 0
1747648929067 nan 0
1747648929078 nan 0
1747648929092 nan 0
1747648929104 nan 0
1747648929117 nan 0
1747648929129 nan 0
1747648929141 nan 0
1747648929171 nan 0
1747648929182 nan 0
1747648929215 nan 0
1747648929227 nan 0
1747648929239 nan 0
1747648929250 nan 0
1747648929265 nan 0
1747648929273 nan 0
1747648929281 nan 0
1747648929298 nan 0
1747648929309 nan 0
1747648929325 nan 0
1747648929344 nan 0
1747648929355 nan 0
1747648929366 nan 0
1747648929377 nan 0
1747648929415 nan 0
1747648929423 nan 0
1747648929432 nan 0
1747648929442 nan 0
1747648929468 nan 0
1747648929485 nan 0
1747648929500 nan 0
1747648929511 nan 0
1747648929529 nan 0
1747648929541 nan 0
1747648929553 nan 0
1747648929569 nan 0
1747648929581 nan 0
1747648929592 nan 0
1747648929603 nan 0
1747648929619 nan 0
1747648929631 nan 0
1747648929644 nan 0
1747648929654 nan 0
1747648929665 nan 0
1747648929677 nan 0
1747648929688 nan 0
1747648929697 nan 0
1747648929713 nan 0
1747648929732 nan 0
1747648929744 nan 0
1747648929755 nan 0
1747648929766 nan 0
1747648929777 nan 0
1747648929788 nan 0
1747648929805 nan 0
1747648929814 nan 0
1747648929830 nan 0
1747648929840 nan 0
1747648929851 nan 0
1747648929866 nan 0
1747648929878 nan 0
1747648929899 nan 0
1747648929910 nan 0
1747648929935 nan 0
1747648929947 nan 0
1747648929959 nan 0
1747648929971 nan 0
1747648929986 nan 0
1747648929997 nan 0
1747648930008 nan 0
1747648930018 nan 0
1747648930043 nan 0
1747648930075 nan 0
1747648930086 nan 0
1747648930096 nan 0
1747648930107 nan 0
1747648930123 nan 0
1747648930135 nan 0
1747648930147 nan 0
1747648930185 nan 0
1747648930200 nan 0
1747648930211 nan 0
1747648930221 nan 0
1747648930236 nan 0
1747648930253 nan 0
1747648930265 nan 0
1747648930276 nan 0
1747648930288 nan 0
1747648930296 nan 0
1747648930307 nan 0
1747648930319 nan 0
1747648930328 nan 0
1747648930341 nan 0
1747648930353 nan 0
1747648930364 nan 0
1747648930377 nan 0
1747648930388 nan 0
1747648930399 nan 0
1747648930406 nan 0
1747648930425 nan 0
1747648930434 nan 0
1747648930445 nan 0
1747648930456 nan 0
1747648930467 nan 0
1747648930479 nan 0
1747648930493 nan 0
1747648930501 nan 0
1747648930516 nan 0
1747648930524 nan 0
1747648930533 nan 0
1747648930551 nan 0
1747648930575 nan 0
1747648930587 nan 0
1747648930610 nan 0
1747648930622 nan 0
1747648930632 nan 0
1747648930641 nan 0
1747648930659 nan 0
1747648930671 nan 0
1747648930680 nan 0
1747648930692 nan 0
1747648930703 nan 0
1747648930714 nan 0
1747648930724 nan 0
1747648930735 nan 0
1747648930743 nan 0
1747648930761 nan 0
1747648930778 nan 0
1747648930788 nan 0
1747648930803 nan 0
1747648930819 nan 0
1747648930832 nan 0
1747648930852 nan 0
1747648930864 nan 0
1747648930871 nan 0
1747648930891 nan 0
1747648930902 nan 0
1747648930913 nan 0
1747648930940 nan 0
1747648930956 nan 0
1747648930964 nan 0
1747648930977 nan 0
1747648930995 nan 0
1747648931009 nan 0
1747648931028 nan 0
1747648931039 nan 0
1747648931050 nan 0
1747648931061 nan 0
1747648931075 nan 0
1747648931098 nan 0
1747648931108 nan 0
1747648931120 nan 0
1747648931131 nan 0
1747648931138 nan 0
1747648931150 nan 0
1747648931160 nan 0
1747648931173 nan 0
1747648931189 nan 0
1747648931200 nan 0
1747648931211 nan 0
1747648931220 nan 0
1747648931232 nan 0
1747648931246 nan 0
1747648931254 nan 0
1747648931266 nan 0
1747648931277 nan 0
1747648931288 nan 0
1747648931298 nan 0
1747648931324 nan 0
1747648931335 nan 0
1747648931355 nan 0
1747648931367 nan 0
1747648931379 nan 0
1747648931391 nan 0
1747648931402 nan 0
1747648931409 nan 0
1747648931421 nan 0
1747648931433 nan 0
1747648931445 nan 0
1747648931456 nan 0
1747648931467 nan 0
1747648931476 nan 0
1747648931487 nan 0
1747648931497 nan 0
1747648931506 nan 0
1747648931516 nan 0
1747648931526 nan 0
1747648931537 nan 0
1747648931547 nan 0
1747648931556 nan 0
1747648931566 nan 0
1747648931574 nan 0
1747648931587 nan 0
1747648931599 nan 0
1747648931610 nan 0
1747648931622 nan 0
1747648931629 nan 0
1747648931641 nan 0
1747648931654 nan 0
1747648931665 nan 0
1747648931680 nan 0
1747648931691 nan 0
1747648931705 nan 0
1747648931715 nan 0
1747648931731 nan 0
1747648931742 nan 0
1747648931753 nan 0
1747648931764 nan 0
1747648931775 nan 0
1747648931788 nan 0
1747648931800 nan 0
1747648931816 nan 0
1747648931825 nan 0
1747648931834 nan 0
1747648931845 nan 0
1747648931853 nan 0
1747648931869 nan 0
1747648931880 nan 0
1747648931896 nan 0
1747648931920 nan 0
1747648931935 nan 0
1747648931951 nan 0
1747648931963 nan 0
1747648931979 nan 0
1747648931992 nan 0
1747648932009 nan 0
1747648932018 nan 0
1747648932026 nan 0
1747648932037 nan 0
1747648932049 nan 0
1747648932056 nan 0
1747648932070 nan 0
1747648932085 nan 0
1747648932096 nan 0
1747648932107 nan 0
1747648932119 nan 0
1747648932130 nan 0
1747648932141 nan 0
1747648932153 nan 0
1747648932171 nan 0
1747648932182 nan 0
1747648932194 nan 0
1747648932206 nan 0
1747648932217 nan 0
1747648932225 nan 0
1747648932242 nan 0
1747648932254 nan 0
1747648932263 nan 0
1747648932274 nan 0
1747648932286 nan 0
1747648932298 nan 0
1747648932305 nan 0
1747648932314 nan 0
1747648932325 nan 0
1747648932333 nan 0
1747648932343 nan 0
1747648932358 nan 0
1747648932374 nan 0
1747648932386 nan 0
1747648932404 nan 0
1747648932422 nan 0
1747648932440 nan 0
1747648932450 nan 0
1747648932460 nan 0
1747648932481 nan 0
1747648932491 nan 0
1747648932509 nan 0
1747648932522 nan 0
1747648932534 nan 0
1747648932545 nan 0
1747648932561 nan 0
1747648932573 nan 0
1747648932584 nan 0
1747648932593 nan 0
1747648932605 nan 0
1747648932617 nan 0
1747648932634 nan 0
1747648932648 nan 0
1747648932658 nan 0
1747648932675 nan 0
1747648932686 nan 0
1747648932705 nan 0
1747648932720 nan 0
1747648932737 nan 0
1747648932751 nan 0
1747648932758 nan 0
1747648932771 nan 0
1747648932783 nan 0
1747648932797 nan 0
1747648932809 nan 0
1747648932822 nan 0
1747648932834 nan 0
1747648932851 nan 0
1747648932863 nan 0
1747648932880 nan 0
1747648932892 nan 0
1747648932906 nan 0
1747648932917 nan 0
1747648932929 nan 0
1747648932941 nan 0
1747648932954 nan 0
1747648932967 nan 0
1747648932979 nan 0
1747648932990 nan 0
1747648933010 nan 0
1747648933027 nan 0
1747648933053 nan 0
1747648933066 nan 0
1747648933084 nan 0
1747648933096 nan 0
1747648933115 nan 0
1747648933134 nan 0
1747648933147 nan 0
1747648933159 nan 0
1747648933176 nan 0
1747648933190 nan 0
1747648933202 nan 0
1747648933219 nan 0
1747648933233 nan 0
1747648933245 nan 0
1747648933255 nan 0
1747648933267 nan 0
1747648933274 nan 0
1747648933290 nan 0
1747648933302 nan 0
1747648933316 nan 0
1747648933331 nan 0
1747648933347 nan 0
1747648933359 nan 0
1747648933370 nan 0
1747648933379 nan 0
1747648933390 nan 0
1747648933406 nan 0
1747648933415 nan 0
1747648933434 nan 0
1747648933446 nan 0
1747648933458 nan 0
1747648933469 nan 0
1747648933481 nan 0
1747648933489 nan 0
1747648933498 nan 0
1747648933510 nan 0
1747648933521 nan 0
1747648933533 nan 0
1747648933564 nan 0
1747648933574 nan 0
1747648933607 nan 0
1747648933634 nan 0
1747648933651 nan 0
1747648933668 nan 0
1747648933679 nan 0
1747648933691 nan 0
1747648933702 nan 0
1747648933713 nan 0
1747648933725 nan 0
1747648933737 nan 0
1747648933754 nan 0
1747648933765 nan 0
1747648933783 nan 0
1747648933795 nan 0
1747648933806 nan 0
1747648933813 nan 0
1747648933825 nan 0
1747648933841 nan 0
1747648933860 nan 0
1747648933880 nan 0
1747648933896 nan 0
1747648933913 nan 0
1747648933925 nan 0
1747648933948 nan 0
1747648933962 nan 0
1747648933973 nan 0
1747648933983 nan 0
1747648934000 nan 0
1747648934013 nan 0
1747648934025 nan 0
1747648934037 nan 0
1747648934061 nan 0
1747648934072 nan 0
1747648934083 nan 0
1747648934097 nan 0
1747648934106 nan 0
1747648934113 nan 0
1747648934126 nan 0
1747648934144 nan 0
1747648934155 nan 0
1747648934165 nan 0
1747648934176 nan 0
1747648934188 nan 0
1747648934199 nan 0
1747648934209 nan 0
1747648934221 nan 0
1747648934229 nan 0
1747648934242 nan 0
1747648934256 nan 0
1747648934267 nan 0
1747648934295 nan 0
1747648934306 nan 0
1747648934317 nan 0
1747648934326 nan 0
1747648934341 nan 0
1747648934349 nan 0
1747648934357 nan 0
1747648934368 nan 0
1747648934379 nan 0
1747648934390 nan 0
1747648934401 nan 0
1747648934412 nan 0
1747648934426 nan 0
1747648934444 nan 0
1747648934455 nan 0
1747648934472 nan 0
1747648934480 nan 0
1747648934495 nan 0
1747648934509 nan 0
1747648934520 nan 0
1747648934532 nan 0
1747648934543 nan 0
1747648934550 nan 0
1747648934562 nan 0
1747648934586 nan 0
1747648934601 nan 0
1747648934611 nan 0
1747648934623 nan 0
1747648934645 nan 0
1747648934663 nan 0
1747648934680 nan 0
1747648934691 nan 0
1747648934708 nan 0
1747648934719 nan 0
1747648934730 nan 0
1747648934742 nan 0
1747648934753 nan 0
1747648934777 nan 0
1747648934802 nan 0
1747648934818 nan 0
1747648934829 nan 0
1747648934840 nan 0
1747648934850 nan 0
1747648934862 nan 0
1747648934874 nan 0
1747648934884 nan 0
1747648934899 nan 0
1747648934908 nan 0
1747648934919 nan 0
1747648934934 nan 0
1747648934946 nan 0
1747648934954 nan 0
1747648934965 nan 0
1747648934992 nan 0
1747648935003 nan 0
1747648935017 nan 0
1747648935028 nan 0
1747648935040 nan 0
1747648935051 nan 0
1747648935059 nan 0
1747648935071 nan 0
1747648935096 nan 0
1747648935112 nan 0
1747648935121 nan 0
1747648935135 nan 0
1747648935147 nan 0
1747648935160 nan 0
1747648935168 nan 0
1747648935176 nan 0
1747648935189 nan 0
1747648935202 nan 0
1747648935213 nan 0
1747648935223 nan 0
1747648935234 nan 0
1747648935250 nan 0
1747648935262 nan 0
1747648935272 nan 0
1747648935286 nan 0
1747648935295 nan 0
1747648935308 nan 0
1747648935316 nan 0
1747648935341 nan 0
1747648935352 nan 0
1747648935366 nan 0
1747648935377 nan 0
1747648935394 nan 0
1747648935405 nan 0
1747648935414 nan 0
1747648935423 nan 0
1747648935431 nan 0
1747648935451 nan 0
1747648935467 nan 0
1747648935479 nan 0
1747648935497 nan 0
1747648935514 nan 0
1747648935525 nan 0
1747648935536 nan 0
1747648935547 nan 0
1747648935560 nan 0
1747648935569 nan 0
1747648935580 nan 0
1747648935592 nan 0
1747648935601 nan 0
1747648935613 nan 0
1747648935624 nan 0
1747648935635 nan 0
1747648935651 nan 0
1747648935663 nan 0
1747648935674 nan 0
1747648935686 nan 0
1747648935705 nan 0
1747648935719 nan 0
1747648935730 nan 0
1747648935738 nan 0
1747648935747 nan 0
1747648935757 nan 0
1747648935768 nan 0
1747648935782 nan 0
1747648935793 nan 0
1747648935800 nan 0
1747648935817 nan 0
1747648935828 nan 0
1747648935840 nan 0
1747648935847 nan 0
1747648935864 nan 0
1747648935881 nan 0
1747648935895 nan 0
1747648935906 nan 0
1747648935918 nan 0
1747648935930 nan 0
1747648935942 nan 0
1747648935954 nan 0
1747648935962 nan 0
1747648935973 nan 0
1747648935982 nan 0
1747648935994 nan 0
1747648936001 nan 0
1747648936012 nan 0
1747648936022 nan 0
1747648936037 nan 0
1747648936048 nan 0
1747648936059 nan 0
1747648936066 nan 0
1747648936085 nan 0
1747648936097 nan 0
1747648936109 nan 0
1747648936124 nan 0
1747648936147 nan 0
1747648936163 nan 0
1747648936174 nan 0
1747648936182 nan 0
1747648936189 nan 0
1747648936198 nan 0
1747648936208 nan 0
1747648936219 nan 0
1747648936226 nan 0
1747648936237 nan 0
1747648936246 nan 0
1747648936262 nan 0
1747648936270 nan 0
1747648936280 nan 0
1747648936291 nan 0
1747648936309 nan 0
1747648936320 nan 0
1747648936331 nan 0
1747648936342 nan 0
1747648936358 nan 0
1747648936376 nan 0
1747648936387 nan 0
1747648936398 nan 0
1747648936412 nan 0
1747648936426 nan 0
1747648936438 nan 0
1747648936447 nan 0
1747648936459 nan 0
1747648937327 nan 0
1747648937339 nan 0
1747648937351 nan 0
1747648937371 nan 0
1747648937382 nan 0
1747648937408 nan 0
1747648937431 nan 0
1747648937448 nan 0
1747648937474 nan 0
1747648937488 nan 0
1747648937502 nan 0
1747648937518 nan 0
1747648937530 nan 0
1747648937570 nan 0
1747648937601 nan 0
1747648937630 nan 0
1747648937642 nan 0
1747648937654 nan 0
1747648937666 nan 0
1747648937678 nan 0
1747648937704 nan 0
1747648937731 nan 0
1747648937757 nan 0
1747648937767 nan 0
1747648937779 nan 0
1747648937793 nan 0
1747648937804 nan 0
1747648937816 nan 0
1747648937831 nan 0
1747648937858 nan 0
1747648937870 nan 0
1747648937892 nan 0
1747648937903 nan 0
1747648937936 nan 0
1747648937948 nan 0
1747648937959 nan 0
1747648937971 nan 0
1747648937987 nan 0
1747648937998 nan 0
1747648938009 nan 0
1747648938023 nan 0
1747648938031 nan 0
1747648938040 nan 0
1747648938051 nan 0
1747648938062 nan 0
1747648938075 nan 0
1747648938095 nan 0
1747648938107 nan 0
1747648938141 nan 0
1747648938153 nan 0
1747648938169 nan 0
1747648938180 nan 0
1747648938191 nan 0
1747648938203 nan 0
1747648938218 nan 0
1747648938230 nan 0
1747648938244 nan 0
1747648938255 nan 0
1747648938266 nan 0
1747648938277 nan 0
1747648938288 nan 0
1747648938296 nan 0
1747648938307 nan 0
1747648938319 nan 0
1747648938326 nan 0
1747648938334 nan 0
1747648938359 nan 0
1747648938371 nan 0
1747648938380 nan 0
1747648938388 nan 0
1747648938400 nan 0
1747648938413 nan 0
1747648938426 nan 0
1747648938445 nan 0
1747648938460 nan 0
1747648938476 nan 0
1747648938486 nan 0
1747648938498 nan 0
1747648938509 nan 0
1747648938520 nan 0
1747648938531 nan 0
1747648938545 nan 0
1747648938557 nan 0
1747648938569 nan 0
1747648938579 nan 0
1747648938589 nan 0
1747648938598 nan 0
1747648938608 nan 0
1747648938621 nan 0
1747648938632 nan 0
1747648938647 nan 0
1747648938683 nan 0
1747648938704 nan 0
1747648938715 nan 0
1747648938726 nan 0
1747648938754 nan 0
1747648938766 nan 0
1747648938783 nan 0
1747648938794 nan 0
1747648938806 nan 0
1747648938818 nan 0
1747648938843 nan 0
1747648938854 nan 0
1747648938869 nan 0
1747648938902 nan 0
1747648938914 nan 0
1747648938932 nan 0
1747648938946 nan 0
1747648938956 nan 0
1747648938965 nan 0
1747648938999 nan 0
1747648939013 nan 0
1747648939027 nan 0
1747648939040 nan 0
1747648939050 nan 0
1747648939064 nan 0
1747648939075 nan 0
1747648939085 nan 0
1747648939109 nan 0
1747648939120 nan 0
1747648939131 nan 0
1747648939141 nan 0
1747648939153 nan 0
1747648939165 nan 0
1747648939180 nan 0
1747648939191 nan 0
1747648939201 nan 0
1747648939213 nan 0
1747648939223 nan 0
1747648939234 nan 0
1747648939245 nan 0
1747648939256 nan 0
1747648939263 nan 0
1747648939275 nan 0
1747648939286 nan 0
1747648939297 nan 0
1747648939331 nan 0
1747648939344 nan 0
1747648939364 nan 0
1747648939385 nan 0
1747648939399 nan 0
1747648939430 nan 0
1747648939443 nan 0
1747648939457 nan 0
1747648939477 nan 0
1747648939489 nan 0
1747648939514 nan 0
1747648939533 nan 0
1747648939544 nan 0
1747648939571 nan 0
1747648939598 nan 0
1747648939614 nan 0
1747648939626 nan 0
1747648939639 nan 0
1747648939651 nan 0
1747648939674 nan 0
1747648939687 nan 0
1747648939700 nan 0
1747648939711 nan 0
1747648939729 nan 0
1747648939759 nan 0
1747648939772 nan 0
1747648939800 nan 0
1747648939813 nan 0
1747648939832 nan 0
1747648939845 nan 0
1747648939858 nan 0
1747648939868 nan 0
1747648939880 nan 0
1747648939905 nan 0
1747648939945 nan 0
1747648939965 nan 0
1747648939987 nan 0
1747648940002 nan 0
1747648940017 nan 0
1747648940029 nan 0
1747648940051 nan 0
1747648940075 nan 0
1747648940100 nan 0
1747648940113 nan 0
1747648940124 nan 0
1747648940159 nan 0
1747648940176 nan 0
1747648940191 nan 0
1747648940228 nan 0
1747648940242 nan 0
1747648940270 nan 0
1747648940283 nan 0
1747648940308 nan 0
1747648940322 nan 0
1747648940335 nan 0
1747648940349 nan 0
1747648940365 nan 0
1747648940390 nan 0
1747648940404 nan 0
1747648940451 nan 0
1747648940463 nan 0
1747648940479 nan 0
1747648940503 nan 0
1747648940513 nan 0
1747648940527 nan 0
1747648940539 nan 0
1747648940551 nan 0
1747648940559 nan 0
1747648940571 nan 0
1747648940579 nan 0
1747648940608 nan 0
1747648940641 nan 0
1747648940654 nan 0
1747648940664 nan 0
1747648940678 nan 0
1747648940690 nan 0
1747648940702 nan 0
1747648940713 nan 0
1747648940725 nan 0
1747648940736 nan 0
1747648940748 nan 0
1747648940764 nan 0
1747648940791 nan 0
1747648940816 nan 0
1747648940837 nan 0
1747648940850 nan 0
1747648940862 nan 0
1747648940875 nan 0
1747648940886 nan 0
1747648940905 nan 0
1747648940916 nan 0
1747648940942 nan 0
1747648940978 nan 0
1747648940991 nan 0
1747648941004 nan 0
1747648941028 nan 0
1747648941040 nan 0
1747648941055 nan 0
1747648941066 nan 0
1747648941078 nan 0
1747648941093 nan 0
1747648941107 nan 0
1747648941122 nan 0
1747648941135 nan 0
1747648941157 nan 0
1747648941171 nan 0
1747648941190 nan 0
1747648941210 nan 0
1747648941225 nan 0
1747648941242 nan 0
1747648941308 nan 0
1747648941384 nan 0
1747648941397 nan 0
1747648941427 nan 0
1747648941450 nan 0
1747648941464 nan 0
1747648941495 nan 0
1747648941515 nan 0
1747648941525 nan 0
1747648941533 nan 0
1747648941563 nan 0
1747648941573 nan 0
1747648941581 nan 0
1747648941604 nan 0
1747648941612 nan 0
1747648941627 nan 0
1747648941641 nan 0
1747648941655 nan 0
1747648941669 nan 0
1747648941690 nan 0
1747648941710 nan 0
1747648941724 nan 0
1747648941738 nan 0
1747648941751 nan 0
1747648941772 nan 0
1747648941786 nan 0
1747648941799 nan 0
1747648941810 nan 0
1747648941829 nan 0
1747648941856 nan 0
1747648941874 nan 0
1747648941887 nan 0
1747648941906 nan 0
1747648941918 nan 0
1747648941946 nan 0
1747648941960 nan 0
1747648941980 nan 0
1747648941993 nan 0
1747648942006 nan 0
1747648942018 nan 0
1747648942031 nan 0
1747648942045 nan 0
1747648942068 nan 0
1747648942081 nan 0
1747648942099 nan 0
1747648942110 nan 0
1747648942122 nan 0
1747648942134 nan 0
1747648942160 nan 0
1747648942171 nan 0
1747648942182 nan 0
1747648942193 nan 0
1747648942221 nan 0
1747648942233 nan 0
1747648942242 nan 0
1747648942254 nan 0
1747648942266 nan 0
1747648942278 nan 0
1747648942293 nan 0
1747648942308 nan 0
1747648942321 nan 0
1747648942336 nan 0
1747648942356 nan 0
1747648942363 nan 0
1747648942371 nan 0
1747648942387 nan 0
1747648942401 nan 0
1747648942417 nan 0
1747648942429 nan 0
1747648942450 nan 0
1747648942479 nan 0
1747648942493 nan 0
1747648942507 nan 0
1747648942519 nan 0
1747648942532 nan 0
1747648942543 nan 0
1747648942564 nan 0
1747648942581 nan 0
1747648942593 nan 0
1747648942606 nan 0
1747648942628 nan 0
1747648942640 nan 0
1747648942655 nan 0
1747648942667 nan 0
1747648942686 nan 0
1747648942696 nan 0
1747648942712 nan 0
1747648942722 nan 0
1747648942740 nan 0
1747648942751 nan 0
1747648942777 nan 0
1747648942799 nan 0
1747648942818 nan 0
1747648942836 nan 0
1747648942849 nan 0
1747648942862 nan 0
1747648942878 nan 0
1747648942890 nan 0
1747648942899 nan 0
1747648942916 nan 0
1747648942928 nan 0
1747648942941 nan 0
1747648942953 nan 0
1747648942969 nan 0
1747648942991 nan 0
1747648943004 nan 0
1747648943033 nan 0
1747648943046 nan 0
1747648943057 nan 0
1747648943073 nan 0
1747648943096 nan 0
1747648943113 nan 0
1747648943127 nan 0
1747648943140 nan 0
1747648943153 nan 0
1747648943184 nan 0
1747648943199 nan 0
1747648943210 nan 0
1747648943223 nan 0
1747648943235 nan 0
1747648943248 nan 0
1747648943260 nan 0
1747648943275 nan 0
1747648943297 nan 0
1747648943310 nan 0
1747648943325 nan 0
1747648943344 nan 0
1747648943357 nan 0
1747648943378 nan 0
1747648943392 nan 0
1747648943410 nan 0
1747648943430 nan 0
1747648943447 nan 0
1747648943460 nan 0
1747648943470 nan 0
1747648943483 nan 0
1747648943506 nan 0
1747648943533 nan 0
1747648943561 nan 0
1747648943585 nan 0
1747648943599 nan 0
1747648943617 nan 0
1747648943633 nan 0
1747648943658 nan 0
1747648943670 nan 0
1747648943683 nan 0
1747648943694 nan 0
1747648943708 nan 0
1747648943722 nan 0
1747648943735 nan 0
1747648943754 nan 0
1747648943767 nan 0
1747648943788 nan 0
1747648943799 nan 0
1747648943811 nan 0
1747648943824 nan 0
1747648943837 nan 0
1747648943856 nan 0
1747648943868 nan 0
1747648943876 nan 0
1747648943892 nan 0
1747648943906 nan 0
1747648943928 nan 0
1747648943939 nan 0
1747648943972 nan 0
1747648944001 nan 0
1747648944014 nan 0
1747648944028 nan 0
1747648944048 nan 0
1747648944068 nan 0
1747648944085 nan 0
1747648944108 nan 0
1747648944133 nan 0
1747648944149 nan 0
1747648944172 nan 0
1747648944191 nan 0
1747648944213 nan 0
1747648944226 nan 0
1747648944240 nan 0
1747648944249 nan 0
1747648944273 nan 0
1747648944307 nan 0
1747648944341 nan 0
1747648944386 nan 0
1747648944398 nan 0
1747648944408 nan 0
1747648944437 nan 0
1747648944456 nan 0
1747648944472 nan 0
1747648944485 nan 0
1747648944499 nan 0
1747648944510 nan 0
1747648944524 nan 0
1747648944547 nan 0
1747648944559 nan 0
1747648944568 nan 0
1747648944582 nan 0
1747648944603 nan 0
1747648944615 nan 0
1747648944627 nan 0
1747648944642 nan 0
1747648944657 nan 0
1747648944676 nan 0
1747648944707 nan 0
1747648944721 nan 0
1747648944732 nan 0
1747648944744 nan 0
1747648944760 nan 0
1747648944771 nan 0
1747648944783 nan 0
1747648944795 nan 0
1747648944806 nan 0
1747648944820 nan 0
1747648944829 nan 0
1747648944840 nan 0
1747648944871 nan 0
1747648944888 nan 0
1747648944900 nan 0
1747648944909 nan 0
1747648944929 nan 0
1747648944942 nan 0
1747648944971 nan 0
1747648944983 nan 0
1747648944997 nan 0
1747648945008 nan 0
1747648945019 nan 0
1747648945035 nan 0
1747648945058 nan 0
1747648945076 nan 0
1747648945097 nan 0
1747648945110 nan 0
1747648945119 nan 0
1747648945133 nan 0
1747648945147 nan 0
1747648945158 nan 0
1747648945175 nan 0
1747648945184 nan 0
1747648945204 nan 0
1747648945215 nan 0
1747648945227 nan 0
1747648945239 nan 0
1747648945251 nan 0
1747648945266 nan 0
1747648945286 nan 0
1747648945297 nan 0
1747648945320 nan 0
1747648945334 nan 0
1747648945348 nan 0
1747648945361 nan 0
1747648945373 nan 0
1747648945384 nan 0
1747648945404 nan 0
1747648945415 nan 0
1747648945429 nan 0
1747648945440 nan 0
1747648945452 nan 0
1747648945466 nan 0
1747648945478 nan 0
1747648945488 nan 0
1747648945504 nan 0
1747648945515 nan 0
1747648945526 nan 0
1747648945539 nan 0
1747648945557 nan 0
1747648945574 nan 0
1747648945585 nan 0
1747648945609 nan 0
1747648945629 nan 0
1747648945646 nan 0
1747648945657 nan 0
1747648945669 nan 0
1747648945680 nan 0
1747648945697 nan 0
1747648945726 nan 0
1747648945738 nan 0
1747648945770 nan 0
1747648945786 nan 0
1747648945801 nan 0
1747648945810 nan 0
1747648945822 nan 0
1747648945833 nan 0
1747648945842 nan 0
1747648945856 nan 0
1747648945883 nan 0
1747648945895 nan 0
1747648945910 nan 0
1747648945921 nan 0
1747648945932 nan 0
1747648945943 nan 0
1747648945961 nan 0
1747648945979 nan 0
1747648946003 nan 0
1747648946015 nan 0
1747648946044 nan 0
1747648946063 nan 0
1747648946074 nan 0
1747648946086 nan 0
1747648946097 nan 0
1747648946110 nan 0
1747648946137 nan 0
1747648946145 nan 0
1747648946167 nan 0
1747648946188 nan 0
1747648946199 nan 0
1747648946211 nan 0
1747648946222 nan 0
1747648946232 nan 0
1747648946250 nan 0
1747648946261 nan 0
1747648946270 nan 0
1747648946284 nan 0
1747648946318 nan 0
1747648946330 nan 0
1747648946353 nan 0
1747648946373 nan 0
1747648946385 nan 0
1747648946428 nan 0
1747648946439 nan 0
1747648946448 nan 0
1747648946461 nan 0
1747648946475 nan 0
1747648946492 nan 0
1747648946501 nan 0
1747648946514 nan 0
1747648946526 nan 0
1747648946551 nan 0
1747648946563 nan 0
1747648946590 nan 0
1747648946602 nan 0
1747648946629 nan 0
1747648946650 nan 0
1747648946661 nan 0
1747648946672 nan 0
1747648946692 nan 0
1747648946708 nan 0
1747648946721 nan 0
1747648946732 nan 0
1747648946741 nan 0
1747648946751 nan 0
1747648946760 nan 0
1747648946768 nan 0
1747648946780 nan 0
1747648946793 nan 0
1747648946807 nan 0
1747648946819 nan 0
1747648946830 nan 0
1747648946838 nan 0
1747648946860 nan 0
1747648946881 nan 0
1747648946892 nan 0
1747648946943 nan 0
1747648946958 nan 0
1747648946981 nan 0
1747648946999 nan 0
1747648947016 nan 0
1747648947046 nan 0
1747648947054 nan 0
1747648947066 nan 0
1747648947074 nan 0
1747648947086 nan 0
1747648947093 nan 0
1747648947106 nan 0
1747648947119 nan 0
1747648947131 nan 0
1747648947141 nan 0
1747648947151 nan 0
1747648947159 nan 0
1747648947167 nan 0
1747648947179 nan 0
1747648947190 nan 0
1747648947208 nan 0
1747648947222 nan 0
1747648947240 nan 0
1747648947248 nan 0
1747648947255 nan 0
1747648947267 nan 0
1747648947291 nan 0
1747648947302 nan 0
1747648947314 nan 0
1747648947321 nan 0
1747648947345 nan 0
1747648947354 nan 0
1747648947377 nan 0
1747648947396 nan 0
1747648947413 nan 0
1747648947433 nan 0
1747648947446 nan 0
1747648947454 nan 0
1747648947464 nan 0
1747648947474 nan 0
1747648947484 nan 0
1747648947493 nan 0
1747648947515 nan 0
1747648947533 nan 0
1747648947547 nan 0
1747648947565 nan 0
1747648947576 nan 0
1747648947614 nan 0
1747648947634 nan 0
1747648947655 nan 0
1747648947676 nan 0
1747648947696 nan 0
1747648947711 nan 0
1747648947723 nan 0
1747648947735 nan 0
1747648947748 nan 0
1747648947779 nan 0
1747648947794 nan 0
1747648947811 nan 0
1747648947839 nan 0
1747648947864 nan 0
1747648947876 nan 0
1747648947888 nan 0
1747648947912 nan 0
1747648947922 nan 0
1747648947938 nan 0
1747648947955 nan 0
1747648947967 nan 0
1747648947978 nan 0
1747648947988 nan 0
1747648948018 nan 0
1747648948036 nan 0
1747648948047 nan 0
1747648948059 nan 0
1747648948071 nan 0
1747648948092 nan 0
1747648948103 nan 0
1747648948115 nan 0
1747648948126 nan 0
1747648948140 nan 0
1747648948163 nan 0
1747648948180 nan 0
1747648948193 nan 0
1747648948224 nan 0
1747648948240 nan 0
1747648948253 nan 0
1747648948280 nan 0
1747648948293 nan 0
1747648948317 nan 0
1747648948344 nan 0
1747648948356 nan 0
1747648948366 nan 0
1747648948374 nan 0
1747648948400 nan 0
1747648948413 nan 0
1747648948439 nan 0
1747648948451 nan 0
1747648948463 nan 0
1747648948477 nan 0
1747648948492 nan 0
1747648948500 nan 0
1747648948508 nan 0
1747648948530 nan 0
1747648948544 nan 0
1747648948559 nan 0
1747648948569 nan 0
1747648948596 nan 0
1747648948611 nan 0
1747648948626 nan 0
1747648948645 nan 0
1747648948672 nan 0
1747648948692 nan 0
1747648948725 nan 0
1747648948737 nan 0
1747648948758 nan 0
1747648948774 nan 0
1747648948803 nan 0
1747648948824 nan 0
1747648948850 nan 0
1747648948894 nan 0
1747648948910 nan 0
1747648948941 nan 0
1747648948951 nan 0
1747648948966 nan 0
1747648948977 nan 0
1747648948990 nan 0
1747648949002 nan 0
1747648949009 nan 0
1747648949027 nan 0
1747648949051 nan 0
1747648949069 nan 0
1747648949089 nan 0
1747648949112 nan 0
1747648949120 nan 0
1747648949140 nan 0
1747648949167 nan 0
1747648949176 nan 0
1747648949191 nan 0
1747648949201 nan 0
1747648949218 nan 0
1747648949230 nan 0
1747648949242 nan 0
1747648949268 nan 0
1747648949286 nan 0
1747648949297 nan 0
1747648949305 nan 0
1747648949317 nan 0
1747648949334 nan 0
1747648949342 nan 0
1747648949357 nan 0
1747648949366 nan 0
1747648949374 nan 0
1747648949386 nan 0
1747648949397 nan 0
1747648949408 nan 0
1747648949420 nan 0
1747648949432 nan 0
1747648949461 nan 0
1747648949475 nan 0
1747648949502 nan 0
1747648949516 nan 0
1747648949530 nan 0
1747648949544 nan 0
1747648949556 nan 0
1747648949569 nan 0
1747648949582 nan 0
1747648949602 nan 0
1747648949610 nan 0
1747648949627 nan 0
1747648949644 nan 0
1747648949658 nan 0
1747648949691 nan 0
1747648949704 nan 0
1747648949717 nan 0
1747648949743 nan 0
1747648949756 nan 0
1747648949775 nan 0
1747648949786 nan 0
1747648949817 nan 0
1747648949837 nan 0
1747648949850 nan 0
1747648949880 nan 0
1747648949897 nan 0
1747648949920 nan 0
1747648949937 nan 0
1747648949957 nan 0
1747648949970 nan 0
1747648949983 nan 0
1747648949991 nan 0
1747648950010 nan 0
1747648950033 nan 0
1747648950058 nan 0
1747648950073 nan 0
1747648950094 nan 0
1747648950113 nan 0
1747648950126 nan 0
1747648950140 nan 0
1747648950160 nan 0
1747648950169 nan 0
1747648950195 nan 0
1747648950207 nan 0
1747648950244 nan 0
1747648950257 nan 0
1747648950266 nan 0
1747648950286 nan 0
1747648950300 nan 0
1747648950319 nan 0
1747648950332 nan 0
1747648950344 nan 0
1747648950357 nan 0
1747648950369 nan 0
1747648950381 nan 0
1747648950394 nan 0
1747648950410 nan 0
1747648950437 nan 0
1747648950445 nan 0
1747648950457 nan 0
1747648950466 nan 0
1747648950478 nan 0
1747648950491 nan 0
1747648950511 nan 0
1747648950523 nan 0
1747648950558 nan 0
1747648950576 nan 0
1747648950598 nan 0
1747648950616 nan 0
1747648950627 nan 0
1747648950656 nan 0
1747648950667 nan 0
1747648950675 nan 0
1747648950697 nan 0
1747648950710 nan 0
1747648950746 nan 0
1747648950783 nan 0
1747648950798 nan 0
1747648950815 nan 0
1747648950834 nan 0
1747648950858 nan 0
1747648950892 nan 0
1747648950906 nan 0
1747648950919 nan 0
1747648950934 nan 0
1747648950959 nan 0
1747648950972 nan 0
1747648950984 nan 0
1747648950997 nan 0
1747648951010 nan 0
1747648951039 nan 0
1747648951052 nan 0
1747648951066 nan 0
1747648951084 nan 0
1747648951099 nan 0
1747648951117 nan 0
1747648951146 nan 0
1747648951174 nan 0
1747648951186 nan 0
1747648951198 nan 0
1747648951212 nan 0
1747648951227 nan 0
1747648951246 nan 0
1747648951264 nan 0
1747648951276 nan 0
1747648951305 nan 0
1747648951363 nan 0
1747648951378 nan 0
1747648951393 nan 0
1747648951401 nan 0
1747648951427 nan 0
1747648951435 nan 0
1747648951443 nan 0
1747648951454 nan 0
1747648951462 nan 0
1747648951473 nan 0
1747648951485 nan 0
1747648951522 nan 0
1747648951536 nan 0
1747648951562 nan 0
1747648951574 nan 0
1747648951594 nan 0
1747648951609 nan 0
1747648951618 nan 0
1747648951626 nan 0
1747648951638 nan 0
1747648951654 nan 0
1747648951681 nan 0
1747648951693 nan 0
1747648951707 nan 0
1747648951742 nan 0
1747648951752 nan 0
1747648951767 nan 0
1747648951780 nan 0
1747648951792 nan 0
1747648951801 nan 0
1747648951808 nan 0
1747648951816 nan 0
1747648951829 nan 0
1747648951837 nan 0
1747648951848 nan 0
1747648951857 nan 0
1747648951885 nan 0
1747648951900 nan 0
1747648951915 nan 0
1747648951927 nan 0
1747648951943 nan 0
1747648951954 nan 0
1747648951965 nan 0
1747648951985 nan 0
1747648951998 nan 0
1747648952010 nan 0
1747648952033 nan 0
1747648952045 nan 0
1747648952057 nan 0
1747648952068 nan 0
1747648952080 nan 0
1747648952109 nan 0
1747648952121 nan 0
1747648952134 nan 0
1747648952148 nan 0
1747648952161 nan 0
1747648952194 nan 0
1747648952206 nan 0
1747648952217 nan 0
1747648952230 nan 0
1747648952246 nan 0
1747648952265 nan 0
1747648952276 nan 0
1747648952289 nan 0
1747648952314 nan 0
1747648952326 nan 0
1747648952344 nan 0
1747648952372 nan 0
1747648952380 nan 0
1747648952388 nan 0
1747648952399 nan 0
1747648952416 nan 0
1747648952432 nan 0
1747648952446 nan 0
1747648952467 nan 0
1747648952480 nan 0
1747648952495 nan 0
1747648952509 nan 0
1747648952521 nan 0
1747648952530 nan 0
1747648952560 nan 0
1747648952574 nan 0
1747648952584 nan 0
1747648952597 nan 0
1747648952608 nan 0
1747648952619 nan 0
1747648952634 nan 0
1747648952651 nan 0
1747648952666 nan 0
1747648952680 nan 0
1747648952719 nan 0
1747648952755 nan 0
1747648952767 nan 0
1747648952789 nan 0
1747648952817 nan 0
1747648952828 nan 0
1747648952839 nan 0
1747648952854 nan 0
1747648952865 nan 0
1747648952876 nan 0
1747648952888 nan 0
1747648952898 nan 0
1747648952910 nan 0
1747648952934 nan 0
1747648952975 nan 0
1747648952986 nan 0
1747648953009 nan 0
1747648953021 nan 0
1747648953044 nan 0
1747648953057 nan 0
1747648953074 nan 0
1747648953099 nan 0
1747648953114 nan 0
1747648953132 nan 0
1747648953150 nan 0
1747648953161 nan 0
1747648953191 nan 0
1747648953209 nan 0
1747648953220 nan 0
1747648953237 nan 0
1747648953250 nan 0
1747648953265 nan 0
1747648953281 nan 0
1747648953301 nan 0
1747648953312 nan 0
1747648953323 nan 0
1747648953345 nan 0
1747648953356 nan 0
1747648953370 nan 0
1747648953381 nan 0
1747648953393 nan 0
1747648953404 nan 0
1747648953417 nan 0
1747648953433 nan 0
1747648953444 nan 0
1747648953451 nan 0
1747648953462 nan 0
1747648953473 nan 0
1747648953485 nan 0
1747648953516 nan 0
1747648953540 nan 0
1747648953584 nan 0
1747648953595 nan 0
1747648953609 nan 0
1747648953626 nan 0
1747648953640 nan 0
1747648953659 nan 0
1747648953674 nan 0
1747648953689 nan 0
1747648953700 nan 0
1747648953708 nan 0
1747648953734 nan 0
1747648953751 nan 0
1747648953762 nan 0
1747648953779 nan 0
1747648953790 nan 0
1747648953802 nan 0
1747648953830 nan 0
1747648953844 nan 0
1747648953855 nan 0
1747648953863 nan 0
1747648953872 nan 0
1747648953884 nan 0
1747648953898 nan 0
1747648953905 nan 0
1747648953916 nan 0
1747648953932 nan 0
1747648953948 nan 0
1747648953974 nan 0
1747648953985 nan 0
1747648953996 nan 0
1747648954007 nan 0
1747648954018 nan 0
1747648954029 nan 0
1747648954041 nan 0
1747648954057 nan 0
1747648954071 nan 0
1747648954082 nan 0
1747648954094 nan 0
1747648954110 nan 0
1747648954143 nan 0
1747648954225 nan 0
1747648954239 nan 0
1747648954251 nan 0
1747648954280 nan 0
1747648954291 nan 0
1747648954310 nan 0
1747648954322 nan 0
1747648954334 nan 0
1747648954346 nan 0
1747648954363 nan 0
1747648954403 nan 0
1747648954416 nan 0
1747648954454 nan 0
1747648954467 nan 0
1747648954474 nan 0
1747648954487 nan 0
1747648954506 nan 0
1747648954515 nan 0
1747648954527 nan 0
1747648954546 nan 0
1747648954558 nan 0
1747648954571 nan 0
1747648954585 nan 0
1747648954597 nan 0
1747648954613 nan 0
1747648954627 nan 0
1747648954636 nan 0
1747648954652 nan 0
1747648954679 nan 0
1747648954692 nan 0
1747648954704 nan 0
1747648954712 nan 0
1747648954724 nan 0
1747648954736 nan 0
1747648954743 nan 0
1747648954754 nan 0
1747648954766 nan 0
1747648954778 nan 0
1747648954791 nan 0
1747648954803 nan 0
1747648954813 nan 0
1747648954825 nan 0
1747648954833 nan 0
1747648954843 nan 0
1747648954854 nan 0
1747648954868 nan 0
1747648955799 nan 0
1747648955816 nan 0
1747648955862 nan 0
1747648955877 nan 0
1747648955889 nan 0
1747648955901 nan 0
1747648955924 nan 0
1747648955942 nan 0
1747648955998 nan 0
1747648956028 nan 0
1747648956041 nan 0
1747648956077 nan 0
1747648956097 nan 0
1747648956116 nan 0
1747648956130 nan 0
1747648956149 nan 0
1747648956183 nan 0
1747648956200 nan 0
1747648956215 nan 0
1747648956236 nan 0
1747648956258 nan 0
1747648956282 nan 0
1747648956309 nan 0
1747648956322 nan 0
1747648956340 nan 0
1747648956382 nan 0
1747648956396 nan 0
1747648956423 nan 0
1747648956449 nan 0
1747648956467 nan 0
1747648956477 nan 0
1747648956490 nan 0
1747648956507 nan 0
1747648956526 nan 0
1747648956549 nan 0
1747648956573 nan 0
1747648956601 nan 0
1747648956608 nan 0
1747648956633 nan 0
1747648956675 nan 0
1747648956693 nan 0
1747648956712 nan 0
1747648956725 nan 0
1747648956743 nan 0
1747648956756 nan 0
1747648956769 nan 0
1747648956799 nan 0
1747648956814 nan 0
1747648956834 nan 0
1747648956873 nan 0
1747648956902 nan 0
1747648956915 nan 0
1747648956943 nan 0
1747648956965 nan 0
1747648956996 nan 0
1747648957023 nan 0
1747648957046 nan 0
1747648957075 nan 0
1747648957100 nan 0
1747648957120 nan 0
1747648957158 nan 0
1747648957171 nan 0
1747648957182 nan 0
1747648957196 nan 0
1747648957216 nan 0
1747648957231 nan 0
1747648957287 nan 0
1747648957308 nan 0
1747648957321 nan 0
1747648957347 nan 0
1747648957371 nan 0
1747648957398 nan 0
1747648957418 nan 0
1747648957426 nan 0
1747648957441 nan 0
1747648957489 nan 0
1747648957520 nan 0
1747648957544 nan 0
1747648957559 nan 0
1747648957570 nan 0
1747648957580 nan 0
1747648957592 nan 0
1747648957615 nan 0
1747648957632 nan 0
1747648957675 nan 0
1747648957697 nan 0
1747648957708 nan 0
1747648957718 nan 0
1747648957725 nan 0
1747648957736 nan 0
1747648957750 nan 0
1747648957767 nan 0
1747648957784 nan 0
1747648957795 nan 0
1747648957807 nan 0
1747648957829 nan 0
1747648957838 nan 0
1747648957848 nan 0
1747648957861 nan 0
1747648957887 nan 0
1747648957896 nan 0
1747648957908 nan 0
1747648957926 nan 0
1747648957971 nan 0
1747648957988 nan 0
1747648958023 nan 0
1747648958045 nan 0
1747648958057 nan 0
1747648958076 nan 0
1747648958089 nan 0
1747648958106 nan 0
1747648958123 nan 0
1747648958140 nan 0
1747648958178 nan 0
1747648958190 nan 0
1747648958212 nan 0
1747648958228 nan 0
1747648958244 nan 0
1747648958256 nan 0
1747648958279 nan 0
1747648958301 nan 0
1747648958333 nan 0
1747648958349 nan 0
1747648958360 nan 0
1747648958371 nan 0
1747648958388 nan 0
1747648958411 nan 0
1747648958427 nan 0
1747648958474 nan 0
1747648958486 nan 0
1747648958514 nan 0
1747648958526 nan 0
1747648958540 nan 0
1747648958562 nan 0
1747648958578 nan 0
1747648958589 nan 0
1747648958596 nan 0
1747648958618 nan 0
1747648958635 nan 0
1747648958651 nan 0
1747648958670 nan 0
1747648958682 nan 0
1747648958698 nan 0
1747648958711 nan 0
1747648958749 nan 0
1747648958771 nan 0
1747648958790 nan 0
1747648958803 nan 0
1747648958816 nan 0
1747648958838 nan 0
1747648958853 nan 0
1747648958864 nan 0
1747648958877 nan 0
1747648958915 nan 0
1747648958929 nan 0
1747648958944 nan 0
1747648958955 nan 0
1747648958967 nan 0
1747648958983 nan 0
1747648959002 nan 0
1747648959014 nan 0
1747648959025 nan 0
1747648959036 nan 0
1747648959047 nan 0
1747648959064 nan 0
1747648959094 nan 0
1747648959159 nan 0
1747648959212 nan 0
1747648959224 nan 0
1747648959237 nan 0
1747648959247 nan 0
1747648959262 nan 0
1747648959283 nan 0
1747648959308 nan 0
1747648959317 nan 0
1747648959329 nan 0
1747648959338 nan 0
1747648959347 nan 0
1747648959356 nan 0
1747648959367 nan 0
1747648959405 nan 0
1747648959422 nan 0
1747648959442 nan 0
1747648959453 nan 0
1747648959472 nan 0
1747648959483 nan 0
1747648959497 nan 0
1747648959514 nan 0
1747648959530 nan 0
1747648959554 nan 0
1747648959562 nan 0
1747648959576 nan 0
1747648959585 nan 0
1747648959623 nan 0
1747648959631 nan 0
1747648959653 nan 0
1747648959663 nan 0
1747648959680 nan 0
1747648959691 nan 0
1747648959733 nan 0
1747648959746 nan 0
1747648959757 nan 0
1747648959766 nan 0
1747648959775 nan 0
1747648959789 nan 0
1747648959816 nan 0
1747648959847 nan 0
1747648959865 nan 0
1747648959877 nan 0
1747648959886 nan 0
1747648959921 nan 0
1747648959932 nan 0
1747648959943 nan 0
1747648959960 nan 0
1747648959971 nan 0
1747648959991 nan 0
1747648960003 nan 0
1747648960039 nan 0
1747648960049 nan 0
1747648960064 nan 0
1747648960091 nan 0
1747648960103 nan 0
1747648960121 nan 0
1747648960133 nan 0
1747648960164 nan 0
1747648960189 nan 0
1747648960198 nan 0
1747648960205 nan 0
1747648960214 nan 0
1747648960230 nan 0
1747648960242 nan 0
1747648960253 nan 0
1747648960283 nan 0
1747648960330 nan 0
1747648960362 nan 0
1747648960377 nan 0
1747648960404 nan 0
1747648960418 nan 0
1747648960441 nan 0
1747648960459 nan 0
1747648960473 nan 0
1747648960487 nan 0
1747648960495 nan 0
1747648960505 nan 0
1747648960515 nan 0
1747648960528 nan 0
1747648960540 nan 0
1747648960559 nan 0
1747648960582 nan 0
1747648960592 nan 0
1747648960628 nan 0
1747648960639 nan 0
1747648960653 nan 0
1747648960664 nan 0
1747648960700 nan 0
1747648960744 nan 0
1747648960767 nan 0
1747648960780 nan 0
1747648960799 nan 0
1747648960807 nan 0
1747648960818 nan 0
1747648960835 nan 0
1747648960852 nan 0
1747648960867 nan 0
1747648960882 nan 0
1747648960894 nan 0
1747648960912 nan 0
1747648960923 nan 0
1747648960957 nan 0
1747648960972 nan 0
1747648961004 nan 0
1747648961029 nan 0
1747648961046 nan 0
1747648961057 nan 0
1747648961071 nan 0
1747648961093 nan 0
1747648961105 nan 0
1747648961113 nan 0
1747648961130 nan 0
1747648961155 nan 0
1747648961176 nan 0
1747648961218 nan 0
1747648961244 nan 0
1747648961267 nan 0
1747648961278 nan 0
1747648961303 nan 0
1747648961315 nan 0
1747648961329 nan 0
1747648961341 nan 0
1747648961364 nan 0
1747648961382 nan 0
1747648961394 nan 0
1747648961405 nan 0
1747648961415 nan 0
1747648961428 nan 0
1747648961457 nan 0
1747648961469 nan 0
1747648961480 nan 0
1747648961494 nan 0
1747648961505 nan 0
1747648961523 nan 0
1747648961539 nan 0
1747648961551 nan 0
1747648961590 nan 0
1747648961600 nan 0
1747648961613 nan 0
1747648961621 nan 0
1747648961633 nan 0
1747648961697 nan 0
1747648961709 nan 0
1747648961721 nan 0
1747648961748 nan 0
1747648961769 nan 0
1747648961791 nan 0
1747648961800 nan 0
1747648961808 nan 0
1747648961820 nan 0
1747648961835 nan 0
1747648961847 nan 0
1747648961859 nan 0
1747648961882 nan 0
1747648961894 nan 0
1747648961905 nan 0
1747648961928 nan 0
1747648961938 nan 0
1747648961961 nan 0
1747648961973 nan 0
1747648961994 nan 0
1747648962009 nan 0
1747648962022 nan 0
1747648962051 nan 0
1747648962074 nan 0
1747648962085 nan 0
1747648962092 nan 0
1747648962109 nan 0
1747648962139 nan 0
1747648962151 nan 0
1747648962163 nan 0
1747648962190 nan 0
1747648962211 nan 0
1747648962247 nan 0
1747648962260 nan 0
1747648962278 nan 0
1747648962295 nan 0
1747648962327 nan 0
1747648962341 nan 0
1747648962352 nan 0
1747648962375 nan 0
1747648962384 nan 0
1747648962408 nan 0
1747648962431 nan 0
1747648962443 nan 0
1747648962454 nan 0
1747648962472 nan 0
1747648962481 nan 0
1747648962508 nan 0
1747648962521 nan 0
1747648962543 nan 0
1747648962571 nan 0
1747648962606 nan 0
1747648962616 nan 0
1747648962624 nan 0
1747648962640 nan 0
1747648962669 nan 0
1747648962698 nan 0
1747648962709 nan 0
1747648962721 nan 0
1747648962732 nan 0
1747648962743 nan 0
1747648962754 nan 0
1747648962780 nan 0
1747648962792 nan 0
1747648962831 nan 0
1747648962863 nan 0
1747648962875 nan 0
1747648962892 nan 0
1747648962904 nan 0
1747648962913 nan 0
1747648962951 nan 0
1747648962993 nan 0
1747648963005 nan 0
1747648963016 nan 0
1747648963029 nan 0
1747648963041 nan 0
1747648963062 nan 0
1747648963074 nan 0
1747648963089 nan 0
1747648963097 nan 0
1747648963108 nan 0
1747648963121 nan 0
1747648963130 nan 0
1747648963159 nan 0
1747648963170 nan 0
1747648963192 nan 0
1747648963217 nan 0
1747648963233 nan 0
1747648963252 nan 0
1747648963302 nan 0
1747648963319 nan 0
1747648963330 nan 0
1747648963349 nan 0
1747648963366 nan 0
1747648963379 nan 0
1747648963416 nan 0
1747648963439 nan 0
1747648963468 nan 0
1747648963481 nan 0
1747648963503 nan 0
1747648963518 nan 0
1747648963534 nan 0
1747648963549 nan 0
1747648963560 nan 0
1747648963577 nan 0
1747648963602 nan 0
1747648963638 nan 0
1747648963687 nan 0
1747648963715 nan 0
1747648963727 nan 0
1747648963738 nan 0
1747648963750 nan 0
1747648963766 nan 0
1747648963777 nan 0
1747648963791 nan 0
1747648963800 nan 0
1747648963812 nan 0
1747648963836 nan 0
1747648963849 nan 0
1747648963864 nan 0
1747648963872 nan 0
1747648963918 nan 0
1747648963934 nan 0
1747648963953 nan 0
1747648963974 nan 0
1747648964001 nan 0
1747648964011 nan 0
1747648964060 nan 0
1747648964102 nan 0
1747648964133 nan 0
1747648964146 nan 0
1747648964158 nan 0
1747648964173 nan 0
1747648964184 nan 0
1747648964204 nan 0
1747648964218 nan 0
1747648964245 nan 0
1747648964271 nan 0
1747648964283 nan 0
1747648964294 nan 0
1747648964328 nan 0
1747648964340 nan 0
1747648964351 nan 0
1747648964387 nan 0
1747648964396 nan 0
1747648964422 nan 0
1747648964434 nan 0
1747648964448 nan 0
1747648964467 nan 0
1747648964487 nan 0
1747648964513 nan 0
1747648964525 nan 0
1747648964538 nan 0
1747648964552 nan 0
1747648964571 nan 0
1747648964583 nan 0
1747648964617 nan 0
1747648964630 nan 0
1747648964649 nan 0
1747648964674 nan 0
1747648964706 nan 0
1747648964717 nan 0
1747648964729 nan 0
1747648964753 nan 0
1747648964776 nan 0
1747648964787 nan 0
1747648964799 nan 0
1747648964814 nan 0
1747648964836 nan 0
1747648964870 nan 0
1747648964902 nan 0
1747648964914 nan 0
1747648964925 nan 0
1747648964941 nan 0
1747648964958 nan 0
1747648964983 nan 0
1747648964997 nan 0
1747648965010 nan 0
1747648965021 nan 0
1747648965033 nan 0
1747648965071 nan 0
1747648965091 nan 0
1747648965115 nan 0
1747648965154 nan 0
1747648965171 nan 0
1747648965182 nan 0
1747648965198 nan 0
1747648965209 nan 0
1747648965235 nan 0
1747648965273 nan 0
1747648965290 nan 0
1747648965301 nan 0
1747648965319 nan 0
1747648965352 nan 0
1747648965366 nan 0
1747648965388 nan 0
1747648965402 nan 0
1747648965413 nan 0
1747648965436 nan 0
1747648965470 nan 0
1747648965482 nan 0
1747648965511 nan 0
1747648965537 nan 0
1747648965554 nan 0
1747648965566 nan 0
1747648965584 nan 0
1747648965598 nan 0
1747648965613 nan 0
1747648965624 nan 0
1747648965660 nan 0
1747648965701 nan 0
1747648965726 nan 0
1747648965742 nan 0
1747648965754 nan 0
1747648965768 nan 0
1747648965779 nan 0
1747648965790 nan 0
1747648965817 nan 0
1747648965836 nan 0
1747648965848 nan 0
1747648965858 nan 0
1747648965894 nan 0
1747648965911 nan 0
1747648965927 nan 0
1747648965954 nan 0
1747648965996 nan 0
1747648966008 nan 0
1747648966029 nan 0
1747648966058 nan 0
1747648966072 nan 0
1747648966084 nan 0
1747648966112 nan 0
1747648966127 nan 0
1747648966150 nan 0
1747648966164 nan 0
1747648966175 nan 0
1747648966213 nan 0
1747648966225 nan 0
1747648966236 nan 0
1747648966244 nan 0
1747648966260 nan 0
1747648966303 nan 0
1747648966321 nan 0
1747648966332 nan 0
1747648966341 nan 0
1747648966353 nan 0
1747648966375 nan 0
1747648966396 nan 0
1747648966445 nan 0
1747648966457 nan 0
1747648966475 nan 0
1747648966559 nan 0
1747648966571 nan 0
1747648966582 nan 0
1747648966590 nan 0
1747648966601 nan 0
1747648966613 nan 0
1747648966637 nan 0
1747648966645 nan 0
1747648966660 nan 0
1747648966669 nan 0
1747648966714 nan 0
1747648966733 nan 0
1747648966784 nan 0
1747648966795 nan 0
1747648966807 nan 0
1747648966818 nan 0
1747648966830 nan 0
1747648966864 nan 0
1747648966889 nan 0
1747648966940 nan 0
1747648966963 nan 0
1747648966983 nan 0
1747648966995 nan 0
1747648967006 nan 0
1747648967013 nan 0
1747648967042 nan 0
1747648967053 nan 0
1747648967063 nan 0
1747648967079 nan 0
1747648967095 nan 0
1747648967112 nan 0
1747648967125 nan 0
1747648967154 nan 0
1747648967165 nan 0
1747648967173 nan 0
1747648967184 nan 0
1747648967196 nan 0
1747648967207 nan 0
1747648967218 nan 0
1747648967245 nan 0
1747648967265 nan 0
1747648967279 nan 0
1747648967292 nan 0
1747648967304 nan 0
1747648967324 nan 0
1747648967340 nan 0
1747648967350 nan 0
1747648967364 nan 0
1747648967375 nan 0
1747648967394 nan 0
1747648967406 nan 0
1747648967417 nan 0
1747648967428 nan 0
1747648967444 nan 0
1747648967472 nan 0
1747648967495 nan 0
1747648967520 nan 0
1747648967569 nan 0
1747648967601 nan 0
1747648967613 nan 0
1747648967646 nan 0
1747648967672 nan 0
1747648967693 nan 0
1747648967705 nan 0
1747648967717 nan 0
1747648967730 nan 0
1747648967741 nan 0
1747648967757 nan 0
1747648967764 nan 0
1747648967778 nan 0
1747648967789 nan 0
1747648967800 nan 0
1747648967816 nan 0
1747648967825 nan 0
1747648967840 nan 0
1747648967848 nan 0
1747648967864 nan 0
1747648967872 nan 0
1747648967903 nan 0
1747648967916 nan 0
1747648967957 nan 0
1747648967964 nan 0
1747648967975 nan 0
1747648967990 nan 0
1747648968010 nan 0
1747648968021 nan 0
1747648968036 nan 0
1747648968062 nan 0
1747648968094 nan 0
1747648968148 nan 0
1747648968161 nan 0
1747648968174 nan 0
1747648968203 nan 0
1747648968224 nan 0
1747648968253 nan 0
1747648968264 nan 0
1747648968275 nan 0
1747648968295 nan 0
1747648968325 nan 0
1747648968345 nan 0
1747648968357 nan 0
1747648968368 nan 0
1747648968380 nan 0
1747648968391 nan 0
1747648968457 nan 0
1747648968468 nan 0
1747648968491 nan 0
1747648968512 nan 0
1747648968521 nan 0
1747648968547 nan 0
1747648968563 nan 0
1747648968579 nan 0
1747648968611 nan 0
1747648968629 nan 0
1747648968640 nan 0
1747648968648 nan 0
1747648968659 nan 0
1747648968670 nan 0
1747648968688 nan 0
1747648968731 nan 0
1747648968753 nan 0
1747648968775 nan 0
1747648968784 nan 0
1747648968800 nan 0
1747648968824 nan 0
1747648968836 nan 0
1747648968877 nan 0
1747648968921 nan 0
1747648968950 nan 0
1747648968968 nan 0
1747648968982 nan 0
1747648968996 nan 0
1747648969014 nan 0
1747648969029 nan 0
1747648969040 nan 0
1747648969052 nan 0
1747648969070 nan 0
1747648969086 nan 0
1747648969103 nan 0
1747648969115 nan 0
1747648969143 nan 0
1747648969155 nan 0
1747648969167 nan 0
1747648969203 nan 0
1747648969212 nan 0
1747648969243 nan 0
1747648969298 nan 0
1747648969313 nan 0
1747648969333 nan 0
1747648969364 nan 0
1747648969377 nan 0
1747648969410 nan 0
1747648969421 nan 0
1747648969434 nan 0
1747648969442 nan 0
1747648969453 nan 0
1747648969482 nan 0
1747648969492 nan 0
1747648969525 nan 0
1747648969537 nan 0
1747648969550 nan 0
1747648969569 nan 0
1747648969583 nan 0
1747648969617 nan 0
1747648969640 nan 0
1747648969647 nan 0
1747648969658 nan 0
1747648969675 nan 0
1747648969685 nan 0
1747648969693 nan 0
1747648969720 nan 0
1747648969735 nan 0
1747648969747 nan 0
1747648969771 nan 0
1747648969797 nan 0
1747648969846 nan 0
1747648969869 nan 0
1747648969887 nan 0
1747648969898 nan 0
1747648969906 nan 0
1747648969917 nan 0
1747648969933 nan 0
1747648969943 nan 0
1747648969954 nan 0
1747648969967 nan 0
1747648970005 nan 0
1747648970020 nan 0
1747648970050 nan 0
1747648970073 nan 0
1747648970089 nan 0
1747648970100 nan 0
1747648970109 nan 0
1747648970118 nan 0
1747648970135 nan 0
1747648970149 nan 0
1747648970194 nan 0
1747648970210 nan 0
1747648970243 nan 0
1747648970261 nan 0
1747648970271 nan 0
1747648970317 nan 0
1747648970332 nan 0
1747648970376 nan 0
1747648970415 nan 0
1747648970463 nan 0
1747648970478 nan 0
1747648970497 nan 0
1747648970522 nan 0
1747648970550 nan 0
1747648970562 nan 0
1747648970612 nan 0
1747648970631 nan 0
1747648970669 nan 0
1747648970701 nan 0
1747648970720 nan 0
1747648970753 nan 0
1747648970763 nan 0
1747648970796 nan 0
1747648970809 nan 0
1747648970867 nan 0
1747648970879 nan 0
1747648970905 nan 0
1747648970924 nan 0
1747648970931 nan 0
1747648970943 nan 0
1747648970958 nan 0
1747648970970 nan 0
1747648971010 nan 0
1747648971030 nan 0
1747648971041 nan 0
1747648972136 nan 0
1747648972165 nan 0
1747648972175 nan 0
1747648972209 nan 0
1747648972223 nan 0
1747648972250 nan 0
1747648972268 nan 0
1747648972313 nan 0
1747648972324 nan 0
1747648972365 nan 0
1747648972377 nan 0
1747648972386 nan 0
1747648972415 nan 0
1747648972431 nan 0
1747648972442 nan 0
1747648972486 nan 0
1747648972509 nan 0
1747648972529 nan 0
1747648972554 nan 0
1747648972566 nan 0
1747648972601 nan 0
1747648972613 nan 0
1747648972625 nan 0
1747648972652 nan 0
1747648972666 nan 0
1747648972692 nan 0
1747648972703 nan 0
1747648972730 nan 0
1747648972755 nan 0
1747648972775 nan 0
1747648972825 nan 0
1747648972838 nan 0
1747648972864 nan 0
1747648972880 nan 0
1747648972892 nan 0
1747648972976 nan 0
1747648973012 nan 0
1747648973028 nan 0
1747648973064 nan 0
1747648973078 nan 0
1747648973143 nan 0
1747648973163 nan 0
1747648973188 nan 0
1747648973215 nan 0
1747648973301 nan 0
1747648973341 nan 0
1747648973360 nan 0
1747648973422 nan 0
1747648973456 nan 0
1747648973498 nan 0
1747648973517 nan 0
1747648973529 nan 0
1747648973545 nan 0
1747648973604 nan 0
1747648973687 nan 0
1747648973701 nan 0
1747648973723 nan 0
1747648973739 nan 0
1747648973782 nan 0
1747648973833 nan 0
1747648973880 nan 0
1747648973913 nan 0
1747648973932 nan 0
1747648973967 nan 0
1747648974015 nan 0
1747648974033 nan 0
1747648974073 nan 0
1747648974085 nan 0
1747648974102 nan 0
1747648974113 nan 0
1747648974142 nan 0
1747648974153 nan 0
1747648974214 nan 0
1747648974233 nan 0
1747648974248 nan 0
1747648974264 nan 0
1747648974277 nan 0
1747648974285 nan 0
1747648974303 nan 0
1747648974323 nan 0
1747648974350 nan 0
1747648974362 nan 0
1747648974404 nan 0
1747648974491 nan 0
1747648974505 nan 0
1747648974573 nan 0
1747648974584 nan 0
1747648974610 nan 0
1747648974618 nan 0
1747648974654 nan 0
1747648974672 nan 0
1747648974680 nan 0
1747648974690 nan 0
1747648974715 nan 0
1747648974729 nan 0
1747648974747 nan 0
1747648974764 nan 0
1747648974782 nan 0
1747648974819 nan 0
1747648974868 nan 0
1747648974897 nan 0
1747648974910 nan 0
1747648974921 nan 0
1747648974952 nan 0
1747648974977 nan 0
1747648974992 nan 0
1747648975047 nan 0
1747648975075 nan 0
1747648975115 nan 0
1747648975164 nan 0
1747648975181 nan 0
1747648975217 nan 0
1747648975232 nan 0
1747648975275 nan 0
1747648975307 nan 0
1747648975322 nan 0
1747648975342 nan 0
1747648975362 nan 0
1747648975386 nan 0
1747648975410 nan 0
1747648975453 nan 0
1747648975492 nan 0
1747648975501 nan 0
1747648975531 nan 0
1747648975571 nan 0
1747648975584 nan 0
1747648975611 nan 0
1747648975650 nan 0
1747648975665 nan 0
1747648975703 nan 0
1747648975714 nan 0
1747648975725 nan 0
1747648975734 nan 0
1747648975746 nan 0
1747648975771 nan 0
1747648975804 nan 0
1747648975822 nan 0
1747648975870 nan 0
1747648975878 nan 0
1747648975885 nan 0
1747648975903 nan 0
1747648975931 nan 0
1747648975943 nan 0
1747648975960 nan 0
1747648975984 nan 0
1747648976023 nan 0
1747648976059 nan 0
1747648976079 nan 0
1747648976099 nan 0
1747648976128 nan 0
1747648976136 nan 0
1747648976176 nan 0
1747648976197 nan 0
1747648976228 nan 0
1747648976267 nan 0
1747648976299 nan 0
1747648976330 nan 0
1747648976361 nan 0
1747648976396 nan 0
1747648976420 nan 0
1747648976454 nan 0
1747648976528 nan 0
1747648976546 nan 0
1747648976585 nan 0
1747648976629 nan 0
1747648976687 nan 0
1747648976694 nan 0
1747648976720 nan 0
1747648976729 nan 0
1747648976762 nan 0
1747648976779 nan 0
1747648976786 nan 0
1747648976798 nan 0
1747648976827 nan 0
1747648976836 nan 0
1747648976848 nan 0
1747648976867 nan 0
1747648976879 nan 0
1747648976897 nan 0
1747648976909 nan 0
1747648976924 nan 0
1747648976952 nan 0
1747648976968 nan 0
1747648976982 nan 0
1747648977007 nan 0
1747648977018 nan 0
1747648977027 nan 0
1747648977048 nan 0
1747648977078 nan 0
1747648977093 nan 0
1747648977109 nan 0
1747648977144 nan 0
1747648977156 nan 0
1747648977170 nan 0
1747648977212 nan 0
1747648977224 nan 0
1747648977244 nan 0
1747648977298 nan 0
1747648977339 nan 0
1747648977365 nan 0
1747648977375 nan 0
1747648977388 nan 0
1747648977402 nan 0
1747648977415 nan 0
1747648977427 nan 0
1747648977454 nan 0
1747648977468 nan 0
1747648977503 nan 0
1747648977546 nan 0
1747648977558 nan 0
1747648977567 nan 0
1747648977621 nan 0
1747648977658 nan 0
1747648977671 nan 0
1747648977686 nan 0
1747648977715 nan 0
1747648977742 nan 0
1747648977753 nan 0
1747648977762 nan 0
1747648977782 nan 0
1747648977794 nan 0
1747648977805 nan 0
1747648977814 nan 0
1747648977832 nan 0
1747648977849 nan 0
1747648977868 nan 0
1747648977937 nan 0
1747648977957 nan 0
1747648978063 nan 0
1747648978089 nan 0
1747648978108 nan 0
1747648978120 nan 0
1747648978142 nan 0
1747648978181 nan 0
1747648978197 nan 0
1747648978205 nan 0
1747648978214 nan 0
1747648978226 nan 0
1747648978258 nan 0
1747648978275 nan 0
1747648978323 nan 0
1747648978344 nan 0
1747648978408 nan 0
1747648978419 nan 0
1747648978456 nan 0
1747648978468 nan 0
1747648978487 nan 0
