1747648925336 0.0 0
1747648925347 100.0 0
1747648925358 0.0 0
1747648925387 0.0 0
1747648925396 0.0 0
1747648925415 100.0 0
1747648925428 100.0 0
1747648925448 0.0 0
1747648925456 0.0 0
1747648925470 0.0 0
1747648925487 0.0 0
1747648925495 0.0 0
1747648925507 100.0 0
1747648925523 100.0 0
1747648925536 0.0 0
1747648925549 0.0 0
1747648925582 0.0 0
1747648925612 0.0 0
1747648925652 100.0 0
1747648925666 0.0 0
1747648925679 100.0 0
1747648925692 0.0 0
1747648925710 0.0 0
1747648925725 0.0 0
1747648925744 0.0 0
1747648925758 100.0 0
1747648925770 100.0 0
1747648925782 100.0 0
1747648925803 0.0 0
1747648925819 100.0 0
1747648925832 100.0 0
1747648925847 100.0 0
1747648925860 100.0 0
1747648925871 100.0 0
1747648925883 0.0 0
1747648925895 0.0 0
1747648925908 100.0 0
1747648925923 0.0 0
1747648925935 0.0 0
1747648925946 0.0 0
1747648925957 100.0 0
1747648925969 100.0 0
1747648925991 0.0 0
1747648926002 0.0 0
1747648926011 0.0 0
1747648926022 100.0 0
1747648926035 0.0 0
1747648926057 100.0 0
1747648926069 0.0 0
1747648926081 100.0 0
1747648926092 100.0 0
1747648926114 0.0 0
1747648926125 0.0 0
1747648926141 0.0 0
1747648926152 0.0 0
1747648926165 100.0 0
1747648926179 0.0 0
1747648926195 0.0 0
1747648926211 100.0 0
1747648926222 100.0 0
1747648926232 0.0 0
1747648926244 100.0 0
1747648926256 100.0 0
1747648926263 0.0 0
1747648926272 0.0 0
1747648926279 0.0 0
1747648926291 0.0 0
1747648926302 100.0 0
1747648926323 0.0 0
1747648926333 0.0 0
1747648926345 100.0 0
1747648926356 0.0 0
1747648926375 0.0 0
1747648926397 100.0 0
1747648926409 0.0 0
1747648926421 0.0 0
1747648926432 0.0 0
1747648926453 0.0 0
1747648926473 100.0 0
1747648926483 100.0 0
1747648926499 0.0 0
1747648926533 0.0 0
1747648926547 0.0 0
1747648926561 100.0 0
1747648926575 0.0 0
1747648926589 0.0 0
1747648926620 100.0 0
1747648926633 100.0 0
1747648926654 0.0 0
1747648926669 0.0 0
1747648926682 100.0 0
1747648926694 100.0 0
1747648926707 100.0 0
1747648926721 100.0 0
1747648926734 100.0 0
1747648926747 100.0 0
1747648926762 100.0 0
1747648926772 100.0 0
1747648926785 0.0 0
1747648926796 100.0 0
1747648926807 0.0 0
1747648926820 100.0 0
1747648926829 0.0 0
1747648926839 100.0 0
1747648926854 0.0 0
1747648926868 0.0 0
1747648926899 0.0 0
1747648926915 0.0 0
1747648926932 0.0 0
1747648926945 100.0 0
1747648926964 100.0 0
1747648926984 100.0 0
1747648926997 100.0 0
1747648927012 100.0 0
1747648927023 0.0 0
1747648927038 100.0 0
1747648927052 100.0 0
1747648927072 100.0 0
1747648927093 100.0 0
1747648927105 0.0 0
1747648927122 100.0 0
1747648927132 100.0 0
1747648927143 100.0 0
1747648927156 0.0 0
1747648927167 0.0 0
1747648927176 100.0 0
1747648927188 100.0 0
1747648927200 100.0 0
1747648927210 100.0 0
1747648927222 100.0 0
1747648927242 0.0 0
1747648927253 0.0 0
1747648927263 0.0 0
1747648927273 0.0 0
1747648927290 100.0 0
1747648927301 0.0 0
1747648927312 100.0 0
1747648927336 0.0 0
1747648927347 100.0 0
1747648927358 100.0 0
1747648927374 100.0 0
1747648927385 100.0 0
1747648927401 0.0 0
1747648927412 0.0 0
1747648927423 0.0 0
1747648927435 0.0 0
1747648927451 0.0 0
1747648927460 0.0 0
1747648927490 0.0 0
1747648927501 100.0 0
1747648927512 100.0 0
1747648927522 0.0 0
1747648927533 0.0 0
1747648927565 100.0 0
1747648927582 100.0 0
1747648927593 0.0 0
1747648927604 0.0 0
1747648927616 0.0 0
1747648927627 100.0 0
1747648927638 100.0 0
1747648927650 0.0 0
1747648927671 0.0 0
1747648927685 100.0 0
1747648927700 0.0 0
1747648927719 100.0 0
1747648927732 0.0 0
1747648927745 0.0 0
1747648927756 100.0 0
1747648927768 0.0 0
1747648927779 0.0 0
1747648927794 100.0 0
1747648927804 0.0 0
1747648927821 0.0 0
1747648927838 100.0 0
1747648927846 100.0 0
1747648927857 100.0 0
1747648927886 100.0 0
1747648927909 100.0 0
1747648927943 0.0 0
1747648927962 100.0 0
1747648927996 0.0 0
1747648928016 100.0 0
1747648928033 0.0 0
1747648928044 0.0 0
1747648928055 100.0 0
1747648928067 0.0 0
1747648928078 0.0 0
1747648928090 100.0 0
1747648928108 0.0 0
1747648928135 100.0 0
1747648928148 0.0 0
1747648928160 0.0 0
1747648928178 0.0 0
1747648928189 100.0 0
1747648928211 100.0 0
1747648928222 100.0 0
1747648928233 100.0 0
1747648928244 100.0 0
1747648928260 0.0 0
1747648928271 0.0 0
1747648928282 100.0 0
1747648928299 100.0 0
1747648928324 100.0 0
1747648928358 0.0 0
1747648928371 0.0 0
1747648928383 0.0 0
1747648928394 100.0 0
1747648928412 100.0 0
1747648928425 0.0 0
1747648928436 0.0 0
1747648928447 100.0 0
1747648928459 100.0 0
1747648928476 0.0 0
1747648928487 100.0 0
1747648928510 0.0 0
1747648928522 0.0 0
1747648928533 100.0 0
1747648928548 0.0 0
1747648928559 0.0 0
1747648928574 0.0 0
1747648928584 100.0 0
1747648928596 100.0 0
1747648928607 100.0 0
1747648928617 100.0 0
1747648928629 0.0 0
1747648928647 100.0 0
1747648928661 0.0 0
1747648928674 0.0 0
1747648928685 0.0 0
1747648928696 0.0 0
1747648928706 100.0 0
1747648928724 100.0 0
1747648928735 0.0 0
1747648928746 100.0 0
1747648928757 0.0 0
1747648928767 100.0 0
1747648928783 0.0 0
1747648928797 100.0 0
1747648928808 100.0 0
1747648928819 0.0 0
1747648928827 100.0 0
1747648928836 0.0 0
1747648928846 100.0 0
1747648928857 100.0 0
1747648928868 0.0 0
1747648928885 0.0 0
1747648928901 0.0 0
1747648928915 100.0 0
1747648928929 100.0 0
1747648928940 0.0 0
1747648928952 100.0 0
1747648928964 100.0 0
1747648928975 100.0 0
1747648928992 0.0 0
1747648929003 100.0 0
1747648929025 100.0 0
1747648929037 0.0 0
1747648929052 0.0 0
1747648929063 0.0 0
1747648929074 100.0 0
1747648929089 0.0 0
1747648929100 0.0 0
1747648929113 0.0 0
1747648929125 100.0 0
1747648929137 100.0 0
1747648929167 0.0 0
1747648929179 100.0 0
1747648929210 100.0 0
1747648929223 100.0 0
1747648929235 0.0 0
1747648929247 100.0 0
1747648929262 100.0 0
1747648929270 100.0 0
1747648929277 0.0 0
1747648929294 100.0 0
1747648929305 100.0 0
1747648929322 100.0 0
1747648929339 0.0 0
1747648929352 0.0 0
1747648929363 100.0 0
1747648929374 100.0 0
1747648929411 0.0 0
1747648929419 0.0 0
1747648929429 0.0 0
1747648929439 0.0 0
1747648929464 0.0 0
1747648929481 0.0 0
1747648929497 100.0 0
1747648929508 100.0 0
1747648929526 0.0 0
1747648929538 0.0 0
1747648929550 100.0 0
1747648929566 100.0 0
1747648929577 100.0 0
1747648929588 100.0 0
1747648929600 100.0 0
1747648929616 0.0 0
1747648929628 100.0 0
1747648929641 0.0 0
1747648929651 0.0 0
1747648929662 100.0 0
1747648929674 0.0 0
1747648929685 100.0 0
1747648929694 0.0 0
1747648929710 0.0 0
1747648929728 0.0 0
1747648929740 100.0 0
1747648929751 100.0 0
1747648929763 100.0 0
1747648929774 100.0 0
1747648929785 0.0 0
1747648929802 100.0 0
1747648929811 0.0 0
1747648929827 0.0 0
1747648929837 0.0 0
1747648929848 100.0 0
1747648929863 100.0 0
1747648929874 100.0 0
1747648929895 100.0 0
1747648929907 100.0 0
1747648929931 100.0 0
1747648929943 0.0 0
1747648929956 100.0 0
1747648929968 100.0 0
1747648929983 0.0 0
1747648929994 0.0 0
1747648930005 0.0 0
1747648930015 100.0 0
1747648930039 0.0 0
1747648930071 100.0 0
1747648930083 100.0 0
1747648930093 0.0 0
1747648930104 0.0 0
1747648930119 0.0 0
1747648930131 0.0 0
1747648930143 100.0 0
1747648930181 0.0 0
1747648930197 100.0 0
1747648930208 100.0 0
1747648930218 100.0 0
1747648930233 0.0 0
1747648930249 0.0 0
1747648930262 0.0 0
1747648930273 0.0 0
1747648930284 0.0 0
1747648930293 100.0 0
1747648930304 0.0 0
1747648930316 0.0 0
1747648930325 0.0 0
1747648930338 0.0 0
1747648930350 0.0 0
1747648930361 0.0 0
1747648930373 100.0 0
1747648930384 100.0 0
1747648930396 0.0 0
1747648930403 100.0 0
1747648930421 100.0 0
1747648930430 0.0 0
1747648930442 0.0 0
1747648930453 0.0 0
1747648930464 100.0 0
1747648930475 100.0 0
1747648930489 0.0 0
1747648930498 100.0 0
1747648930512 100.0 0
1747648930521 0.0 0
1747648930530 0.0 0
1747648930547 0.0 0
1747648930571 0.0 0
1747648930583 100.0 0
1747648930605 100.0 0
1747648930619 0.0 0
1747648930628 100.0 0
1747648930637 0.0 0
1747648930655 0.0 0
1747648930667 100.0 0
1747648930677 100.0 0
1747648930688 100.0 0
1747648930700 100.0 0
1747648930711 100.0 0
1747648930721 0.0 0
1747648930732 100.0 0
1747648930739 0.0 0
1747648930757 100.0 0
1747648930774 0.0 0
1747648930785 0.0 0
1747648930800 0.0 0
1747648930815 100.0 0
1747648930829 100.0 0
1747648930849 100.0 0
1747648930860 100.0 0
1747648930868 0.0 0
1747648930887 100.0 0
1747648930899 0.0 0
1747648930910 100.0 0
1747648930935 100.0 0
1747648930952 0.0 0
1747648930961 0.0 0
1747648930974 100.0 0
1747648930991 0.0 0
1747648931005 100.0 0
1747648931024 100.0 0
1747648931036 0.0 0
1747648931047 100.0 0
1747648931058 0.0 0
1747648931072 0.0 0
1747648931094 0.0 0
1747648931105 100.0 0
1747648931117 0.0 0
1747648931128 100.0 0
1747648931135 100.0 0
1747648931147 100.0 0
1747648931157 0.0 0
1747648931169 0.0 0
1747648931186 0.0 0
1747648931197 0.0 0
1747648931208 0.0 0
1747648931217 100.0 0
1747648931229 100.0 0
1747648931242 100.0 0
1747648931251 100.0 0
1747648931263 100.0 0
1747648931274 0.0 0
1747648931285 0.0 0
1747648931295 0.0 0
1747648931321 100.0 0
1747648931332 100.0 0
1747648931351 100.0 0
1747648931363 100.0 0
1747648931375 0.0 0
1747648931388 100.0 0
1747648931399 100.0 0
1747648931406 100.0 0
1747648931417 100.0 0
1747648931429 100.0 0
1747648931441 0.0 0
1747648931453 0.0 0
1747648931464 100.0 0
1747648931473 0.0 0
1747648931484 100.0 0
1747648931494 0.0 0
1747648931503 0.0 0
1747648931513 0.0 0
1747648931522 100.0 0
1747648931533 0.0 0
1747648931544 0.0 0
1747648931553 0.0 0
1747648931563 0.0 0
1747648931571 0.0 0
1747648931583 100.0 0
1747648931595 100.0 0
1747648931607 100.0 0
1747648931618 0.0 0
1747648931626 100.0 0
1747648931638 100.0 0
1747648931650 0.0 0
1747648931662 100.0 0
1747648931676 100.0 0
1747648931688 100.0 0
1747648931701 100.0 0
1747648931712 0.0 0
1747648931728 0.0 0
1747648931739 0.0 0
1747648931750 0.0 0
1747648931761 100.0 0
1747648931772 100.0 0
1747648931784 100.0 0
1747648931796 100.0 0
1747648931813 100.0 0
1747648931822 0.0 0
1747648931831 100.0 0
1747648931842 100.0 0
1747648931851 100.0 0
1747648931866 100.0 0
1747648931877 0.0 0
1747648931893 0.0 0
1747648931917 100.0 0
1747648931931 100.0 0
1747648931948 0.0 0
1747648931960 0.0 0
1747648931976 0.0 0
1747648931988 0.0 0
1747648932006 100.0 0
1747648932015 0.0 0
1747648932023 0.0 0
1747648932034 100.0 0
1747648932045 100.0 0
1747648932053 0.0 0
1747648932067 0.0 0
1747648932082 0.0 0
1747648932092 0.0 0
1747648932104 100.0 0
1747648932115 100.0 0
1747648932127 0.0 0
1747648932138 0.0 0
1747648932150 0.0 0
1747648932166 100.0 0
1747648932179 0.0 0
1747648932191 0.0 0
1747648932202 100.0 0
1747648932214 0.0 0
1747648932222 100.0 0
1747648932239 0.0 0
1747648932251 100.0 0
1747648932260 0.0 0
1747648932271 100.0 0
1747648932283 0.0 0
1747648932294 100.0 0
1747648932302 0.0 0
1747648932311 100.0 0
1747648932322 100.0 0
1747648932330 0.0 0
1747648932340 0.0 0
1747648932355 0.0 0
1747648932371 100.0 0
1747648932382 0.0 0
1747648932400 0.0 0
1747648932413 100.0 0
1747648932437 0.0 0
1747648932446 100.0 0
1747648932457 100.0 0
1747648932477 100.0 0
1747648932488 100.0 0
1747648932505 0.0 0
1747648932519 100.0 0
1747648932530 0.0 0
1747648932542 0.0 0
1747648932558 0.0 0
1747648932569 0.0 0
1747648932581 0.0 0
1747648932590 0.0 0
1747648932602 0.0 0
1747648932613 0.0 0
1747648932631 0.0 0
1747648932645 100.0 0
1747648932655 0.0 0
1747648932672 100.0 0
1747648932683 0.0 0
1747648932701 0.0 0
1747648932717 100.0 0
1747648932734 0.0 0
1747648932748 0.0 0
1747648932755 0.0 0
1747648932768 0.0 0
1747648932779 0.0 0
1747648932793 100.0 0
1747648932806 100.0 0
1747648932819 100.0 0
1747648932830 100.0 0
1747648932847 0.0 0
1747648932859 0.0 0
1747648932877 100.0 0
1747648932889 100.0 0
1747648932903 0.0 0
1747648932914 100.0 0
1747648932925 0.0 0
1747648932938 0.0 0
1747648932950 100.0 0
1747648932964 0.0 0
1747648932975 0.0 0
1747648932987 0.0 0
1747648933006 100.0 0
1747648933023 0.0 0
1747648933048 0.0 0
1747648933062 0.0 0
1747648933081 0.0 0
1747648933091 0.0 0
1747648933111 0.0 0
1747648933130 100.0 0
1747648933144 0.0 0
1747648933156 100.0 0
1747648933173 100.0 0
1747648933186 0.0 0
1747648933198 100.0 0
1747648933215 100.0 0
1747648933229 100.0 0
1747648933241 100.0 0
1747648933252 0.0 0
1747648933263 100.0 0
1747648933271 0.0 0
1747648933287 0.0 0
1747648933298 0.0 0
1747648933312 0.0 0
1747648933328 100.0 0
1747648933344 100.0 0
1747648933356 100.0 0
1747648933367 100.0 0
1747648933376 100.0 0
1747648933387 100.0 0
1747648933403 100.0 0
1747648933412 100.0 0
1747648933430 0.0 0
1747648933443 0.0 0
1747648933454 0.0 0
1747648933466 0.0 0
1747648933478 100.0 0
1747648933486 0.0 0
1747648933495 0.0 0
1747648933507 0.0 0
1747648933518 100.0 0
1747648933529 100.0 0
1747648933560 100.0 0
1747648933571 100.0 0
1747648933603 100.0 0
1747648933630 100.0 0
1747648933648 100.0 0
1747648933665 0.0 0
1747648933676 100.0 0
1747648933688 0.0 0
1747648933699 100.0 0
1747648933710 0.0 0
1747648933722 0.0 0
1747648933733 100.0 0
1747648933751 100.0 0
1747648933762 0.0 0
1747648933780 0.0 0
1747648933791 100.0 0
1747648933802 100.0 0
1747648933810 0.0 0
1747648933822 0.0 0
1747648933837 100.0 0
1747648933856 0.0 0
1747648933876 0.0 0
1747648933893 100.0 0
1747648933910 100.0 0
1747648933921 100.0 0
1747648933945 0.0 0
1747648933959 0.0 0
1747648933970 0.0 0
1747648933980 0.0 0
1747648933997 0.0 0
1747648934010 100.0 0
1747648934021 0.0 0
1747648934034 100.0 0
1747648934057 0.0 0
1747648934069 0.0 0
1747648934080 0.0 0
1747648934094 100.0 0
1747648934103 100.0 0
1747648934110 0.0 0
1747648934123 0.0 0
1747648934140 0.0 0
1747648934152 0.0 0
1747648934162 100.0 0
1747648934173 0.0 0
1747648934185 100.0 0
1747648934196 100.0 0
1747648934206 0.0 0
1747648934218 100.0 0
1747648934226 0.0 0
1747648934238 0.0 0
1747648934252 0.0 0
1747648934264 100.0 0
1747648934291 0.0 0
1747648934303 100.0 0
1747648934314 100.0 0
1747648934323 0.0 0
1747648934338 100.0 0
1747648934346 0.0 0
1747648934354 0.0 0
1747648934365 100.0 0
1747648934375 0.0 0
1747648934387 100.0 0
1747648934398 100.0 0
1747648934409 100.0 0
1747648934423 0.0 0
1747648934440 0.0 0
1747648934452 100.0 0
1747648934469 100.0 0
1747648934477 0.0 0
1747648934492 0.0 0
1747648934505 100.0 0
1747648934517 100.0 0
1747648934528 0.0 0
1747648934540 100.0 0
1747648934547 0.0 0
1747648934559 100.0 0
1747648934582 0.0 0
1747648934597 100.0 0
1747648934608 100.0 0
1747648934619 100.0 0
1747648934641 100.0 0
1747648934659 0.0 0
1747648934677 100.0 0
1747648934688 100.0 0
1747648934705 100.0 0
1747648934716 0.0 0
1747648934727 0.0 0
1747648934738 0.0 0
1747648934750 100.0 0
1747648934772 0.0 0
1747648934798 0.0 0
1747648934815 0.0 0
1747648934825 100.0 0
1747648934836 100.0 0
1747648934846 100.0 0
1747648934858 100.0 0
1747648934870 0.0 0
1747648934881 100.0 0
1747648934896 0.0 0
1747648934905 0.0 0
1747648934916 0.0 0
1747648934930 100.0 0
1747648934942 100.0 0
1747648934951 0.0 0
1747648934961 0.0 0
1747648934987 100.0 0
1747648935000 100.0 0
1747648935014 0.0 0
1747648935025 0.0 0
1747648935036 0.0 0
1747648935048 100.0 0
1747648935055 100.0 0
1747648935068 0.0 0
1747648935091 0.0 0
1747648935109 100.0 0
1747648935118 0.0 0
1747648935132 0.0 0
1747648935144 100.0 0
1747648935156 0.0 0
1747648935165 100.0 0
1747648935172 100.0 0
1747648935186 0.0 0
1747648935198 100.0 0
1747648935210 100.0 0
1747648935220 100.0 0
1747648935231 100.0 0
1747648935247 100.0 0
1747648935258 100.0 0
1747648935268 0.0 0
1747648935282 100.0 0
1747648935292 100.0 0
1747648935305 100.0 0
1747648935313 0.0 0
1747648935337 100.0 0
1747648935348 100.0 0
1747648935363 0.0 0
1747648935374 0.0 0
1747648935391 0.0 0
1747648935402 100.0 0
1747648935411 0.0 0
1747648935420 0.0 0
1747648935428 100.0 0
1747648935447 100.0 0
1747648935463 0.0 0
1747648935475 0.0 0
1747648935489 100.0 0
1747648935511 0.0 0
1747648935522 100.0 0
1747648935532 100.0 0
1747648935543 0.0 0
1747648935556 100.0 0
1747648935566 0.0 0
1747648935577 0.0 0
1747648935589 0.0 0
1747648935598 0.0 0
1747648935610 100.0 0
1747648935621 0.0 0
1747648935632 100.0 0
1747648935648 0.0 0
1747648935659 100.0 0
1747648935670 0.0 0
1747648935682 100.0 0
1747648935701 100.0 0
1747648935715 100.0 0
1747648935726 100.0 0
1747648935735 0.0 0
1747648935743 0.0 0
1747648935754 100.0 0
1747648935764 0.0 0
1747648935779 100.0 0
1747648935790 100.0 0
1747648935797 0.0 0
1747648935814 0.0 0
1747648935825 100.0 0
1747648935836 100.0 0
1747648935844 0.0 0
1747648935861 0.0 0
1747648935878 0.0 0
1747648935891 100.0 0
1747648935903 100.0 0
1747648935914 100.0 0
1747648935927 0.0 0
1747648935938 100.0 0
1747648935951 100.0 0
1747648935960 0.0 0
1747648935970 0.0 0
1747648935979 0.0 0
1747648935991 100.0 0
1747648935998 100.0 0
1747648936009 100.0 0
1747648936019 0.0 0
1747648936034 100.0 0
1747648936045 0.0 0
1747648936056 0.0 0
1747648936063 0.0 0
1747648936081 0.0 0
1747648936093 100.0 0
1747648936105 100.0 0
1747648936121 100.0 0
1747648936143 0.0 0
1747648936160 100.0 0
1747648936171 0.0 0
1747648936179 0.0 0
1747648936186 0.0 0
1747648936195 0.0 0
1747648936204 0.0 0
1747648936216 0.0 0
1747648936223 100.0 0
1747648936233 100.0 0
1747648936243 100.0 0
1747648936259 0.0 0
1747648936267 0.0 0
1747648936276 100.0 0
1747648936288 100.0 0
1747648936306 0.0 0
1747648936317 0.0 0
1747648936327 100.0 0
1747648936339 100.0 0
1747648936355 0.0 0
1747648936373 100.0 0
1747648936383 100.0 0
1747648936395 100.0 0
1747648936409 0.0 0
1747648936423 100.0 0
1747648936434 0.0 0
1747648936444 0.0 0
1747648936455 0.0 0
1747648937322 0.0 0
1747648937336 0.0 0
1747648937347 0.0 0
1747648937367 100.0 0
1747648937379 100.0 0
1747648937403 0.0 0
1747648937427 100.0 0
1747648937444 0.0 0
1747648937470 100.0 0
1747648937484 0.0 0
1747648937499 0.0 0
1747648937514 100.0 0
1747648937526 100.0 0
1747648937557 100.0 0
1747648937597 0.0 0
1747648937626 0.0 0
1747648937638 100.0 0
1747648937650 0.0 0
1747648937662 0.0 0
1747648937674 0.0 0
1747648937701 100.0 0
1747648937727 100.0 0
1747648937748 100.0 0
1747648937763 100.0 0
1747648937775 0.0 0
1747648937790 100.0 0
1747648937800 0.0 0
1747648937812 100.0 0
1747648937828 100.0 0
1747648937855 100.0 0
1747648937866 0.0 0
1747648937888 0.0 0
1747648937900 0.0 0
1747648937931 0.0 0
1747648937944 100.0 0
1747648937956 0.0 0
1747648937967 0.0 0
1747648937984 100.0 0
1747648937995 100.0 0
1747648938006 0.0 0
1747648938019 0.0 0
1747648938028 100.0 0
1747648938037 0.0 0
1747648938048 100.0 0
1747648938059 100.0 0
1747648938072 100.0 0
1747648938091 0.0 0
1747648938104 100.0 0
1747648938137 100.0 0
1747648938149 0.0 0
1747648938165 0.0 0
1747648938176 0.0 0
1747648938187 0.0 0
1747648938199 0.0 0
1747648938215 100.0 0
1747648938226 0.0 0
1747648938240 0.0 0
1747648938251 100.0 0
1747648938263 0.0 0
1747648938274 100.0 0
1747648938285 0.0 0
1747648938293 100.0 0
1747648938304 0.0 0
1747648938315 0.0 0
1747648938322 0.0 0
1747648938331 100.0 0
1747648938356 0.0 0
1747648938367 0.0 0
1747648938377 0.0 0
1747648938385 0.0 0
1747648938396 0.0 0
1747648938409 0.0 0
1747648938422 100.0 0
1747648938441 100.0 0
1747648938457 100.0 0
1747648938473 100.0 0
1747648938483 100.0 0
1747648938494 0.0 0
1747648938505 100.0 0
1747648938517 100.0 0
1747648938528 100.0 0
1747648938541 0.0 0
1747648938553 100.0 0
1747648938565 0.0 0
1747648938576 0.0 0
1747648938586 100.0 0
1747648938595 100.0 0
1747648938605 0.0 0
1747648938617 0.0 0
1747648938629 0.0 0
1747648938644 100.0 0
1747648938679 0.0 0
1747648938699 100.0 0
1747648938711 0.0 0
1747648938723 0.0 0
1747648938750 0.0 0
1747648938762 0.0 0
1747648938779 0.0 0
1747648938790 0.0 0
1747648938802 100.0 0
1747648938814 100.0 0
1747648938839 100.0 0
1747648938850 100.0 0
1747648938866 100.0 0
1747648938898 100.0 0
1747648938909 0.0 0
1747648938928 0.0 0
1747648938942 100.0 0
1747648938953 0.0 0
1747648938962 0.0 0
1747648938995 100.0 0
1747648939010 100.0 0
1747648939023 100.0 0
1747648939037 0.0 0
1747648939046 0.0 0
1747648939061 0.0 0
1747648939072 100.0 0
1747648939082 100.0 0
1747648939104 100.0 0
1747648939117 0.0 0
1747648939128 100.0 0
1747648939138 0.0 0
1747648939150 0.0 0
1747648939162 100.0 0
1747648939176 100.0 0
1747648939188 100.0 0
1747648939198 0.0 0
1747648939209 100.0 0
1747648939220 100.0 0
1747648939231 100.0 0
1747648939241 100.0 0
1747648939252 100.0 0
1747648939260 100.0 0
1747648939272 0.0 0
1747648939283 0.0 0
1747648939294 0.0 0
1747648939327 0.0 0
1747648939340 0.0 0
1747648939359 0.0 0
1747648939381 0.0 0
1747648939395 0.0 0
1747648939426 100.0 0
1747648939439 100.0 0
1747648939453 0.0 0
1747648939473 100.0 0
1747648939485 0.0 0
1747648939509 0.0 0
1747648939529 0.0 0
1747648939540 0.0 0
1747648939566 0.0 0
1747648939593 0.0 0
1747648939611 0.0 0
1747648939623 0.0 0
1747648939635 0.0 0
1747648939648 100.0 0
1747648939670 0.0 0
1747648939683 0.0 0
1747648939696 100.0 0
1747648939708 100.0 0
1747648939726 100.0 0
1747648939755 100.0 0
1747648939768 0.0 0
1747648939795 100.0 0
1747648939808 100.0 0
1747648939828 0.0 0
1747648939841 100.0 0
1747648939854 100.0 0
1747648939864 0.0 0
1747648939877 100.0 0
1747648939900 0.0 0
1747648939940 100.0 0
1747648939960 100.0 0
1747648939982 0.0 0
1747648939998 100.0 0
1747648940013 0.0 0
1747648940024 100.0 0
1747648940045 100.0 0
1747648940069 100.0 0
1747648940096 0.0 0
1747648940109 100.0 0
1747648940120 0.0 0
1747648940154 100.0 0
1747648940171 100.0 0
1747648940186 0.0 0
1747648940223 0.0 0
1747648940238 0.0 0
1747648940266 100.0 0
1747648940279 0.0 0
1747648940304 100.0 0
1747648940317 0.0 0
1747648940331 100.0 0
1747648940346 100.0 0
1747648940359 100.0 0
1747648940384 100.0 0
1747648940399 0.0 0
1747648940446 100.0 0
1747648940459 0.0 0
1747648940476 0.0 0
1747648940498 0.0 0
1747648940509 100.0 0
1747648940524 0.0 0
1747648940535 0.0 0
1747648940547 0.0 0
1747648940556 100.0 0
1747648940567 100.0 0
1747648940576 0.0 0
1747648940604 100.0 0
1747648940636 0.0 0
1747648940651 100.0 0
1747648940661 100.0 0
1747648940675 0.0 0
1747648940686 100.0 0
1747648940698 100.0 0
1747648940709 0.0 0
1747648940721 0.0 0
1747648940733 0.0 0
1747648940744 0.0 0
1747648940761 0.0 0
1747648940786 100.0 0
1747648940811 0.0 0
1747648940832 0.0 0
1747648940846 100.0 0
1747648940857 100.0 0
1747648940871 100.0 0
1747648940882 0.0 0
1747648940900 0.0 0
1747648940912 0.0 0
1747648940937 0.0 0
1747648940973 100.0 0
1747648940987 0.0 0
1747648941000 100.0 0
1747648941022 0.0 0
1747648941035 0.0 0
1747648941050 0.0 0
1747648941062 0.0 0
1747648941074 100.0 0
1747648941089 100.0 0
1747648941104 0.0 0
1747648941119 0.0 0
1747648941131 0.0 0
1747648941152 100.0 0
1747648941167 100.0 0
1747648941187 0.0 0
1747648941205 0.0 0
1747648941221 100.0 0
1747648941235 100.0 0
1747648941296 0.0 0
1747648941380 100.0 0
1747648941393 0.0 0
1747648941422 0.0 0
1747648941445 100.0 0
1747648941460 0.0 0
1747648941491 100.0 0
1747648941511 0.0 0
1747648941521 0.0 0
1747648941530 0.0 0
1747648941558 100.0 0
1747648941569 100.0 0
1747648941578 100.0 0
1747648941600 0.0 0
1747648941609 0.0 0
1747648941623 0.0 0
1747648941637 100.0 0
1747648941651 0.0 0
1747648941665 0.0 0
1747648941686 0.0 0
1747648941706 100.0 0
1747648941720 0.0 0
1747648941733 0.0 0
1747648941747 100.0 0
1747648941768 100.0 0
1747648941782 0.0 0
1747648941795 0.0 0
1747648941806 100.0 0
1747648941824 100.0 0
1747648941851 100.0 0
1747648941870 0.0 0
1747648941883 100.0 0
1747648941902 100.0 0
1747648941914 0.0 0
1747648941941 100.0 0
1747648941956 0.0 0
1747648941976 0.0 0
1747648941989 0.0 0
1747648942001 0.0 0
1747648942014 100.0 0
1747648942026 100.0 0
1747648942041 100.0 0
1747648942064 100.0 0
1747648942077 100.0 0
1747648942095 0.0 0
1747648942106 100.0 0
1747648942118 100.0 0
1747648942130 0.0 0
1747648942156 100.0 0
1747648942167 0.0 0
1747648942179 0.0 0
1747648942190 100.0 0
1747648942217 100.0 0
1747648942230 100.0 0
1747648942239 0.0 0
1747648942251 100.0 0
1747648942263 100.0 0
1747648942275 0.0 0
1747648942289 0.0 0
1747648942304 100.0 0
1747648942318 0.0 0
1747648942333 100.0 0
1747648942352 0.0 0
1747648942360 0.0 0
1747648942368 0.0 0
1747648942384 0.0 0
1747648942397 0.0 0
1747648942414 0.0 0
1747648942425 0.0 0
1747648942444 0.0 0
1747648942468 100.0 0
1747648942489 0.0 0
1747648942503 100.0 0
1747648942515 100.0 0
1747648942528 100.0 0
1747648942539 0.0 0
1747648942560 100.0 0
1747648942578 100.0 0
1747648942589 0.0 0
1747648942602 0.0 0
1747648942625 0.0 0
1747648942636 100.0 0
1747648942651 100.0 0
1747648942664 100.0 0
1747648942682 100.0 0
1747648942693 0.0 0
1747648942709 0.0 0
1747648942719 100.0 0
1747648942736 100.0 0
1747648942748 100.0 0
1747648942773 0.0 0
1747648942794 0.0 0
1747648942814 0.0 0
1747648942833 0.0 0
1747648942845 0.0 0
1747648942858 0.0 0
1747648942873 100.0 0
1747648942886 100.0 0
1747648942896 0.0 0
1747648942912 100.0 0
1747648942924 0.0 0
1747648942937 100.0 0
1747648942949 0.0 0
1747648942960 0.0 0
1747648942987 100.0 0
1747648943000 0.0 0
1747648943029 0.0 0
1747648943042 0.0 0
1747648943054 100.0 0
1747648943068 0.0 0
1747648943090 100.0 0
1747648943108 100.0 0
1747648943123 100.0 0
1747648943136 100.0 0
1747648943149 100.0 0
1747648943180 100.0 0
1747648943195 0.0 0
1747648943206 0.0 0
1747648943218 0.0 0
1747648943231 100.0 0
1747648943244 0.0 0
1747648943257 0.0 0
1747648943270 0.0 0
1747648943284 100.0 0
1747648943306 0.0 0
1747648943320 100.0 0
1747648943340 100.0 0
1747648943353 100.0 0
1747648943373 100.0 0
1747648943388 0.0 0
1747648943406 100.0 0
1747648943426 100.0 0
1747648943444 0.0 0
1747648943456 100.0 0
1747648943466 100.0 0
1747648943478 100.0 0
1747648943501 100.0 0
1747648943528 100.0 0
1747648943557 0.0 0
1747648943582 0.0 0
1747648943595 0.0 0
1747648943614 100.0 0
1747648943628 100.0 0
1747648943653 0.0 0
1747648943666 100.0 0
1747648943679 100.0 0
1747648943691 100.0 0
1747648943704 100.0 0
1747648943718 100.0 0
1747648943731 100.0 0
1747648943750 100.0 0
1747648943764 100.0 0
1747648943783 0.0 0
1747648943795 0.0 0
1747648943807 0.0 0
1747648943820 100.0 0
1747648943833 100.0 0
1747648943852 100.0 0
1747648943864 0.0 0
1747648943873 0.0 0
1747648943888 100.0 0
1747648943902 0.0 0
1747648943924 100.0 0
1747648943935 100.0 0
1747648943968 0.0 0
1747648943997 100.0 0
1747648944009 0.0 0
1747648944024 0.0 0
1747648944043 100.0 0
1747648944063 100.0 0
1747648944082 0.0 0
1747648944103 100.0 0
1747648944128 0.0 0
1747648944145 0.0 0
1747648944167 0.0 0
1747648944187 100.0 0
1747648944208 100.0 0
1747648944222 100.0 0
1747648944236 100.0 0
1747648944245 0.0 0
1747648944268 100.0 0
1747648944302 0.0 0
1747648944337 0.0 0
1747648944382 100.0 0
1747648944394 0.0 0
1747648944405 100.0 0
1747648944433 0.0 0
1747648944452 100.0 0
1747648944469 100.0 0
1747648944481 100.0 0
1747648944495 0.0 0
1747648944506 0.0 0
1747648944521 0.0 0
1747648944542 0.0 0
1747648944556 0.0 0
1747648944564 0.0 0
1747648944578 0.0 0
1747648944599 100.0 0
1747648944610 100.0 0
1747648944623 0.0 0
1747648944639 0.0 0
1747648944654 0.0 0
1747648944672 0.0 0
1747648944703 0.0 0
1747648944716 0.0 0
1747648944727 0.0 0
1747648944740 0.0 0
1747648944756 0.0 0
1747648944768 0.0 0
1747648944780 0.0 0
1747648944791 0.0 0
1747648944802 100.0 0
1747648944817 100.0 0
1747648944825 0.0 0
1747648944837 100.0 0
1747648944867 100.0 0
1747648944885 100.0 0
1747648944896 100.0 0
1747648944906 0.0 0
1747648944925 0.0 0
1747648944938 100.0 0
1747648944967 100.0 0
1747648944980 100.0 0
1747648944993 0.0 0
1747648945005 0.0 0
1747648945016 0.0 0
1747648945032 0.0 0
1747648945054 100.0 0
1747648945072 0.0 0
1747648945093 0.0 0
1747648945106 100.0 0
1747648945115 0.0 0
1747648945129 0.0 0
1747648945143 100.0 0
1747648945154 0.0 0
1747648945171 0.0 0
1747648945181 100.0 0
1747648945200 0.0 0
1747648945212 100.0 0
1747648945224 0.0 0
1747648945236 100.0 0
1747648945247 0.0 0
1747648945263 0.0 0
1747648945282 100.0 0
1747648945294 100.0 0
1747648945316 100.0 0
1747648945331 100.0 0
1747648945343 0.0 0
1747648945357 0.0 0
1747648945369 0.0 0
1747648945380 0.0 0
1747648945399 100.0 0
1747648945412 0.0 0
1747648945426 0.0 0
1747648945437 100.0 0
1747648945448 100.0 0
1747648945463 0.0 0
1747648945474 100.0 0
1747648945485 100.0 0
1747648945501 0.0 0
1747648945512 0.0 0
1747648945523 0.0 0
1747648945535 0.0 0
1747648945553 100.0 0
1747648945570 100.0 0
1747648945582 0.0 0
1747648945605 0.0 0
1747648945625 0.0 0
1747648945643 100.0 0
1747648945654 100.0 0
1747648945665 0.0 0
1747648945677 0.0 0
1747648945694 100.0 0
1747648945722 0.0 0
1747648945734 0.0 0
1747648945766 0.0 0
1747648945783 0.0 0
1747648945798 100.0 0
1747648945807 0.0 0
1747648945819 0.0 0
1747648945829 100.0 0
1747648945838 0.0 0
1747648945852 100.0 0
1747648945879 100.0 0
1747648945891 0.0 0
1747648945906 0.0 0
1747648945917 100.0 0
1747648945928 0.0 0
1747648945940 0.0 0
1747648945957 0.0 0
1747648945974 100.0 0
1747648945999 100.0 0
1747648946011 0.0 0
1747648946040 100.0 0
1747648946059 100.0 0
1747648946071 0.0 0
1747648946082 100.0 0
1747648946094 100.0 0
1747648946107 0.0 0
1747648946133 100.0 0
1747648946142 0.0 0
1747648946162 0.0 0
1747648946185 0.0 0
1747648946196 0.0 0
1747648946207 0.0 0
1747648946219 100.0 0
1747648946229 100.0 0
1747648946246 100.0 0
1747648946257 0.0 0
1747648946267 0.0 0
1747648946281 100.0 0
1747648946315 0.0 0
1747648946326 100.0 0
1747648946349 100.0 0
1747648946370 0.0 0
1747648946382 0.0 0
1747648946418 100.0 0
1747648946436 100.0 0
1747648946445 100.0 0
1747648946457 0.0 0
1747648946471 0.0 0
1747648946488 100.0 0
1747648946497 100.0 0
1747648946511 100.0 0
1747648946523 100.0 0
1747648946547 0.0 0
1747648946559 0.0 0
1747648946585 0.0 0
1747648946599 100.0 0
1747648946625 0.0 0
1747648946646 0.0 0
1747648946657 100.0 0
1747648946669 100.0 0
1747648946688 100.0 0
1747648946705 100.0 0
1747648946717 0.0 0
1747648946729 100.0 0
1747648946738 0.0 0
1747648946748 100.0 0
1747648946756 100.0 0
1747648946765 100.0 0
1747648946777 100.0 0
1747648946790 0.0 0
1747648946804 100.0 0
1747648946815 0.0 0
1747648946826 100.0 0
1747648946834 0.0 0
1747648946856 100.0 0
1747648946876 100.0 0
1747648946888 0.0 0
1747648946938 0.0 0
1747648946955 100.0 0
1747648946977 0.0 0
1747648946996 100.0 0
1747648947012 100.0 0
1747648947042 100.0 0
1747648947051 100.0 0
1747648947063 100.0 0
1747648947071 100.0 0
1747648947083 100.0 0
1747648947090 0.0 0
1747648947102 0.0 0
1747648947115 0.0 0
1747648947128 100.0 0
1747648947138 100.0 0
1747648947148 0.0 0
1747648947155 0.0 0
1747648947164 0.0 0
1747648947176 100.0 0
1747648947187 100.0 0
1747648947205 100.0 0
1747648947218 100.0 0
1747648947237 100.0 0
1747648947244 0.0 0
1747648947252 0.0 0
1747648947264 100.0 0
1747648947288 0.0 0
1747648947299 0.0 0
1747648947310 100.0 0
1747648947318 0.0 0
1747648947341 0.0 0
1747648947351 100.0 0
1747648947373 100.0 0
1747648947392 0.0 0
1747648947410 0.0 0
1747648947430 100.0 0
1747648947443 100.0 0
1747648947451 100.0 0
1747648947460 0.0 0
1747648947471 0.0 0
1747648947481 0.0 0
1747648947490 100.0 0
1747648947511 100.0 0
1747648947529 0.0 0
1747648947544 100.0 0
1747648947561 100.0 0
1747648947572 100.0 0
1747648947605 0.0 0
1747648947630 0.0 0
1747648947651 100.0 0
1747648947672 0.0 0
1747648947692 0.0 0
1747648947708 100.0 0
1747648947719 100.0 0
1747648947731 100.0 0
1747648947744 100.0 0
1747648947774 100.0 0
1747648947790 100.0 0
1747648947806 100.0 0
1747648947835 100.0 0
1747648947859 0.0 0
1747648947872 100.0 0
1747648947885 100.0 0
1747648947908 100.0 0
1747648947918 0.0 0
1747648947935 100.0 0
1747648947952 0.0 0
1747648947963 100.0 0
1747648947975 0.0 0
1747648947985 100.0 0
1747648948014 100.0 0
1747648948033 0.0 0
1747648948044 0.0 0
1747648948056 0.0 0
1747648948068 0.0 0
1747648948088 0.0 0
1747648948100 0.0 0
1747648948111 0.0 0
1747648948123 0.0 0
1747648948137 0.0 0
1747648948159 100.0 0
1747648948177 100.0 0
1747648948190 100.0 0
1747648948218 100.0 0
1747648948236 100.0 0
1747648948249 0.0 0
1747648948276 0.0 0
1747648948289 100.0 0
1747648948313 100.0 0
1747648948340 0.0 0
1747648948352 0.0 0
1747648948362 0.0 0
1747648948371 0.0 0
1747648948395 100.0 0
1747648948408 0.0 0
1747648948434 0.0 0
1747648948447 0.0 0
1747648948459 0.0 0
1747648948474 100.0 0
1747648948488 100.0 0
1747648948497 100.0 0
1747648948504 0.0 0
1747648948525 100.0 0
1747648948540 100.0 0
1747648948556 0.0 0
1747648948565 100.0 0
1747648948590 100.0 0
1747648948607 0.0 0
1747648948622 0.0 0
1747648948641 0.0 0
1747648948667 0.0 0
1747648948687 100.0 0
1747648948721 0.0 0
1747648948733 100.0 0
1747648948754 100.0 0
1747648948771 0.0 0
1747648948799 0.0 0
1747648948820 100.0 0
1747648948846 100.0 0
1747648948889 100.0 0
1747648948907 0.0 0
1747648948937 0.0 0
1747648948947 100.0 0
1747648948963 100.0 0
1747648948973 100.0 0
1747648948986 100.0 0
1747648948998 100.0 0
1747648949006 0.0 0
1747648949024 0.0 0
1747648949046 100.0 0
1747648949066 0.0 0
1747648949085 0.0 0
1747648949108 100.0 0
1747648949117 0.0 0
1747648949135 100.0 0
1747648949163 100.0 0
1747648949173 100.0 0
1747648949188 100.0 0
1747648949198 0.0 0
1747648949214 0.0 0
1747648949226 100.0 0
1747648949238 100.0 0
1747648949264 0.0 0
1747648949282 100.0 0
1747648949294 0.0 0
1747648949302 0.0 0
1747648949314 0.0 0
1747648949330 100.0 0
1747648949339 100.0 0
1747648949353 100.0 0
1747648949363 100.0 0
1747648949371 100.0 0
1747648949383 100.0 0
1747648949394 0.0 0
1747648949405 100.0 0
1747648949416 100.0 0
1747648949427 0.0 0
1747648949456 100.0 0
1747648949471 100.0 0
1747648949497 0.0 0
1747648949513 0.0 0
1747648949525 100.0 0
1747648949540 0.0 0
1747648949552 0.0 0
1747648949566 100.0 0
1747648949577 100.0 0
1747648949598 0.0 0
1747648949607 0.0 0
1747648949624 100.0 0
1747648949640 100.0 0
1747648949653 100.0 0
1747648949685 100.0 0
1747648949700 0.0 0
1747648949713 100.0 0
1747648949739 0.0 0
1747648949752 100.0 0
1747648949771 0.0 0
1747648949782 100.0 0
1747648949813 0.0 0
1747648949833 0.0 0
1747648949846 100.0 0
1747648949873 100.0 0
1747648949893 0.0 0
1747648949915 0.0 0
1747648949933 0.0 0
1747648949953 0.0 0
1747648949966 0.0 0
1747648949979 100.0 0
1747648949987 100.0 0
1747648950005 100.0 0
1747648950028 0.0 0
1747648950054 0.0 0
1747648950069 0.0 0
1747648950090 100.0 0
1747648950109 100.0 0
1747648950123 100.0 0
1747648950136 100.0 0
1747648950156 0.0 0
1747648950166 0.0 0
1747648950190 100.0 0
1747648950203 100.0 0
1747648950239 0.0 0
1747648950252 100.0 0
1747648950262 100.0 0
1747648950282 100.0 0
1747648950297 0.0 0
1747648950315 100.0 0
1747648950328 0.0 0
1747648950340 0.0 0
1747648950353 100.0 0
1747648950365 0.0 0
1747648950377 100.0 0
1747648950390 100.0 0
1747648950407 100.0 0
1747648950432 0.0 0
1747648950442 0.0 0
1747648950454 0.0 0
1747648950463 100.0 0
1747648950475 0.0 0
1747648950487 100.0 0
1747648950506 0.0 0
1747648950519 100.0 0
1747648950554 0.0 0
1747648950572 0.0 0
1747648950594 0.0 0
1747648950612 0.0 0
1747648950624 100.0 0
1747648950652 0.0 0
1747648950663 100.0 0
1747648950672 100.0 0
1747648950692 0.0 0
1747648950706 100.0 0
1747648950741 100.0 0
1747648950779 100.0 0
1747648950794 100.0 0
1747648950811 100.0 0
1747648950830 100.0 0
1747648950854 100.0 0
1747648950887 0.0 0
1747648950902 100.0 0
1747648950915 100.0 0
1747648950930 100.0 0
1747648950955 0.0 0
1747648950968 0.0 0
1747648950980 100.0 0
1747648950994 0.0 0
1747648951006 0.0 0
1747648951034 100.0 0
1747648951049 0.0 0
1747648951062 0.0 0
1747648951079 0.0 0
1747648951094 0.0 0
1747648951113 100.0 0
1747648951141 100.0 0
1747648951169 100.0 0
1747648951182 0.0 0
1747648951195 0.0 0
1747648951208 0.0 0
1747648951224 100.0 0
1747648951243 0.0 0
1747648951260 100.0 0
1747648951272 0.0 0
1747648951301 0.0 0
1747648951352 0.0 0
1747648951374 0.0 0
1747648951388 100.0 0
1747648951398 0.0 0
1747648951423 100.0 0
1747648951432 0.0 0
1747648951440 100.0 0
1747648951451 100.0 0
1747648951459 0.0 0
1747648951470 100.0 0
1747648951482 0.0 0
1747648951518 100.0 0
1747648951532 0.0 0
1747648951558 0.0 0
1747648951570 100.0 0
1747648951590 100.0 0
1747648951605 0.0 0
1747648951615 0.0 0
1747648951623 0.0 0
1747648951635 100.0 0
1747648951651 100.0 0
1747648951677 0.0 0
1747648951689 100.0 0
1747648951703 0.0 0
1747648951736 0.0 0
1747648951749 100.0 0
1747648951764 0.0 0
1747648951776 0.0 0
1747648951788 0.0 0
1747648951798 100.0 0
1747648951805 100.0 0
1747648951813 0.0 0
1747648951826 0.0 0
1747648951834 100.0 0
1747648951845 0.0 0
1747648951854 0.0 0
1747648951881 0.0 0
1747648951896 100.0 0
1747648951911 0.0 0
1747648951924 100.0 0
1747648951939 0.0 0
1747648951950 100.0 0
1747648951962 0.0 0
1747648951981 100.0 0
1747648951995 0.0 0
1747648952006 0.0 0
1747648952029 100.0 0
1747648952041 100.0 0
1747648952053 100.0 0
1747648952065 100.0 0
1747648952076 100.0 0
1747648952105 0.0 0
1747648952117 100.0 0
1747648952130 100.0 0
1747648952145 0.0 0
1747648952157 0.0 0
1747648952190 0.0 0
1747648952202 0.0 0
1747648952213 100.0 0
1747648952226 0.0 0
1747648952243 0.0 0
1747648952261 100.0 0
1747648952273 100.0 0
1747648952286 100.0 0
1747648952310 0.0 0
1747648952322 100.0 0
1747648952341 0.0 0
1747648952368 0.0 0
1747648952377 100.0 0
1747648952384 100.0 0
1747648952396 0.0 0
1747648952412 0.0 0
1747648952429 100.0 0
1747648952443 100.0 0
1747648952463 100.0 0
1747648952477 0.0 0
1747648952492 0.0 0
1747648952505 100.0 0
1747648952517 0.0 0
1747648952526 100.0 0
1747648952556 0.0 0
1747648952571 100.0 0
1747648952581 100.0 0
1747648952594 0.0 0
1747648952605 100.0 0
1747648952616 100.0 0
1747648952630 100.0 0
1747648952647 0.0 0
1747648952663 100.0 0
1747648952677 0.0 0
1747648952715 0.0 0
1747648952751 100.0 0
1747648952764 0.0 0
1747648952785 100.0 0
1747648952813 0.0 0
1747648952825 100.0 0
1747648952836 0.0 0
1747648952851 100.0 0
1747648952862 0.0 0
1747648952873 0.0 0
1747648952884 0.0 0
1747648952895 100.0 0
1747648952907 0.0 0
1747648952929 0.0 0
1747648952970 100.0 0
1747648952982 0.0 0
1747648953005 100.0 0
1747648953017 0.0 0
1747648953039 100.0 0
1747648953054 100.0 0
1747648953070 0.0 0
1747648953095 100.0 0
1747648953111 0.0 0
1747648953129 100.0 0
1747648953146 0.0 0
1747648953158 0.0 0
1747648953187 100.0 0
1747648953205 100.0 0
1747648953217 0.0 0
1747648953233 100.0 0
1747648953247 100.0 0
1747648953261 0.0 0
1747648953278 0.0 0
1747648953297 100.0 0
1747648953309 100.0 0
1747648953320 0.0 0
1747648953341 0.0 0
1747648953352 100.0 0
1747648953367 0.0 0
1747648953378 100.0 0
1747648953389 0.0 0
1747648953401 100.0 0
1747648953414 0.0 0
1747648953430 0.0 0
1747648953440 100.0 0
1747648953448 0.0 0
1747648953459 0.0 0
1747648953470 0.0 0
1747648953481 0.0 0
1747648953512 0.0 0
1747648953536 100.0 0
1747648953579 0.0 0
1747648953592 0.0 0
1747648953606 100.0 0
1747648953623 100.0 0
1747648953637 0.0 0
1747648953655 0.0 0
1747648953671 0.0 0
1747648953686 0.0 0
1747648953697 0.0 0
1747648953704 100.0 0
1747648953729 0.0 0
1747648953747 100.0 0
1747648953759 100.0 0
1747648953776 100.0 0
1747648953787 0.0 0
1747648953798 100.0 0
1747648953826 0.0 0
1747648953840 0.0 0
1747648953851 100.0 0
1747648953860 100.0 0
1747648953869 0.0 0
1747648953880 0.0 0
1747648953894 100.0 0
1747648953902 100.0 0
1747648953913 100.0 0
1747648953929 100.0 0
1747648953944 100.0 0
1747648953970 100.0 0
1747648953982 100.0 0
1747648953992 0.0 0
1747648954004 100.0 0
1747648954015 100.0 0
1747648954026 100.0 0
1747648954038 100.0 0
1747648954054 0.0 0
1747648954068 0.0 0
1747648954079 0.0 0
1747648954091 100.0 0
1747648954106 0.0 0
1747648954138 0.0 0
1747648954220 0.0 0
1747648954234 0.0 0
1747648954247 0.0 0
1747648954276 100.0 0
1747648954287 0.0 0
1747648954306 0.0 0
1747648954318 0.0 0
1747648954331 0.0 0
1747648954342 100.0 0
1747648954360 100.0 0
1747648954398 0.0 0
1747648954412 0.0 0
1747648954449 0.0 0
1747648954463 100.0 0
1747648954471 100.0 0
1747648954484 0.0 0
1747648954501 0.0 0
1747648954512 100.0 0
1747648954523 100.0 0
1747648954542 100.0 0
1747648954554 0.0 0
1747648954567 100.0 0
1747648954582 0.0 0
1747648954594 0.0 0
1747648954610 0.0 0
1747648954624 0.0 0
1747648954633 100.0 0
1747648954649 100.0 0
1747648954675 100.0 0
1747648954689 0.0 0
1747648954701 0.0 0
1747648954709 0.0 0
1747648954721 100.0 0
1747648954732 100.0 0
1747648954740 0.0 0
1747648954751 100.0 0
1747648954762 0.0 0
1747648954774 100.0 0
1747648954787 100.0 0
1747648954799 0.0 0
1747648954810 0.0 0
1747648954822 100.0 0
1747648954830 0.0 0
1747648954840 100.0 0
1747648954851 0.0 0
1747648954864 100.0 0
1747648955793 0.0 0
1747648955813 0.0 0
1747648955858 0.0 0
1747648955873 0.0 0
1747648955885 0.0 0
1747648955898 0.0 0
1747648955920 100.0 0
1747648955938 100.0 0
1747648955994 0.0 0
1747648956023 0.0 0
1747648956037 0.0 0
1747648956073 100.0 0
1747648956093 0.0 0
1747648956112 100.0 0
1747648956125 0.0 0
1747648956145 100.0 0
1747648956179 0.0 0
1747648956195 100.0 0
1747648956209 0.0 0
1747648956231 100.0 0
1747648956254 100.0 0
1747648956277 0.0 0
1747648956304 0.0 0
1747648956318 100.0 0
1747648956335 0.0 0
1747648956377 100.0 0
1747648956392 0.0 0
1747648956417 100.0 0
1747648956444 100.0 0
1747648956462 0.0 0
1747648956473 100.0 0
1747648956486 0.0 0
1747648956504 0.0 0
1747648956522 100.0 0
1747648956544 0.0 0
1747648956568 0.0 0
1747648956596 100.0 0
1747648956605 0.0 0
1747648956629 100.0 0
1747648956671 0.0 0
1747648956689 0.0 0
1747648956708 0.0 0
1747648956721 0.0 0
1747648956740 0.0 0
1747648956752 100.0 0
1747648956765 100.0 0
1747648956794 100.0 0
1747648956810 0.0 0
1747648956829 0.0 0
1747648956868 100.0 0
1747648956898 0.0 0
1747648956911 0.0 0
1747648956938 0.0 0
1747648956961 100.0 0
1747648956991 100.0 0
1747648957018 0.0 0
1747648957040 0.0 0
1747648957070 0.0 0
1747648957095 100.0 0
1747648957115 100.0 0
1747648957152 0.0 0
1747648957167 0.0 0
1747648957178 0.0 0
1747648957192 100.0 0
1747648957211 100.0 0
1747648957225 0.0 0
1747648957282 0.0 0
1747648957303 0.0 0
1747648957317 100.0 0
1747648957342 0.0 0
1747648957366 100.0 0
1747648957393 100.0 0
1747648957414 0.0 0
1747648957423 100.0 0
1747648957436 0.0 0
1747648957485 0.0 0
1747648957516 100.0 0
1747648957540 0.0 0
1747648957555 0.0 0
1747648957567 0.0 0
1747648957577 0.0 0
1747648957588 0.0 0
1747648957612 100.0 0
1747648957628 0.0 0
1747648957670 0.0 0
1747648957694 0.0 0
1747648957704 0.0 0
1747648957715 0.0 0
1747648957722 0.0 0
1747648957733 100.0 0
1747648957747 100.0 0
1747648957763 0.0 0
1747648957781 0.0 0
1747648957792 100.0 0
1747648957804 0.0 0
1747648957824 100.0 0
1747648957835 0.0 0
1747648957844 100.0 0
1747648957857 100.0 0
1747648957878 0.0 0
1747648957892 100.0 0
1747648957905 0.0 0
1747648957922 0.0 0
1747648957967 100.0 0
1747648957984 0.0 0
1747648958019 100.0 0
1747648958040 0.0 0
1747648958054 0.0 0
1747648958072 0.0 0
1747648958084 0.0 0
1747648958103 100.0 0
1747648958119 100.0 0
1747648958137 0.0 0
1747648958174 0.0 0
1747648958186 0.0 0
1747648958207 100.0 0
1747648958225 0.0 0
1747648958241 100.0 0
1747648958252 0.0 0
1747648958276 100.0 0
1747648958297 100.0 0
1747648958329 100.0 0
1747648958346 0.0 0
1747648958357 100.0 0
1747648958367 0.0 0
1747648958384 0.0 0
1747648958407 100.0 0
1747648958423 100.0 0
1747648958470 100.0 0
1747648958483 100.0 0
1747648958510 100.0 0
1747648958522 0.0 0
1747648958537 0.0 0
1747648958558 100.0 0
1747648958574 100.0 0
1747648958585 0.0 0
1747648958593 0.0 0
1747648958614 0.0 0
1747648958631 0.0 0
1747648958648 0.0 0
1747648958666 0.0 0
1747648958678 100.0 0
1747648958693 0.0 0
1747648958707 100.0 0
1747648958744 0.0 0
1747648958766 0.0 0
1747648958786 0.0 0
1747648958799 0.0 0
1747648958813 100.0 0
1747648958833 100.0 0
1747648958849 100.0 0
1747648958860 0.0 0
1747648958873 100.0 0
1747648958910 0.0 0
1747648958925 100.0 0
1747648958941 100.0 0
1747648958952 0.0 0
1747648958963 100.0 0
1747648958980 0.0 0
1747648958999 100.0 0
1747648959010 100.0 0
1747648959021 0.0 0
1747648959033 0.0 0
1747648959044 0.0 0
1747648959061 0.0 0
1747648959089 0.0 0
1747648959154 0.0 0
1747648959207 0.0 0
1747648959220 0.0 0
1747648959233 100.0 0
1747648959243 0.0 0
1747648959258 100.0 0
1747648959278 0.0 0
1747648959302 100.0 0
1747648959313 100.0 0
1747648959325 0.0 0
1747648959335 100.0 0
1747648959343 0.0 0
1747648959353 100.0 0
1747648959364 0.0 0
1747648959401 100.0 0
1747648959418 0.0 0
1747648959438 100.0 0
1747648959450 0.0 0
1747648959468 0.0 0
1747648959479 100.0 0
1747648959493 0.0 0
1747648959511 100.0 0
1747648959527 0.0 0
1747648959550 100.0 0
1747648959559 100.0 0
1747648959572 100.0 0
1747648959582 100.0 0
1747648959619 100.0 0
1747648959628 100.0 0
1747648959649 0.0 0
1747648959660 0.0 0
1747648959677 100.0 0
1747648959688 100.0 0
1747648959722 100.0 0
1747648959743 100.0 0
1747648959753 100.0 0
1747648959763 100.0 0
1747648959772 0.0 0
1747648959786 0.0 0
1747648959812 100.0 0
1747648959843 100.0 0
1747648959861 100.0 0
1747648959873 0.0 0
1747648959882 100.0 0
1747648959917 0.0 0
1747648959929 100.0 0
1747648959939 100.0 0
1747648959957 0.0 0
1747648959968 100.0 0
1747648959987 100.0 0
1747648960000 0.0 0
1747648960034 0.0 0
1747648960046 0.0 0
1747648960061 0.0 0
1747648960087 100.0 0
1747648960099 100.0 0
1747648960117 100.0 0
1747648960129 100.0 0
1747648960160 100.0 0
1747648960185 0.0 0
1747648960195 0.0 0
1747648960202 100.0 0
1747648960211 0.0 0
1747648960226 100.0 0
1747648960238 100.0 0
1747648960250 0.0 0
1747648960279 100.0 0
1747648960326 0.0 0
1747648960358 0.0 0
1747648960373 100.0 0
1747648960399 0.0 0
1747648960414 0.0 0
1747648960438 100.0 0
1747648960455 100.0 0
1747648960469 100.0 0
1747648960484 100.0 0
1747648960492 0.0 0
1747648960502 0.0 0
1747648960512 0.0 0
1747648960524 0.0 0
1747648960536 0.0 0
1747648960556 0.0 0
1747648960578 0.0 0
1747648960588 100.0 0
1747648960624 100.0 0
1747648960636 0.0 0
1747648960649 0.0 0
1747648960661 0.0 0
1747648960696 100.0 0
1747648960740 0.0 0
1747648960763 100.0 0
1747648960776 100.0 0
1747648960795 100.0 0
1747648960804 100.0 0
1747648960814 100.0 0
1747648960831 100.0 0
1747648960849 0.0 0
1747648960864 0.0 0
1747648960879 100.0 0
1747648960891 0.0 0
1747648960908 100.0 0
1747648960919 100.0 0
1747648960952 100.0 0
1747648960969 100.0 0
1747648961000 100.0 0
1747648961024 100.0 0
1747648961043 0.0 0
1747648961053 0.0 0
1747648961068 100.0 0
1747648961089 100.0 0
1747648961101 100.0 0
1747648961110 0.0 0
1747648961126 0.0 0
1747648961150 100.0 0
1747648961171 0.0 0
1747648961214 100.0 0
1747648961240 100.0 0
1747648961263 100.0 0
1747648961275 0.0 0
1747648961298 100.0 0
1747648961311 100.0 0
1747648961325 100.0 0
1747648961337 0.0 0
1747648961359 0.0 0
1747648961379 0.0 0
1747648961390 100.0 0
1747648961402 100.0 0
1747648961412 0.0 0
1747648961424 100.0 0
1747648961454 0.0 0
1747648961465 100.0 0
1747648961476 100.0 0
1747648961490 100.0 0
1747648961501 100.0 0
1747648961518 100.0 0
1747648961536 0.0 0
1747648961548 0.0 0
1747648961585 0.0 0
1747648961597 100.0 0
1747648961610 100.0 0
1747648961618 100.0 0
1747648961630 0.0 0
1747648961693 0.0 0
1747648961705 100.0 0
1747648961717 0.0 0
1747648961743 0.0 0
1747648961764 100.0 0
1747648961786 100.0 0
1747648961797 100.0 0
1747648961804 0.0 0
1747648961817 100.0 0
1747648961831 100.0 0
1747648961843 0.0 0
1747648961855 100.0 0
1747648961878 100.0 0
1747648961890 100.0 0
1747648961902 0.0 0
1747648961923 0.0 0
1747648961934 0.0 0
1747648961957 0.0 0
1747648961970 0.0 0
1747648961990 0.0 0
1747648962006 100.0 0
1747648962018 100.0 0
1747648962047 0.0 0
1747648962069 100.0 0
1747648962082 0.0 0
1747648962089 100.0 0
1747648962105 100.0 0
1747648962135 0.0 0
1747648962147 0.0 0
1747648962159 0.0 0
1747648962178 100.0 0
1747648962206 100.0 0
1747648962242 0.0 0
1747648962257 100.0 0
1747648962274 0.0 0
1747648962292 100.0 0
1747648962323 100.0 0
1747648962338 100.0 0
1747648962348 100.0 0
1747648962371 100.0 0
1747648962381 100.0 0
1747648962403 100.0 0
1747648962426 100.0 0
1747648962439 0.0 0
1747648962451 100.0 0
1747648962468 0.0 0
1747648962478 100.0 0
1747648962504 100.0 0
1747648962517 100.0 0
1747648962539 0.0 0
1747648962567 100.0 0
1747648962601 0.0 0
1747648962613 100.0 0
1747648962621 0.0 0
1747648962636 0.0 0
1747648962665 100.0 0
1747648962694 0.0 0
1747648962706 0.0 0
1747648962717 100.0 0
1747648962729 0.0 0
1747648962740 100.0 0
1747648962751 0.0 0
1747648962776 0.0 0
1747648962789 100.0 0
1747648962827 0.0 0
1747648962859 0.0 0
1747648962872 0.0 0
1747648962889 100.0 0
1747648962900 0.0 0
1747648962910 0.0 0
1747648962947 0.0 0
1747648962989 0.0 0
1747648963001 0.0 0
1747648963013 0.0 0
1747648963025 0.0 0
1747648963037 100.0 0
1747648963058 100.0 0
1747648963071 0.0 0
1747648963086 0.0 0
1747648963093 100.0 0
1747648963105 0.0 0
1747648963118 0.0 0
1747648963127 0.0 0
1747648963155 0.0 0
1747648963167 0.0 0
1747648963187 0.0 0
1747648963214 0.0 0
1747648963228 0.0 0
1747648963247 0.0 0
1747648963297 100.0 0
1747648963315 0.0 0
1747648963326 0.0 0
1747648963345 0.0 0
1747648963363 100.0 0
1747648963376 0.0 0
1747648963412 0.0 0
1747648963434 100.0 0
1747648963463 0.0 0
1747648963478 0.0 0
1747648963499 0.0 0
1747648963514 0.0 0
1747648963531 100.0 0
1747648963546 0.0 0
1747648963557 100.0 0
1747648963574 0.0 0
1747648963598 0.0 0
1747648963633 0.0 0
1747648963682 0.0 0
1747648963711 100.0 0
1747648963723 100.0 0
1747648963735 0.0 0
1747648963746 0.0 0
1747648963763 100.0 0
1747648963774 100.0 0
1747648963788 100.0 0
1747648963797 0.0 0
1747648963809 0.0 0
1747648963832 0.0 0
1747648963845 100.0 0
1747648963861 100.0 0
1747648963869 0.0 0
1747648963914 100.0 0
1747648963931 0.0 0
1747648963948 100.0 0
1747648963970 0.0 0
1747648963998 0.0 0
1747648964007 100.0 0
1747648964056 0.0 0
1747648964093 100.0 0
1747648964128 100.0 0
1747648964142 100.0 0
1747648964155 0.0 0
1747648964169 0.0 0
1747648964180 100.0 0
1747648964200 0.0 0
1747648964214 0.0 0
1747648964241 0.0 0
1747648964266 0.0 0
1747648964279 0.0 0
1747648964291 0.0 0
1747648964324 0.0 0
1747648964336 0.0 0
1747648964347 100.0 0
1747648964383 100.0 0
1747648964393 100.0 0
1747648964418 100.0 0
1747648964430 100.0 0
1747648964443 100.0 0
1747648964462 0.0 0
1747648964483 0.0 0
1747648964509 0.0 0
1747648964522 100.0 0
1747648964534 100.0 0
1747648964549 0.0 0
1747648964566 100.0 0
1747648964579 100.0 0
1747648964612 0.0 0
1747648964626 100.0 0
1747648964644 100.0 0
1747648964669 0.0 0
1747648964702 0.0 0
1747648964714 100.0 0
1747648964725 100.0 0
1747648964749 0.0 0
1747648964772 100.0 0
1747648964784 100.0 0
1747648964796 100.0 0
1747648964811 100.0 0
1747648964831 100.0 0
1747648964865 0.0 0
1747648964898 0.0 0
1747648964910 100.0 0
1747648964922 100.0 0
1747648964938 0.0 0
1747648964955 100.0 0
1747648964979 0.0 0
1747648964993 0.0 0
1747648965006 0.0 0
1747648965018 100.0 0
1747648965029 0.0 0
1747648965060 0.0 0
1747648965087 100.0 0
1747648965111 0.0 0
1747648965150 0.0 0
1747648965168 0.0 0
1747648965178 100.0 0
1747648965195 0.0 0
1747648965205 100.0 0
1747648965231 100.0 0
1747648965269 0.0 0
1747648965286 0.0 0
1747648965298 0.0 0
1747648965315 0.0 0
1747648965347 100.0 0
1747648965363 0.0 0
1747648965384 0.0 0
1747648965399 0.0 0
1747648965410 100.0 0
1747648965432 0.0 0
1747648965466 100.0 0
1747648965477 0.0 0
1747648965507 0.0 0
1747648965534 100.0 0
1747648965550 100.0 0
1747648965563 100.0 0
1747648965581 0.0 0
1747648965595 0.0 0
1747648965609 100.0 0
1747648965621 0.0 0
1747648965655 0.0 0
1747648965697 100.0 0
1747648965721 0.0 0
1747648965739 0.0 0
1747648965750 0.0 0
1747648965764 0.0 0
1747648965776 0.0 0
1747648965787 0.0 0
1747648965813 0.0 0
1747648965832 0.0 0
1747648965844 100.0 0
1747648965854 100.0 0
1747648965889 100.0 0
1747648965908 0.0 0
1747648965923 100.0 0
1747648965950 0.0 0
1747648965992 0.0 0
1747648966004 100.0 0
1747648966025 0.0 0
1747648966053 100.0 0
1747648966068 0.0 0
1747648966080 100.0 0
1747648966108 0.0 0
1747648966123 0.0 0
1747648966146 100.0 0
1747648966160 0.0 0
1747648966172 0.0 0
1747648966209 0.0 0
1747648966221 100.0 0
1747648966232 0.0 0
1747648966241 0.0 0
1747648966257 0.0 0
1747648966291 100.0 0
1747648966318 0.0 0
1747648966329 0.0 0
1747648966338 0.0 0
1747648966350 100.0 0
1747648966371 100.0 0
1747648966384 100.0 0
1747648966440 0.0 0
1747648966454 100.0 0
1747648966472 0.0 0
1747648966554 100.0 0
1747648966568 0.0 0
1747648966578 100.0 0
1747648966587 0.0 0
1747648966598 100.0 0
1747648966610 0.0 0
1747648966632 0.0 0
1747648966642 0.0 0
1747648966657 0.0 0
1747648966666 0.0 0
1747648966710 100.0 0
1747648966729 0.0 0
1747648966779 0.0 0
1747648966792 100.0 0
1747648966803 0.0 0
1747648966815 0.0 0
1747648966826 100.0 0
1747648966860 100.0 0
1747648966885 0.0 0
1747648966935 100.0 0
1747648966959 0.0 0
1747648966980 100.0 0
1747648966992 100.0 0
1747648967003 100.0 0
1747648967010 0.0 0
1747648967038 100.0 0
1747648967050 0.0 0
1747648967059 0.0 0
1747648967076 100.0 0
1747648967092 0.0 0
1747648967109 100.0 0
1747648967122 100.0 0
1747648967149 0.0 0
1747648967162 0.0 0
1747648967170 0.0 0
1747648967181 0.0 0
1747648967193 100.0 0
1747648967203 0.0 0
1747648967215 100.0 0
1747648967241 0.0 0
1747648967260 0.0 0
1747648967276 0.0 0
1747648967288 0.0 0
1747648967301 100.0 0
1747648967319 100.0 0
1747648967336 0.0 0
1747648967347 0.0 0
1747648967360 0.0 0
1747648967372 100.0 0
1747648967390 0.0 0
1747648967403 100.0 0
1747648967413 0.0 0
1747648967425 100.0 0
1747648967441 0.0 0
1747648967468 0.0 0
1747648967491 0.0 0
1747648967510 0.0 0
1747648967564 0.0 0
1747648967597 100.0 0
1747648967610 0.0 0
1747648967642 100.0 0
1747648967667 0.0 0
1747648967688 0.0 0
1747648967701 0.0 0
1747648967713 0.0 0
1747648967726 100.0 0
1747648967737 100.0 0
1747648967753 100.0 0
1747648967761 0.0 0
1747648967775 100.0 0
1747648967786 0.0 0
1747648967797 100.0 0
1747648967813 0.0 0
1747648967822 100.0 0
1747648967837 100.0 0
1747648967845 0.0 0
1747648967861 100.0 0
1747648967869 0.0 0
1747648967899 100.0 0
1747648967912 100.0 0
1747648967953 100.0 0
1747648967961 100.0 0
1747648967972 100.0 0
1747648967987 100.0 0
1747648968006 100.0 0
1747648968018 100.0 0
1747648968032 100.0 0
1747648968058 100.0 0
1747648968089 100.0 0
1747648968143 0.0 0
1747648968158 100.0 0
1747648968171 100.0 0
1747648968198 0.0 0
1747648968220 0.0 0
1747648968249 0.0 0
1747648968260 0.0 0
1747648968272 100.0 0
1747648968290 100.0 0
1747648968320 0.0 0
1747648968341 100.0 0
1747648968353 100.0 0
1747648968364 0.0 0
1747648968376 100.0 0
1747648968387 0.0 0
1747648968453 100.0 0
1747648968465 0.0 0
1747648968487 100.0 0
1747648968508 0.0 0
1747648968518 100.0 0
1747648968543 0.0 0
1747648968560 100.0 0
1747648968576 100.0 0
1747648968607 0.0 0
1747648968626 0.0 0
1747648968636 100.0 0
1747648968645 0.0 0
1747648968655 0.0 0
1747648968667 0.0 0
1747648968684 0.0 0
1747648968726 0.0 0
1747648968747 0.0 0
1747648968771 100.0 0
1747648968781 100.0 0
1747648968797 0.0 0
1747648968819 0.0 0
1747648968832 100.0 0
1747648968873 0.0 0
1747648968917 100.0 0
1747648968945 0.0 0
1747648968965 0.0 0
1747648968978 100.0 0
1747648968993 100.0 0
1747648969010 100.0 0
1747648969025 0.0 0
1747648969036 100.0 0
1747648969049 100.0 0
1747648969067 0.0 0
1747648969082 100.0 0
1747648969099 0.0 0
1747648969112 0.0 0
1747648969138 100.0 0
1747648969151 100.0 0
1747648969164 0.0 0
1747648969199 0.0 0
1747648969209 100.0 0
1747648969239 0.0 0
1747648969294 100.0 0
1747648969310 0.0 0
1747648969328 0.0 0
1747648969358 0.0 0
1747648969373 100.0 0
1747648969405 100.0 0
1747648969418 100.0 0
1747648969431 0.0 0
1747648969438 0.0 0
1747648969450 100.0 0
1747648969478 0.0 0
1747648969488 0.0 0
1747648969520 100.0 0
1747648969533 0.0 0
1747648969546 0.0 0
1747648969564 0.0 0
1747648969579 100.0 0
1747648969612 0.0 0
1747648969635 100.0 0
1747648969644 100.0 0
1747648969655 0.0 0
1747648969671 0.0 0
1747648969682 0.0 0
1747648969690 0.0 0
1747648969716 0.0 0
1747648969732 0.0 0
1747648969744 0.0 0
1747648969767 0.0 0
1747648969792 100.0 0
1747648969842 0.0 0
1747648969866 0.0 0
1747648969883 0.0 0
1747648969895 0.0 0
1747648969903 100.0 0
1747648969914 100.0 0
1747648969930 0.0 0
1747648969940 100.0 0
1747648969951 0.0 0
1747648969963 0.0 0
1747648970001 0.0 0
1747648970017 100.0 0
1747648970045 0.0 0
1747648970069 0.0 0
1747648970085 0.0 0
1747648970096 0.0 0
1747648970106 100.0 0
1747648970115 100.0 0
1747648970131 0.0 0
1747648970145 0.0 0
1747648970190 100.0 0
1747648970207 0.0 0
1747648970239 100.0 0
1747648970256 100.0 0
1747648970268 0.0 0
1747648970312 0.0 0
1747648970329 100.0 0
1747648970371 0.0 0
1747648970411 100.0 0
1747648970454 100.0 0
1747648970475 100.0 0
1747648970492 100.0 0
1747648970518 0.0 0
1747648970545 0.0 0
1747648970558 100.0 0
1747648970606 0.0 0
1747648970627 100.0 0
1747648970665 100.0 0
1747648970696 0.0 0
1747648970717 0.0 0
1747648970749 0.0 0
1747648970760 0.0 0
1747648970791 100.0 0
1747648970805 0.0 0
1747648970863 0.0 0
1747648970875 100.0 0
1747648970901 0.0 0
1747648970920 100.0 0
1747648970928 100.0 0
1747648970940 0.0 0
1747648970955 100.0 0
1747648970967 100.0 0
1747648971005 0.0 0
1747648971026 0.0 0
1747648971038 0.0 0
1747648972131 0.0 0
1747648972162 0.0 0
1747648972171 0.0 0
1747648972203 100.0 0
1747648972218 100.0 0
1747648972244 0.0 0
1747648972263 100.0 0
1747648972308 0.0 0
1747648972321 100.0 0
1747648972360 0.0 0
1747648972374 0.0 0
1747648972383 100.0 0
1747648972411 100.0 0
1747648972427 100.0 0
1747648972439 0.0 0
1747648972481 0.0 0
1747648972504 0.0 0
1747648972525 0.0 0
1747648972550 100.0 0
1747648972562 100.0 0
1747648972597 100.0 0
1747648972609 0.0 0
1747648972621 100.0 0
1747648972648 0.0 0
1747648972663 100.0 0
1747648972688 0.0 0
1747648972700 0.0 0
1747648972725 100.0 0
1747648972751 100.0 0
1747648972763 100.0 0
1747648972820 100.0 0
1747648972835 0.0 0
1747648972859 0.0 0
1747648972877 0.0 0
1747648972888 0.0 0
1747648972970 0.0 0
1747648973008 100.0 0
1747648973024 0.0 0
1747648973059 0.0 0
1747648973074 0.0 0
1747648973138 0.0 0
1747648973158 0.0 0
1747648973184 0.0 0
1747648973210 0.0 0
1747648973297 100.0 0
1747648973336 0.0 0
1747648973355 100.0 0
1747648973417 0.0 0
1747648973452 0.0 0
1747648973494 0.0 0
1747648973513 100.0 0
1747648973525 0.0 0
1747648973541 100.0 0
1747648973599 100.0 0
1747648973682 0.0 0
1747648973697 100.0 0
1747648973718 100.0 0
1747648973736 0.0 0
1747648973777 0.0 0
1747648973828 0.0 0
1747648973875 100.0 0
1747648973909 0.0 0
1747648973928 0.0 0
1747648973963 0.0 0
1747648974010 100.0 0
1747648974029 0.0 0
1747648974068 0.0 0
1747648974081 0.0 0
1747648974098 0.0 0
1747648974109 100.0 0
1747648974138 0.0 0
1747648974149 100.0 0
1747648974209 0.0 0
1747648974229 100.0 0
1747648974245 0.0 0
1747648974260 0.0 0
1747648974274 100.0 0
1747648974282 0.0 0
1747648974300 100.0 0
1747648974319 100.0 0
1747648974346 0.0 0
1747648974358 0.0 0
1747648974396 100.0 0
1747648974487 100.0 0
1747648974502 100.0 0
1747648974568 0.0 0
1747648974580 0.0 0
1747648974606 100.0 0
1747648974615 0.0 0
1747648974649 100.0 0
1747648974667 0.0 0
1747648974677 100.0 0
1747648974686 100.0 0
1747648974710 0.0 0
1747648974725 0.0 0
1747648974743 100.0 0
1747648974761 100.0 0
1747648974778 0.0 0
1747648974806 100.0 0
1747648974863 0.0 0
1747648974891 100.0 0
1747648974906 0.0 0
1747648974918 100.0 0
1747648974947 100.0 0
1747648974973 0.0 0
1747648974988 0.0 0
1747648975042 0.0 0
1747648975071 0.0 0
1747648975110 0.0 0
1747648975159 100.0 0
1747648975178 0.0 0
1747648975213 100.0 0
1747648975229 100.0 0
1747648975270 0.0 0
1747648975304 0.0 0
1747648975318 100.0 0
1747648975338 0.0 0
1747648975358 100.0 0
1747648975382 100.0 0
1747648975406 100.0 0
1747648975424 0.0 0
1747648975487 0.0 0
1747648975498 0.0 0
1747648975526 100.0 0
1747648975567 100.0 0
1747648975580 0.0 0
1747648975607 100.0 0
1747648975646 100.0 0
1747648975661 0.0 0
1747648975698 0.0 0
1747648975710 100.0 0
1747648975722 100.0 0
1747648975731 100.0 0
1747648975742 100.0 0
1747648975766 0.0 0
1747648975799 100.0 0
1747648975818 100.0 0
1747648975866 100.0 0
1747648975875 0.0 0
1747648975882 100.0 0
1747648975899 100.0 0
1747648975926 0.0 0
1747648975939 0.0 0
1747648975957 100.0 0
1747648975979 100.0 0
1747648976019 100.0 0
1747648976054 100.0 0
1747648976074 0.0 0
1747648976095 100.0 0
1747648976123 0.0 0
1747648976133 100.0 0
1747648976172 0.0 0
1747648976193 0.0 0
1747648976224 100.0 0
1747648976263 100.0 0
1747648976294 0.0 0
1747648976326 0.0 0
1747648976357 0.0 0
1747648976391 0.0 0
1747648976415 0.0 0
1747648976447 100.0 0
1747648976523 100.0 0
1747648976541 0.0 0
1747648976580 0.0 0
1747648976624 100.0 0
1747648976682 100.0 0
1747648976691 0.0 0
1747648976715 0.0 0
1747648976726 0.0 0
1747648976758 0.0 0
1747648976775 0.0 0
1747648976783 0.0 0
1747648976794 100.0 0
1747648976822 100.0 0
1747648976832 0.0 0
1747648976845 0.0 0
1747648976863 0.0 0
1747648976876 0.0 0
1747648976893 100.0 0
1747648976905 100.0 0
1747648976920 0.0 0
1747648976948 100.0 0
1747648976965 100.0 0
1747648976979 100.0 0
1747648977002 0.0 0
1747648977015 100.0 0
1747648977024 100.0 0
1747648977043 100.0 0
1747648977068 100.0 0
1747648977090 0.0 0
1747648977106 0.0 0
1747648977139 0.0 0
1747648977152 100.0 0
1747648977166 0.0 0
1747648977208 0.0 0
1747648977220 100.0 0
1747648977240 100.0 0
1747648977293 0.0 0
1747648977329 0.0 0
1747648977361 0.0 0
1747648977372 0.0 0
1747648977384 100.0 0
1747648977398 100.0 0
1747648977411 0.0 0
1747648977423 0.0 0
1747648977449 100.0 0
1747648977464 100.0 0
1747648977498 0.0 0
1747648977541 100.0 0
1747648977554 0.0 0
1747648977563 0.0 0
1747648977617 100.0 0
1747648977653 100.0 0
1747648977667 0.0 0
1747648977682 0.0 0
1747648977710 100.0 0
1747648977737 0.0 0
1747648977749 0.0 0
1747648977759 0.0 0
1747648977778 0.0 0
1747648977790 100.0 0
1747648977802 0.0 0
1747648977811 100.0 0
1747648977828 0.0 0
1747648977846 100.0 0
1747648977863 0.0 0
1747648977932 100.0 0
1747648977953 100.0 0
1747648978059 0.0 0
1747648978084 100.0 0
1747648978104 100.0 0
1747648978117 100.0 0
1747648978138 100.0 0
1747648978177 100.0 0
1747648978194 100.0 0
1747648978202 0.0 0
1747648978210 0.0 0
1747648978223 0.0 0
1747648978253 100.0 0
1747648978272 0.0 0
1747648978319 100.0 0
1747648978340 0.0 0
1747648978403 0.0 0
1747648978416 0.0 0
1747648978452 0.0 0
1747648978464 100.0 0
1747648978482 0.0 0
